6.825 0.9984938625476066 -0.49943266015432913
6.898 0.9984938625476066 -0.49943266015432913
6.996 0.9997779783194249 -0.49945887834939523
7.093 1.0023955436383265 -0.4994850171433823
7.18 1.00617214401172 -0.49950908116071024
7.275 1.013405598743904 -0.49950022254425314
7.365 1.0197018042370396 -0.499434498389221
7.395 1.0233017904344444 -0.4994245295129534
7.426 1.02647688114524 -0.49938820703071113
7.452 1.0306368558498835 -0.49937369990398234
7.479 1.0354968262980968 -0.49935675167419824
7.506 1.0411872833683233 -0.4993903517699284
7.535 1.046987262208987 -0.4993746849944749
7.565 1.0529872403200187 -0.4993584779853851
7.595 1.05898721843105 -0.49934227097629524
7.632 1.0665684737761314 -0.49938096329687026
7.656 1.0713684623920623 -0.4993705092577496
7.6850000000000005 1.0771684486363122 -0.49935787729381215
7.714 1.0829504694136702 -0.4993937138186741
7.743 1.08875046003201 -0.49938328179247987
7.773 1.0947504503268441 -0.49937249004124445
7.805 1.1013110072099448 -0.4994282568327035
7.836 1.1075110014034197 -0.4994197714994884
7.86 1.1123109969080454 -0.4994132022092574
7.893 1.1189109907269055 -0.4994041694351897
7.92 1.1216173814376251 -0.49947430874992754
7.959 1.1294173730278576 -0.4994628548291458
7.979 1.1334173687151565 -0.49945698102361674
8.01 1.1371933981583915 -0.49949003747669696
8.038 1.1427933926031941 -0.4994821496264413
8.067 1.1485933868495966 -0.4994739800672479
8.097 1.154593380897599 -0.4994655287991169
8.125 1.1582959901554977 -0.4994987839371435
8.155 1.164295985649077 -0.4994914302289476
8.177 1.1686959823443688 -0.49948603750960396
8.197 1.1726959793400884 -0.4994811350374734
8.227 1.1770293347334797 -0.49954214533613467
8.251 1.1818293308806125 -0.4995360636004812
8.282 1.1880293259039927 -0.49952820802526215
8.313 1.1928839459200957 -0.49956817543753684
8.343 1.1988839417100543 -0.4995610676616409
8.372 1.2046839376403478 -0.4995541968116081
8.402 1.209722570111974 -0.49965003015704246
8.434 1.216122567194588 -0.49964391930324253
8.458 1.2209225650065485 -0.4996393361628926
8.493 1.2279225618156575 -0.4996326524165489
8.507 1.229477436721574 -0.49966750349597266
8.537 1.235477433091144 -0.4996609031058346
8.568 1.241677429339699 -0.49965408270269196
8.597 1.2474774258302832 -0.4996477023255585
8.628 1.2512525834536807 -0.4996521766744491
8.661 1.2578525794278639 -0.49964488690312253
8.686 1.2628525763780027 -0.49963936434908723
8.716 1.26679223375331 -0.4996418236121825
8.741 1.2717922305364802 -0.49963615190269633
8.763 1.2761922277056699 -0.4996311607983485
8.785 1.2805922248748596 -0.4996261696940007
8.816 1.285105977293027 -0.49962559413300656
8.845 1.2909059732770412 -0.4996187687818557
8.873 1.2965059693995373 -0.499612178787641
8.904 1.300353922114174 -0.4996363748643136
8.933 1.3061539181038897 -0.4996295543598093
8.963000000000001 1.31215391395532 -0.4996224986654945
8.993 1.3181539098067498 -0.4996154429711797
9.024 1.3223505892980316 -0.4995986506614194
9.052 1.3279505846296096 -0.4995914197343807
9.081 1.333750579794458 -0.49958393055994776
9.102 1.3356057419305163 -0.49972301080122394
9.125 1.3402057339629638 -0.49971444917645497
9.152 1.34560572460975 -0.4997043985734653
9.183 1.351805713870875 -0.49969285899225496
9.208 1.3546904053939983 -0.4997701086045228
9.234 1.3598903919405179 -0.49975827999451916
9.265 1.36609037589983 -0.4997441766518225
9.292 1.3714903619289078 -0.4997318930952803
9.319 1.3751329497716958 -0.49978419975878646
9.347 1.380732933314649 -0.4997706233582731
9.377 1.3867329156820993 -0.4997560772148659
9.406 1.3910247743375728 -0.49979698785852655
9.437 1.3972247560821116 -0.4997819423481228
9.459 1.401624743126623 -0.4997712648891266
9.49 1.4078247248711622 -0.49975621937872283
9.533 1.4151617617408918 -0.49978676529290467
9.552 1.4189617517235884 -0.49977803996163905
9.582 1.4249617359067936 -0.4997642631227986
9.611 1.4296584781078883 -0.4997791149992868
9.643 1.4360584628324828 -0.4997651319753887
9.671 1.4416584494665028 -0.4997528968294779
9.703 1.4470866996715481 -0.4997636292888557
9.732 1.4528866872115715 -0.49975160699403304
9.762 1.4588866743219409 -0.49973917013731994
9.794 1.4652866605730013 -0.499725904156826
9.82 1.4696614861771862 -0.49973528931415373
9.849 1.475461475048289 -0.4997239273124449
9.88 1.4816614631518819 -0.4997117817244114
9.919 1.488745992891842 -0.4997125238686186
9.939 1.4927459858406595 -0.49970501324879585
9.968 1.498545975616445 -0.4996941228500529
9.997 1.5043459653922304 -0.4996832324513099
10.017 1.5077624309151854 -0.4996882599936768
10.043 1.5129624217775126 -0.49967851157258897
10.069 1.51816241263984 -0.49966876315150116
10.1 1.5243624017449222 -0.4996571400340503
10.129 1.5296672092890569 -0.49964271350940825
10.157 1.5352671993079228 -0.4996321404963868
10.186 1.5410671889703194 -0.49962118987575743
10.218 1.5469702072758036 -0.49959848995830586
10.245 1.5523701975616875 -0.4995882472848785
10.275 1.5583701867682254 -0.49957686653662586
10.301 1.563132097243574 -0.49960145829347563
10.33 1.5689320888050005 -0.49959156448817693
10.361 1.5751320797844564 -0.49958098835147835
10.39 1.5809320713458828 -0.49957109454617965
10.436 1.5897750277028249 -0.4995932449324065
10.45 1.592575024418615 -0.49958895639370965
10.482 1.5989750169118497 -0.49957915401954556
10.512 1.6046860557095832 -0.49960605370550654
10.54 1.6102860503233418 -0.49959828673228573
10.571 1.6164860443600033 -0.4995896875833627
10.601 1.6222594958417518 -0.4996258449262349
10.633 1.6286594909671706 -0.4996179459002291
10.661 1.6342594867019125 -0.49961103425247405
10.689 1.6398594824366544 -0.499604122604719
10.724 1.6466846810254523 -0.4996496463023975
10.749 1.6516846780809438 -0.49964421997065406
10.778 1.657484674665314 -0.49963792542583163
10.81 1.6637445685985242 -0.49969085086006004
10.838000000000001 1.669344566369637 -0.49968585450802167
10.867 1.6751445640611464 -0.4996806797148391
10.897 1.6811445616730527 -0.49967532648051227
10.93 1.6876027199982548 -0.4996973949427881
10.954 1.6924027185874815 -0.4996937148037957
10.982 1.6980027169415788 -0.49968942130830457
11.001 1.7017383714585752 -0.4997420205735764
11.027 1.7069383706617536 -0.49973914186842155
11.059 1.7133383696810502 -0.49973559884669244
11.088 1.7191383687922877 -0.4997323879832504
11.118 1.7249600343542655 -0.49974816689850554
11.148 1.7309600336126851 -0.4997451837857438
11.177 1.7367600328958244 -0.4997423001100741
11.212 1.7441924639875281 -0.4999428219030851
11.237 1.7491924639670595 -0.4999432743271655
11.267 1.755192463942497 -0.49994381723606196
11.294 1.760592463920391 -0.4999443058540688
11.392 1.7799998399971333 -0.49994309349149574
11.489 1.799086856847448 -0.4999478388177542
11.583 1.8176358097479675 -0.4999587439432987
11.683 1.8372783185919839 -0.4999713906178966
11.782 1.8582672762548667 -0.5001434191629295
11.881 1.8757763164217014 -0.5001523873606243
11.98 1.8909204092723246 -0.5001032412468894
12.074 1.9040208678550812 -0.5000974219734348
12.175 1.9162152543529327 -0.5000917367296535
12.275 1.9263796316225978 -0.5000923448032679
12.372 1.9342522596098037 -0.5000932514652766
12.405 1.9363687310566193 -0.5000830544578758
12.493 1.9398886984825274 -0.5000952758068533
12.582 1.9419981337451784 -0.5000587592748942
12.672 1.9424731289515966 -0.4999758337525026
12.756 1.94312067415359 -0.4998655217880239
12.854 1.9441026195562099 -0.49978599941713014
12.877 1.9441026195562099 -0.49978599941713014
12.9 1.9441026195562099 -0.49978599941713014
12.926 1.9453336978131253 -0.49973517157690095
12.952 1.9453336978131253 -0.49973517157690095
12.977 1.9453336978131253 -0.49973517157690095
13.001 1.9468316531393064 -0.49963325662586106
13.029 1.9468316531393064 -0.49963325662586106
13.059 1.9468316531393064 -0.49963325662586106
13.09 1.9468316531393064 -0.49963325662586106
13.143 1.9427733430498602 -0.4994991506476205
13.153 1.9427733430498602 -0.4994991506476205
13.182 1.9427733430498602 -0.4994991506476205
13.213 1.9420429651402402 -0.49969824582056444
13.242 1.9420429651402402 -0.49969824582056444
13.271 1.9420429651402402 -0.49969824582056444
13.3 1.9420429651402402 -0.49969824582056444
13.322 1.936857980012018 -0.49919325360287975
13.35 1.936857980012018 -0.49919325360287975
13.376 1.936857980012018 -0.49919325360287975
13.4 1.936857980012018 -0.49919325360287975
13.428 1.9334325107851713 -0.4989366220305006
13.45 1.9334325107851713 -0.4989366220305006
13.477 1.9334325107851713 -0.4989366220305006
13.505 1.930358062840578 -0.4986544027417763
13.534 1.930358062840578 -0.4986544027417763
13.562 1.930358062840578 -0.4986544027417763
13.591 1.930358062840578 -0.4986544027417763
13.622 1.9295079340341914 -0.4985831386436401
13.64 1.9295079340341914 -0.4985831386436401
13.671 1.9295079340341914 -0.4985831386436401
13.701 1.927851960059062 -0.4980865403961447
13.731 1.927851960059062 -0.4980865403961447
13.829 1.9267901683803763 -0.49781686465580366
13.921 1.9265681170398998 -0.4980474375398477
13.922 1.9265681170398998 -0.4980474375398477
14.02 1.9276203266556853 -0.5006860662628128
14.116 1.9222559210601913 -0.4986876875757898
14.21 1.9167454930343903 -0.4970262036416747
14.306 1.9154202199044448 -0.5024558156651742
14.403 1.9172480742194775 -0.5088781410931893
14.432 1.9182957896189978 -0.5121966583289839
14.463 1.9195591066857267 -0.5163487053219398
14.492 1.9208761996767794 -0.520797840709669
14.531 1.9309641548589034 -0.5314232363510518
14.546 1.9319057753454087 -0.5342716307864123
14.574 1.9336634669202188 -0.5395886337324188
14.613 1.952159661661492 -0.5585150033510089
14.631 1.9533319179294575 -0.5619187975930595
14.662 1.9553508037242868 -0.567780887676591
14.692 1.9573045641708957 -0.5734538780800083
14.732 1.9688263308434457 -0.5862729986080588
14.749 1.9699106268821291 -0.5894954669322627
14.771 1.9713138335204252 -0.5936657200577028
14.792 1.9726532580387985 -0.5976464162228954
14.816 1.9786573941495376 -0.6027569724844091
14.838000000000001 1.9800093429897214 -0.6069441235843248
14.865 1.9816685529299471 -0.6120828999342213
14.896 1.9835735717502063 -0.6179829764841026
14.928 1.9886207718380375 -0.6237156822646112
14.956 1.990264442428042 -0.6290690314024454
14.986 1.9920255180601898 -0.634804762621554
15.078 1.9995353338679362 -0.6519354413308603
15.167 2.005650111066042 -0.6675472444848327
15.255 2.0112699599094483 -0.6830260078691179
15.349 2.016553010362334 -0.6993470502156658
15.429 2.0210130414058685 -0.7134051663955793
15.521 2.02546084394587 -0.7282848957814086
15.624 2.029766316997159 -0.7434636743227039
15.718 2.0333626366120563 -0.75572706723012
15.803 2.036367269866811 -0.7652741033257142
15.895 2.038042804323204 -0.774320239754347
15.963000000000001 2.0401001618373305 -0.7793249784180569
16.061 2.042867555015959 -0.7887312883340838
16.16 2.0459339375842496 -0.8001979940431939
16.259 2.049220415665468 -0.8136411844802336
16.348 2.052523529230585 -0.8274594353724224
16.428 2.055754390746986 -0.8413585086350064
16.456 2.0567436088325723 -0.84687044546149
16.486 2.057803485352843 -0.8527760920612945
16.52 2.059644519982578 -0.8591800080664741
16.54 2.0603510590138443 -0.8631171139321192
16.571 2.061446194512307 -0.8692196280238697
16.603 2.0632025004373475 -0.8753566798874922
16.63 2.0641562537499167 -0.8806717861534814
16.659 2.0651806554560097 -0.8863806039947296
16.691 2.066311029752388 -0.8926799891988656
16.739 2.0685845257096567 -0.90190911053266
16.75 2.068973062049967 -0.9040745295480603
16.772 2.069750134730588 -0.908405367578861
16.803 2.0713865297308742 -0.9143810342306042
16.837 2.0725874441518037 -0.9210741504370958
16.867 2.0736470745232123 -0.9269798412075301
16.895 2.07463606286986 -0.9324918192599349
16.93 2.076377777596685 -0.9391955006708409
16.954 2.07722540943725 -0.9439200662871554
16.983 2.0782496312445997 -0.9496289164068686
17.013 2.079795021910464 -0.9553674834703031
17.044 2.08089024662198 -0.9614699815515222
17.068 2.0817381625276696 -0.9661944961950469
17.096 2.082727397750974 -0.9717064299458253
17.128 2.084471527613452 -0.9778949200397474
17.15 2.085248403925641 -0.982225793299906
17.178 2.0862371555957 -0.987737813812836
17.202 2.087507534829938 -0.9923765967772689
17.231 2.0885319014011254 -0.9980854209230833
17.264 2.089697559913166 -1.0045816690890095
17.289 2.0905806345435005 -1.009503069214712
17.314 2.09186349263464 -1.0143303909643047
17.337 2.0926759436510056 -1.0188580750683478
17.364 2.0936296904963045 -1.0241731824948337
17.382 2.094265521726504 -1.0277165874458243
17.408 2.0955755218981476 -1.0327333557800946
17.438 2.0966356841458005 -1.0386389510937482
17.467 2.0976605076518653 -1.0443476932302802
17.494 2.098614653674753 -1.0496627290125689
17.516 2.0998566016499387 -1.0539553428518678
17.546 2.1009159222619513 -1.0598610891925913
17.574 2.10190462149983 -1.0653731191106
17.6 2.1028226993635744 -1.0704914326058934
17.624 2.104015522275363 -1.0751125665702204
17.653 2.1050399823796613 -1.0808213739320693
17.683 2.106099768694453 -1.086727036720189
17.711 2.107449923359782 -1.0923891744246976
17.741 2.1085085164493127 -1.0982950512157255
17.77 2.1095318231025257 -1.104004065447052
17.797 2.1104845568831037 -1.109319354558977
17.83 2.1119921394611 -1.1159946545119521
17.854 2.1128386218480046 -1.1207194262068239
17.881 2.1137909145332725 -1.1260347943635547
17.908 2.1150641080966404 -1.131488817091167
17.937 2.116086289648973 -1.1371980328756746
17.968 2.1171789664807763 -1.1433009876798033
17.997 2.118201148033109 -1.1490102034643108
18.031 2.1197116867725185 -1.1558087050261385
18.052 2.1204517266499696 -1.1599429934751686
18.084 2.1215794064632285 -1.166242861587976
18.138 2.123780229787549 -1.1769306584876644
18.144 2.1239915908257183 -1.1781118978840368
18.172 2.1249779423371766 -1.183624348400445
18.2 2.125964293848635 -1.1891367989168524
18.22 2.127154948265303 -1.1938496068692113
18.251 2.1282426603122384 -1.1999534484876477
18.281 2.1292952848737885 -1.2058603919893596
18.307 2.130670224720297 -1.2116703014670733
18.333 2.1315803013594614 -1.216790043697972
18.363 2.132630389789267 -1.2226974385797782
18.394 2.1337154811667327 -1.2288017466243109
18.423000000000002 2.134983849759962 -1.2343517660027976
18.452 2.1359995610280933 -1.2400621364478557
18.484 2.1371203458756862 -1.2463632348699887
18.509 2.138340548221467 -1.2517952991031633
18.545 2.1395995557054595 -1.2588843681644193
18.567 2.1403689491678994 -1.2632165770351862
18.596 2.1413831496411158 -1.2689272160011975
18.631 2.1429161950027367 -1.2761613134601855
18.655 2.143754524949533 -1.2808875384760205
18.686 2.1448373677974786 -1.2869922457881404
18.706 2.14585378059542 -1.291251605131926
18.736 2.146900754577491 -1.2971595527857962
18.765 2.1479128294268266 -1.3028705688512037
18.791 2.148820206877955 -1.3079907901512242
18.83 2.150485878271851 -1.315888568263368
18.849 2.1511488794683764 -1.3196302830324824
18.88 2.152230618262707 -1.325735186076826
18.909 2.1535325230845386 -1.3316945960935966
18.941 2.15464852018318 -1.3379965442428459
18.968 2.1555901427351585 -1.343313812993775
18.998 2.1566363900151346 -1.3492218893836962
19.038 2.1583137446709837 -1.3573206737736359
19.057 2.1589759197408025 -1.3610625348315732
19.091 2.160160864602584 -1.3677584967247254
19.117 2.1613214000839203 -1.3730156291274966
19.147 2.1623663100150203 -1.3789239421892667
19.177 2.163411219946121 -1.3848322552510375
19.206 2.164674006516286 -1.3906376169529553
19.236 2.1657186370328896 -1.3965459794235373
19.268 2.1668329095839334 -1.4028482327254914
19.295 2.1677730770488766 -1.4081657589490153
19.331 2.1695045446451986 -1.4153139118471416
19.353 2.1702702149618704 -1.4196467802926602
19.381 2.1712447044558165 -1.4251613401324104
19.412 2.1726058969919912 -1.4313776910119542
19.445 2.173752812711675 -1.4378772744087531
19.474 2.1747607083441247 -1.4435890295150309
19.502 2.17595685655977 -1.4491435302456426
19.531 2.1769645804587228 -1.4548553156533306
19.559 2.177937555257712 -1.4603701429435128
19.586 2.1788757809567367 -1.4656880121161875
19.617 2.180169192296964 -1.4718178222012146
19.645 2.1811424460274007 -1.4773326002725595
19.675 2.18218521788144 -1.4832412910632868
19.705 2.1834333592961923 -1.4892893561062033
19.738 2.184579641495154 -1.4957890512621583
19.834 2.188124123591029 -1.514771342249546
19.934 2.1917819433883103 -1.5345708998817589
20.03 2.1953966162301617 -1.5536090729001604
20.123 2.1988066096354646 -1.5719074779575273
20.231 2.202739881901092 -1.5931890951329184
20.3 2.204885046762289 -1.605422437591882
20.387 2.2074790559719895 -1.6189952790544064
20.489 2.2101349416705336 -1.6329411444581345
20.575 2.21213633339903 -1.643277589176831
20.663 2.213843608418942 -1.6519838346669264
20.759 2.215371501317527 -1.6596872925689554
20.858 2.2165785986108006 -1.6656271995878824
20.943 2.217326997313066 -1.6689926748580315
21.045 2.2179064349155033 -1.6713848457649076
21.142 2.218066646992124 -1.671022162208319
21.244 2.218295814192749 -1.6711799529586078
21.334 2.2185786011990287 -1.6717217967143572
21.432 2.218929464588732 -1.6729480311873985
21.451 2.218929464588732 -1.6729480311873985
21.478 2.218929464588732 -1.6729480311873985
21.507 2.2193681138846464 -1.6748175716078064
21.535 2.2193681138846464 -1.6748175716078064
21.561 2.2193681138846464 -1.6748175716078064
21.594 2.2193681138846464 -1.6748175716078064
21.632 2.21997113333854 -1.6778275270170189
21.646 2.21997113333854 -1.6778275270170189
21.676 2.21997113333854 -1.6778275270170189
21.704 2.220396816506491 -1.684334971556258
21.734 2.220396816506491 -1.684334971556258
21.76 2.220396816506491 -1.684334971556258
21.791 2.220396816506491 -1.684334971556258
21.895 2.2209546100269733 -1.6899194428831406
21.989 2.220063182689061 -1.6977532861388205
22.064 2.2168708918075173 -1.7138312120213273
22.156 2.2137148790964756 -1.7242705049535414
22.248 2.2091201147636728 -1.7364375826405767
22.348 2.203100782264802 -1.7496113304951766
22.441 2.199754080072139 -1.7519126191513499
22.539 2.1968474298881575 -1.7520489583735286
22.569 2.1947186639110376 -1.7549520945906911
22.6 2.1921151844164077 -1.758424465360619
22.629 2.1918762392395426 -1.7559090511706417
22.652 2.1893964094827987 -1.7592241736151166
22.677 2.1863968429920217 -1.7632244987103314
22.703 2.1850060815609855 -1.7652076725420722
22.727 2.1821117354622435 -1.7690368709778679
22.75 2.179337987117616 -1.7727065194788385
22.775 2.1763230432647602 -1.7766952678494585
22.801 2.175370102920263 -1.7761018549961447
22.831 2.1717052597597934 -1.7808525312226586
22.859 2.1682847394766886 -1.7852864957007384
22.89 2.1644977348775374 -1.790195527801469
22.934 2.161149112868262 -1.792791929714842
22.951 2.1590323719736197 -1.795452645405206
22.981 2.1552969468654277 -1.8001480260352605
23.009 2.1531061699110285 -1.8018695085276888
23.036 2.149675584997531 -1.8060397707677986
23.062 2.1463720587845336 -1.8100555788508672
23.09 2.1428144151705366 -1.8143802952480177
23.11 2.1415834705201693 -1.8136187494993945
23.14 2.1377036403804217 -1.8181955298182113
23.169 2.133953137911999 -1.8226197507930673
23.198 2.1302026354435766 -1.8270439717679232
23.224 2.127962912341035 -1.828097228280439
23.249 2.1246720172762825 -1.8318615356101857
23.272 2.12164439381671 -1.835324698353553
23.292 2.1190116777649077 -1.838336144217351
23.322 2.1160181740234005 -1.8404000395262297
23.343 2.1132149028775147 -1.84352760581372
23.373 2.1092102298119637 -1.8479955576529918
23.402 2.106219908205987 -1.8496219127495592
23.422 2.103522528336609 -1.8525755785803997
23.446 2.100285672493355 -1.8561199775774084
23.475 2.0963744716827573 -1.8604027930321272
23.507 2.0928086266265127 -1.8627698333844105
23.534 2.089136262000998 -1.8667288405904237
23.563 2.085191870366186 -1.8709811075894751
23.591 2.081383492236022 -1.8750867446920079
23.601 2.080605145617373 -1.8746139213691873
23.617 2.0784141340955067 -1.8769461881873388
23.645 2.074579863932241 -1.8810276551191034
23.674 2.0706086555488583 -1.8852548887270026
23.704 2.0670039750446767 -1.8879544539835116
23.734 2.0628716620984036 -1.8923046252116436
23.763 2.0588770929170064 -1.896509790732171
23.789 2.0552957550302366 -1.9002799391298852
23.815 2.052139989754333 -1.9025552871791953
23.838 2.0489561465691293 -1.9058753990104491
23.868 2.0448033076319074 -1.9102059796599102
23.899 2.040512040730111 -1.9146809129976874
23.926 2.0371099388805334 -1.9173123027817716
23.954 2.033218054355774 -1.921338868917568
23.984 2.029048178079246 -1.9256530469202071
24.013 2.0252980827445417 -1.9287445287336802
24.04 2.0215324136481674 -1.932614895157755
24.072 2.0170693984228345 -1.9372019961048073
24.101 2.0146561387605066 -1.9397609841179004
24.135 2.009909941384983 -1.9446306463723673
24.153 2.007397248656765 -1.9472087028600256
24.183 2.0032094274430676 -1.9515054636727902
24.207 1.999859130824133 -1.9545179427231762
24.221 1.9978979215712853 -1.9565163566609138
24.244 1.9946759349416068 -1.9597994652729114
24.271 1.9908936028111146 -1.9636535492956915
24.295 1.9875315298062326 -1.9670794017603848
24.323 1.9835544598395976 -1.9705629352006813
24.352 1.9794807144982374 -1.9746914456940368
24.377 1.9759688650660305 -1.9782505064641707
24.402 1.9724134458194207 -1.9813452060716017
24.425 1.9691761351118084 -1.9846132053651113
24.452 1.9653758138463506 -1.9884495523618402
24.476 1.9619977504992774 -1.9918596385811542
24.502 1.958282454503822 -1.9951172668815462
24.527 1.9547579425787511 -1.998663788514081
24.559 1.9502465673146607 -2.0032033362037254
24.588 1.946158133481579 -2.007317301297465
24.617 1.942007629150151 -2.0110675440609023
24.639 1.9389018677918146 -2.0141843126415098
24.67 1.9345255676959765 -2.0185761229141845
24.696 1.9308551224543062 -2.0222595766912663
24.73 1.9259556732075582 -2.0267726845034733
24.757 1.9221397101257534 -2.0305934731338877
24.777 1.919313070805898 -2.0334236869341944
24.8 1.9160624355880644 -2.036678432804547
24.819 1.9130806864132155 -2.0394029505717115
24.841 1.9099667074482856 -2.042511508920203
24.875 1.9051541945024855 -2.04731564454969
24.91 1.900113716622772 -2.052003766145275
24.936 1.8964304449251344 -2.0556743941026387
24.967 1.892038851747182 -2.0600509120518034
24.988 1.8890639015298591 -2.0630156500173666
25.011 1.8856995973217676 -2.0660556730750015
25.043 1.8811631344556863 -2.0705701503054974
25.071 1.8771937294478647 -2.0745203178821816
25.097 1.8735078533691736 -2.0781883306319595
25.119 1.8703454008512648 -2.081055043039332
25.139 1.8675085431718268 -2.0838750144056077
25.173 1.8626858851167825 -2.088668965728276
25.195 1.8595653416694005 -2.0917709342311794
25.227 1.8549473888631736 -2.0960786287590687
25.256 1.8508317451992424 -2.100165372845936
25.283 1.8469999390293754 -2.103970272513019
25.313 1.8426561945918798 -2.1080138442012384
25.341 1.838680532774666 -2.1119577145230357
25.371 1.8344208951133663 -2.1161832898678177
25.401 1.8300744564574323 -2.1202516310249844
25.433 1.82552898903851 -2.1247570417658066
25.464 1.8211255674764293 -2.129121658420978
25.491 1.8172903293417135 -2.1329230987335466
25.532 1.8113823806109075 -2.1385452537161744
25.628 1.797526506061524 -2.152126408296843
25.727 1.7830011752360058 -2.1664037126292217
25.8 1.7726318560694043 -2.1766817095168043
25.891 1.7597333953910073 -2.189231507440313
25.991 1.7454930353833504 -2.203108782264454
26.067 1.7357107207587277 -2.212579196169964
26.166 1.7234367200707896 -2.224491244947286
26.245 1.7148203750409337 -2.2328213406619493
26.35 1.7052826864775363 -2.242076633385341
26.381 1.7030672295444818 -2.24424498542728
26.473 1.6979957549218339 -2.249158119965325
26.565 1.6937024469444488 -2.2533280394967776
26.657 1.6907913494314704 -2.2562197564141515
26.737000000000002 1.6896686775759364 -2.2572886722304997
26.831 1.6903220382355977 -2.2564281416788354
26.922 1.6904357453009207 -2.2561227104578325
26.975 1.6904357453009207 -2.2561227104578325
27.074 1.6891767814657919 -2.2577793713725396
27.166 1.6873344836817554 -2.260802167916238
27.258 1.6840006478673262 -2.2660664980755056
27.362 1.679135161935339 -2.2738527742301633
27.462 1.6731881910761601 -2.2833137636301597
27.492 1.671276451383994 -2.286364214637699
27.522 1.6689976123461125 -2.290416568238865
27.548000000000002 1.6668042987818958 -2.2939513915171954
27.578 1.663957209059115 -2.2985398640419503
27.605 1.6614228995824534 -2.302977387186593
27.634 1.658379778665997 -2.3079149387142053
27.663 1.6553366577495408 -2.3128524902418177
27.693 1.6521886016290686 -2.317960302166934
27.728 1.6489964031904716 -2.323521447096938
27.746 1.6471155411298635 -2.326591033047675
27.773 1.6442942480389506 -2.331195411973781
27.781 1.643458309345347 -2.332559672396331
27.802 1.641738858407307 -2.3357365933363194
27.833 1.6385108689047232 -2.3410299933562695
27.86 1.6356993941766662 -2.345640374018807
27.888 1.6327837907549774 -2.350421509520698
27.916 1.6304119952980676 -2.354741480614054
27.939 1.6280248694749424 -2.3586736085754216
27.968 1.6250150151762193 -2.3636315090484503
27.996 1.6221089489567626 -2.368418447436202
28.02 1.620156943355001 -2.3720777869270826
28.047 1.6173624473371748 -2.3766984786508787
28.078 1.6141539519093007 -2.382003717296718
28.107 1.6116858026291556 -2.386541803727993
28.138 1.6084854999962157 -2.3918519885701244
28.168 1.6053884329320809 -2.396990877127025
28.196 1.6024978370055545 -2.4017871731134663
28.225 1.60003838485415 -2.4063541829070862
28.252 1.5972575844840173 -2.410983129796117
28.281 1.594270798901282 -2.415954961639891
28.312 1.591620481496537 -2.4208548373428935
28.342 1.5885370980653901 -2.4260019478542896
28.368 1.5858648324250628 -2.4304627769641667
28.399 1.5826786695462107 -2.4357814578259434
28.428 1.5802796011811817 -2.440342560129486
28.455 1.5775103674736837 -2.4449784359553957
28.482 1.5747411337661854 -2.4496143117813056
28.514 1.5720585147374835 -2.4546813614486394
28.538 1.5696016507356159 -2.458804930203532
28.567 1.5666329400666925 -2.463787575782361
28.598 1.563459490730947 -2.469113852090764
28.631 1.5607075142362432 -2.4743601363320207
28.655 1.558255259702114 -2.478486447965895
28.684 1.5552921188067081 -2.483472407856826
28.712 1.553097522710642 -2.4878390102019283
28.744 1.5498339996103128 -2.4933444090951618
28.771 1.54708040199441 -2.4979895894113278
28.799 1.5442248192816221 -2.502806813442907
28.832 1.5415520554107978 -2.50802968325935
28.857 1.539007084284481 -2.5123335329275207
28.887 1.5359531189329005 -2.517498152529326
28.915 1.532774901396296 -2.522520886749816
28.944 1.529820618413695 -2.5275121002354037
28.967 1.5274775663930118 -2.5314706488619043
28.988 1.5253382580263009 -2.5350849758687097
29.008 1.5230210641607156 -2.538688379112165
29.035 1.5202691113937248 -2.5433345340781828
29.067 1.517007537743958 -2.5488410881119816
29.097 1.5139498124473014 -2.5540034825186684
29.131 1.5102382582878522 -2.5599696436011037
29.154 1.5078929248301454 -2.56392684096441
29.18 1.5052416783127376 -2.5684001945055392
29.213 1.5016655088940192 -2.57417998225203
29.244 1.4985032685178765 -2.579512921010678
29.271 1.4957490591580103 -2.5841577386391785
29.298000000000002 1.492994849798144 -2.588802556267679
29.328 1.4897573133755408 -2.594050724619077
29.355 1.4870026728982577 -2.5986952865834514
29.387 1.4837379138140703 -2.6041999526153026
29.417 1.4805508420580218 -2.6094231830861476
29.447 1.4774902645556705 -2.6145838870451144
29.472 1.4749397833037106 -2.6188844736775874
29.499 1.4721852635515944 -2.6235291072406572
29.539 1.4679952856701217 -2.630518637446871
29.558 1.466057457805688 -2.6337874022239425
29.592 1.4625897658377536 -2.639636770772386
29.633 1.4583012472175187 -2.646865801577999
29.653 1.4562624724199382 -2.650307225313134
29.683 1.4532043102235674 -2.655469360915837
29.714 1.4498834668647673 -2.66116101882581
29.737000000000002 1.4475411440243011 -2.665119998961026
29.762 1.4449951409368385 -2.669423238238434
29.785 1.4426528180963727 -2.6733822183736495
29.808 1.4404351362988121 -2.6771139662389394
29.837 1.4374818701622034 -2.6821057814525027
29.868 1.434324930498932 -2.687441859784242
29.896 1.4314735011256543 -2.6922615434387174
29.948 1.4263264874543817 -2.700999449548721
29.957 1.4254100942849492 -2.7025487150388865
29.986 1.4224572718501116 -2.7075407927294197
30.013 1.419907605981851 -2.7119542503845566
30.035 1.4176681348843956 -2.7157416992889853
30.063 1.4148178989421796 -2.720562088803713
30.092 1.41186586885917 -2.7255546350868243
30.12 1.4092454383753825 -2.7301579990995473
30.151 1.4060912310942142 -2.7354956930236516
30.173 1.4038527614108045 -2.739283733873016
30.202 1.4012158814951146 -2.7439931623064804
30.236 1.397758254860599 -2.7498484862135144
30.263 1.3950124925331893 -2.754498302257336
30.293 1.3919616455027344 -2.759664764528248
30.332 1.3883179615952659 -2.7661512441756253
30.352 1.3862852532327257 -2.769596254583862
30.382 1.3832361906889152 -2.774763770196217
30.411 1.3808461097659739 -2.7793533754082236
30.444 1.377496050637642 -2.785039947647866
30.48 1.373841440679461 -2.7912434810002043
30.499 1.371912618757088 -2.794517568047271
30.532 1.3695934880373943 -2.7994081144994865
30.558 1.366958571952085 -2.8038911064940564
30.59 1.3637155983086273 -2.809408635102758
30.617 1.3612575187620208 -2.814037857632431
30.644 1.3585230520258589 -2.8186943253568786
30.674 1.3554847556523453 -2.8238681783840427
30.7 1.3528515654619668 -2.8283521843409183
30.724 1.3508620398610895 -2.8322825301918835
30.752 1.3480282837345716 -2.8371126260724453
30.778 1.3453969387599478 -2.8415977151043954
30.801 1.3425427039408664 -2.8459192918206226
30.826 1.3400089915638387 -2.850229779216556
30.853 1.3372725821966487 -2.8548851056041635
30.881 1.334434824334378 -2.8597128514876085
30.912 1.3308166204259624 -2.86536081377107
30.942 1.327772596984036 -2.8705312993657706
30.971 1.3248300409901739 -2.8755294354406473
31.002 1.3212128162104209 -2.881193507333235
31.041 1.317251707332256 -2.8879128537639027
31.06 1.31532193634033 -2.8911863815121763
31.09 1.3122749295109724 -2.896355109535767
31.12 1.3088190218276596 -2.9017971495959
31.154 1.3053630448774394 -2.907653447344439
31.174 1.3033301172596627 -2.9110983283729914
31.2 1.3006873113565531 -2.9155766737101096
31.234 1.2968038183948178 -2.9216900693084886
31.263 1.2938535746946416 -2.9266836714261557
31.292 1.2909033309944653 -2.931677273543823
31.347 1.2849371393666016 -2.9413859756085237
31.354 1.2842246795764916 -2.9425911316347193
31.382 1.2813748404160505 -2.947411755739503
31.409 1.278232832184685 -2.9523494874982643
31.443 1.2747708759544492 -2.9582022525764082
31.469 1.2721234976607396 -2.9626778964596943
31.497 1.2692724748828987 -2.9674978206416944
31.54 1.2644646399480606 -2.9752512103291995
31.557 1.2627331941215725 -2.978177316162886
31.589 1.2594740019775945 -2.9836852800851204
31.618 1.256068702399843 -2.9891318849362563
31.647 1.2531151480890264 -2.9941235296484785
31.677 1.2500597470778367 -2.9992873000404328
31.706 1.2464856455865467 -3.0050879063561604
31.742 1.2428207518923136 -3.0112853698865067
31.766 1.2403774894294917 -3.0154170122400705
31.796 1.237323411350964 -3.020581565182026
31.843 1.2323404063591046 -3.028562620808489
31.855 1.2311177773920474 -3.0306278516452028
31.884 1.2281630907216594 -3.0356188261672608
31.902 1.2261574109368036 -3.038617920035037
31.916 1.224730194352117 -3.041026872674753
31.947 1.2215699290574538 -3.046360982091267
31.974 1.2188174399298437 -3.0510068193250053
32.007 1.215269345129834 -3.056595945299359
32.044 1.2114951778484677 -3.0629611366815768
32.063 1.209557091947225 -3.0662297484724466
32.091 1.2067009653559209 -3.0710466500589897
32.14 1.2015057306258248 -3.0794118124236247
32.152 1.2002811092168266 -3.081475862424139
32.182 1.197219555694331 -3.086635987425425
32.2 1.1953826235808338 -3.089732062426197
32.241 1.1910734720385765 -3.096685776030235
32.263 1.1888278134796644 -3.100469559538416
32.29 1.1860717779755445 -3.105113293843911
32.314 1.1834321796538247 -3.109193768586134
32.343 1.1804706714434352 -3.1141806984151774
32.37 1.1777134051785907 -3.118823702049113
32.41 1.173421973232738 -3.12566771704266
32.438 1.1705612467766513 -3.130481888221945
32.461 1.168211364330581 -3.134436385976356
32.491 1.1651463002704885 -3.1395944265255893
32.523 1.161787383072685 -3.1449223845479177
32.541 1.1599477184648883 -3.1480168367015002
32.568 1.1571882215531921 -3.1526585149318755
32.592 1.1547353354094623 -3.156784451136654
32.621 1.1516495837795855 -3.1616563137287184
32.641 1.1496049595295388 -3.165094265397389
32.67 1.14664025436697 -3.1700792953169628
32.7 1.1435733179918992 -3.17523622281997
32.717 1.1417632358459402 -3.1779780371167763
32.747 1.1386955150792912 -3.183134498044377
32.778 1.1355255369537542 -3.1884628410028975
32.8 1.133275875058212 -3.1922442456831375
32.837 1.1293937077209537 -3.1984528349681933
32.86 1.1270411389288746 -3.2024057351792443
32.887 1.1242794277381725 -3.2070460962965663
32.908 1.122068789506152 -3.210566621382244
32.938 1.1190003642975286 -3.215722663152739
32.97 1.1157273774083307 -3.2212224410412658
32.996 1.1130680755608569 -3.225691010575695
33.038 1.108706044405879 -3.2328903115115604
33.056 1.1068653344248256 -3.235984141947388
33.087 1.1036952227907888 -3.241312405475758
33.109 1.1013615565889623 -3.2449521352006094
33.145 1.0976791207805612 -3.251139191569919
33.164 1.0957356129927942 -3.254404582431498
33.19 1.0930760760200606 -3.258873012031554
33.214 1.0905141624910117 -3.262923912735113
33.223 1.089593442826165 -3.26447061092764
33.252 1.0866266794616593 -3.2694544162146704
33.281 1.0836599160971543 -3.2744382215016996
33.31 1.0806201723381037 -3.279349396786007
33.336 1.0779603484116584 -3.28381765558338
33.364 1.0750959226447172 -3.2886296265959363
33.385 1.0729476033195111 -3.2922386048553536
33.409 1.070430884714615 -3.2963798645538565
33.441 1.0671578339799703 -3.3018796044466563
33.47 1.0641916317516995 -3.306863743724505
33.506 1.060399689689061 -3.3130019203830643
33.521 1.058865384502974 -3.315579886169483
33.548 1.0561036351680175 -3.3202202245850376
33.577 1.0531373118082499 -3.325204291772114
33.605 1.0501864118334243 -3.32997287651416
33.636 1.047015777698345 -3.3353008291398396
33.665 1.0440497006042395 -3.3402850428864412
33.693 1.0411859020306202 -3.3450973871935052
33.721000000000004 1.038193094040066 -3.3500027147086144
33.742 1.0360460856701306 -3.3536124730190027
33.773 1.0328766923621289 -3.3589411638581494
33.801 1.029846353464896 -3.364054127618767
33.844 1.0254526039780745 -3.3714470272831107
33.861 1.023715540227471 -3.3743698015690136
33.887 1.0210588544912529 -3.3788399269474545
33.917 1.0176726878151001 -3.3844213217869146
33.936 1.0157325067613896 -3.387688690373227
34.04 1.0051676656747381 -3.4052119346870096
34.133 0.995696634895697 -3.4208827546583813
34.22 0.9868419034372944 -3.435534347009162
34.295 0.9791739908790718 -3.448426325794417
34.386 0.9698988267320604 -3.4637788965132827
34.477 0.9614872102313762 -3.4776715350412153
34.564 0.95429733908731 -3.4895138213776766
34.656 0.9476588140960184 -3.500443534893255
34.744 0.942157748002259 -3.509475007394606
34.832 0.9375590220752759 -3.5169869959531805
34.918 0.9338500572851438 -3.5230068298525854
34.995 0.9314860927774007 -3.526976221721138
35.089 0.9294024141845084 -3.530268352061751
35.191 0.9281782095043882 -3.5321184972420165
35.291 0.9278535925710759 -3.532453813274264
35.387 0.9276414893526612 -3.5326189937864214
35.487 0.9274887293461157 -3.53269928065441
35.586 0.9271123787819547 -3.533173029008089
35.687 0.9266209720550086 -3.5338381302109587
35.781 0.9258635189944023 -3.534899237134255
35.869 0.9250858004334818 -3.5359184738635987
35.961 0.924338229718231 -3.536843999604182
36.056 0.9239521122306968 -3.5371932509300814
36.136 0.9238747322835397 -3.5371563940238877
36.219 0.9239950118490996 -3.53691237901845
36.293 0.9239950118490996 -3.53691237901845
36.376 0.9231519623776901 -3.5377966177346925
36.458 0.9213717843399132 -3.5396681730883657
36.551 0.9177326066333604 -3.543519486464026
36.649 0.91243308732981 -3.5491231036739026
36.728 0.9070091402848971 -3.554839527889391
36.759 0.9044666210842013 -3.557555038175524
36.788 0.9016917210963453 -3.5605187402620015
36.802 0.9001253514130855 -3.5620845853363203
36.831 0.8965534174607235 -3.565891117595473
36.859 0.8927214576650867 -3.5699747537355595
36.889 0.8886157864554755 -3.5743500781713666
36.912 0.8854610871647647 -3.5775950699249712
36.941 0.88148872347824 -3.5818212179041584
36.966 0.8780642720243401 -3.5854644489206984
36.994 0.8742288863959722 -3.589544867659223
37.018 0.8709127242298651 -3.592951897318053
37.049 0.8666636894523398 -3.597466950303277
37.078 0.8626887859507834 -3.601690709547519
37.103 0.8591968557048686 -3.6052730447428423
37.132 0.8552197164861545 -3.6094946988777705
37.159 0.8515168627307993 -3.61342520445167
37.187 0.8476768662437647 -3.617501284306084
37.219 0.8432119949101649 -3.6221291994275817
37.249 0.839096219928539 -3.6264950208051263
37.276 0.8353920224450757 -3.6304242600449164
37.3 0.832099402459776 -3.633916917146951
37.327 0.8283533297387482 -3.637790989824427
37.351 0.825059905317649 -3.6412828883886053
37.377 0.8214920288614578 -3.6450657784997986
37.406 0.8174785172443645 -3.649226576852945
37.506 0.8038386410221495 -3.6635948373622256
37.592 0.7920299743198408 -3.6761006516385444
37.683 0.7796113126360419 -3.6891538518386797
37.725 0.7738234499911427 -3.6952202260280784
37.814 0.7624888559101958 -3.7071534601229073
37.909 0.7513862597201237 -3.718653635306373
38.003 0.7411768322289799 -3.728907932457734
38.098 0.732823360326102 -3.7366644696619598
38.197 0.7241696198750912 -3.7444843620728534
38.225 0.7210508847062003 -3.7474404661289658
38.253 0.7197343680292839 -3.748484062548146
38.284 0.7187458036212044 -3.749232568797665
38.312 0.7168818834539549 -3.751230824328785
38.347 0.7168818834539549 -3.751230824328785
38.374 0.7168818834539549 -3.751230824328785
38.404 0.7151779032035097 -3.7531657353941674
38.447 0.7151779032035097 -3.7531657353941674
38.464 0.7151779032035097 -3.7531657353941674
38.488 0.7151779032035097 -3.7531657353941674
38.511 0.7133893243396313 -3.7549524935868397
38.535 0.7133893243396313 -3.7549524935868397
38.556 0.7133893243396313 -3.7549524935868397
38.58 0.7133893243396313 -3.7549524935868397
38.6 0.7133893243396313 -3.7549524935868397
38.623 0.7096438242314731 -3.7581585361489163
38.651 0.7096438242314731 -3.7581585361489163
38.679 0.7096438242314731 -3.7581585361489163
38.739 0.7063366391301552 -3.7605956022099956
38.833 0.7023973046598068 -3.7615895500844547
38.92 0.6969959039887709 -3.7625596530291414
39.005 0.689791579770965 -3.76335433874802
39.082 0.6836483315222718 -3.763800827327092
39.164 0.6752631699239241 -3.763926067186431
39.188 0.6723833593600009 -3.763958120503277
39.22 0.6697236417121829 -3.763575912750887
39.247 0.6654037895969068 -3.763540807871477
39.276 0.6601841847631247 -3.7634767275891554
39.3 0.6553846369384835 -3.763410843759803
39.329 0.6525569108706386 -3.7626532761238622
39.351 0.6481584233387907 -3.7625379182798477
39.382 0.6419605545439139 -3.7623753685905545
39.411 0.6395542637022964 -3.761425298325309
39.444 0.6329609770337427 -3.76112768967914
39.471 0.6275664697594728 -3.760884191695911
39.501 0.6263000888960765 -3.759511649739657
39.536 0.619313286757206 -3.7590820035220713
39.557 0.615121205473884 -3.75882421579152
39.585 0.6095317637627885 -3.7584804988174514
39.612 0.6015845498622163 -3.7582317347300935
39.651 0.593804390486234 -3.7576757490429404
39.667 0.5906125302294212 -3.757447652350775
39.698 0.584428300981846 -3.757005715009705
39.729 0.5744943412584987 -3.7568064604618927
39.747 0.5709056116901773 -3.756521820188115
39.78 0.5643262741482545 -3.7559999796861896
39.815 0.5549201511815822 -3.756153167541483
39.835 0.5509335337949157 -3.75582623970184
39.863 0.5453522694535838 -3.75536854072634
39.889 0.5401696668509176 -3.7549435345348043
39.923 0.5308568444972189 -3.753707128528098
39.934 0.5286661149550057 -3.7535053760240977
39.958 0.5238863414083565 -3.7530651887426427
39.984 0.5187082533994861 -3.7525883191877334
40.015 0.5094821315535618 -3.7520174497888483
40.042 0.5041078627359636 -3.7514909189956422
40.071 0.49833549993187765 -3.750925385921458
40.101 0.49268802988578175 -3.75050558020662
40.135 0.48592347888012266 -3.7498121469424675
40.161 0.4807505869346178 -3.7492818744463507
40.186 0.4757766523716333 -3.7487719970462385
40.216 0.47023328946909004 -3.7478805534651545
40.243 0.46486424059145043 -3.7473032198098744
40.271 0.45929633805167647 -3.746704503426621
40.301 0.45519211352440414 -3.7459947912371176
40.335 0.4484335753173554 -3.7452450170685445
40.354 0.4446567451428284 -3.7448260256214008
40.384 0.43869332907778497 -3.744164460178542
40.413 0.4344516629477611 -3.7436170145460843
40.44 0.42908541183993015 -3.74301423013379
40.474 0.4223279104448842 -3.742255168281271
40.499 0.41735915941911383 -3.741697034566183
40.534 0.4109211576982547 -3.7411045959106954
40.556 0.4065487785742325 -3.7406123553233686
40.581 0.4015801659332967 -3.7400529910195877
40.608 0.3970460803117716 -3.739055989352968
40.632 0.392277363210133 -3.7385088721767237
40.662 0.38631646683308485 -3.737824975706418
40.691 0.3805542670019378 -3.7371638757851224
40.727 0.37551475843202053 -3.736645668782973
40.745 0.3719380108009061 -3.7362371637238634
40.773 0.3663741811525049 -3.735601711409693
40.803 0.36148837617569396 -3.7339308248419454
40.829 0.35632547957831406 -3.7333107452303067
40.857 0.35076543708882896 -3.7326429671870036
40.887 0.3448082487072373 -3.731927490712036
40.917 0.34142899780455865 -3.730971630631444
40.942 0.33646657534466945 -3.7303597782557976
40.973 0.33031317149440675 -3.7296010813099953
41.002 0.3274788875647603 -3.7286019291299257
41.026 0.32271715513682064 -3.7279970289028554
41.052 0.3175586116732203 -3.7273417203235293
41.081 0.3118048516561261 -3.7266107992158193
41.116 0.30516777290602287 -3.7259930103145913
41.141 0.30020698001054547 -3.725368083240303
41.172 0.29405559682015336 -3.724593173668186
41.193 0.28988853078795196 -3.724068234925784
41.219 0.28506354049530236 -3.723723982714071
41.249 0.2791097229818585 -3.7229809773193314
41.275 0.2739497478035414 -3.722337039310557
41.304 0.26865497074147626 -3.7220510258601727
41.321 0.26528047326859994 -3.7216353735949967
41.345 0.26051647683630264 -3.7210485703971012
41.369 0.25575248040400533 -3.7204617671992057
41.392 0.25118698382305327 -3.719899414134556
41.422 0.24735446008836942 -3.719144205163151
41.449 0.2419956719442417 -3.718478330080002
41.478 0.23623993653017814 -3.71776313091662
41.509 0.23331264543261396 -3.7167168525118237
41.529 0.22934543858869885 -3.716205706879349
41.56 0.22319626798063164 -3.715413431149013
41.587 0.21784053874134687 -3.714723384545172
41.615 0.2156908035294261 -3.7138549101536613
41.636 0.21152736066288816 -3.7133019693819005
41.66 0.20676914024398904 -3.712670037071317
41.684 0.20201091982508854 -3.7120381047607327
41.712 0.19824948368205858 -3.7117360818993816
41.739 0.19289715652092748 -3.7110201252245716
41.762 0.1883377667169993 -3.7104102362052886
41.786 0.1835801425737704 -3.709773830272124
41.812 0.1841900655560745 -3.7085606213316096
41.834 0.17983327519382292 -3.7079454971657686
41.863 0.1740902333526753 -3.707134651674433
41.892 0.16834719151152625 -3.7063238061830974
41.918 0.16765497752633884 -3.705357197555825
41.945 0.16231093388191034 -3.7045818282719054
41.971000000000004 0.1571648177798676 -3.703835176368872
41.997 0.15201870167782627 -3.703088524465839
42.024 0.1512735756120223 -3.7021859438899827
42.054 0.14533873897877037 -3.7013040628681813
42.082 0.13979955812106903 -3.7004809739145
42.111 0.13888016062388633 -3.6997034092891323
42.142 0.13275013421765414 -3.698774551787192
42.171 0.1270155933860194 -3.6979056205757
42.2 0.12128105255438323 -3.6970366893642077
42.227 0.1187805845740887 -3.6954969089042224
42.25 0.11423624424529187 -3.6947834868860054
42.275 0.109296743887905 -3.6940080281705523
42.3 0.10435724353051813 -3.693232569455099
42.325 0.10216972369198701 -3.6917018293394426
42.357 0.09585243450324128 -3.690676228390853
42.385 0.09032480646308841 -3.6897788275608376
42.415 0.09002758005227902 -3.686969713585515
42.445 0.08411441111259642 -3.685952642746893
42.475 0.07820124217291381 -3.684935571908271
42.505 0.07542433986731474 -3.683095901480723
42.532 0.07010839444745542 -3.682146836523482
42.562 0.06420178842538797 -3.6810923199043244
42.589 0.05888584300552726 -3.6801432549470827
42.618 0.058367328287085546 -3.6772890276705135
42.647 0.05266621401122306 -3.6762225868547396
42.674 0.04735828003024677 -3.6752296936814326
42.703 0.04668667725809947 -3.672389511097639
42.734 0.04060301713441547 -3.6711940699658827
42.763 0.03491185121225997 -3.6700757540684337
42.773 0.032949380204618885 -3.6696901278968994
42.789 0.02980942659239511 -3.6690731260224445
42.818 0.02746086536303705 -3.666699567446814
42.848 0.021579935635267163 -3.6655101703150557
42.878 0.015699005907497277 -3.6643207731832974
42.906 0.014786472988017328 -3.6613851548510503
42.935 0.009111477531613559 -3.660187479365034
42.963 0.003632171573707382 -3.659031103033708
42.991 -0.0018471343841987946 -3.657874726702382
43.02 -0.0035229525885939915 -3.6550664406317797
43.039 -0.007235452389069783 -3.6542556723347523
43.068 -0.012901899452953669 -3.653018183881395
43.097 -0.018568346516838943 -3.651780695428037
43.127 -0.023542257392960605 -3.646815068191256
43.155 -0.02899998975925256 -3.6455608124685557
43.182 -0.0342628031124631 -3.6443513515930945
43.206 -0.04587044637681598 -3.636546860051318
43.237 -0.05189085336214508 -3.635065408151661
43.263 -0.05694022696274314 -3.633822900106787
43.289 -0.06198960056334258 -3.632580392061913
43.318 -0.06709521481579671 -3.624097372331985
43.345 -0.072314792215614 -3.6227131715635563
43.37 -0.07714773425248142 -3.6214315041853817
43.402 -0.08322776666100938 -3.6138065955572074
43.429 -0.08842612742180016 -3.6123447318834425
43.461 -0.09458714758273645 -3.6106121527145363
43.49 -0.10017057210358626 -3.6090420028427146
43.522 -0.10675499915038758 -3.59954846053735
43.552 -0.11250229648604443 -3.5978255057104453
43.581 -0.1180580172438465 -3.596159982711104
43.61 -0.1260029466477573 -3.5858817125652007
43.64 -0.13171454108932906 -3.5840438635684086
43.668 -0.1370453625681289 -3.5823285378380696
43.696 -0.14237618404692876 -3.5806132121077305
43.727 -0.1492338999329598 -3.572022105924797
43.751 -0.15378076706415206 -3.5704839254115655
43.776 -0.1585170869924782 -3.5688816540436155
43.807 -0.16528489590063505 -3.5612773867682797
43.836 -0.1707564664310304 -3.559353350404044
43.864 -0.17603936211555046 -3.557495660121334
43.894 -0.18169960749182243 -3.5555052776755725
43.937 -0.19061314183540332 -3.548009537338905
43.953 -0.1936219656900704 -3.54692005167512
43.983 -0.19926351041756815 -3.544877266055524
44.012 -0.20450918451919817 -3.5392391756700157
44.042 -0.2101365643406661 -3.5371576866969634
44.071 -0.2155763648347509 -3.53514558068968
44.094 -0.21989068936454342 -3.533549772477006
44.129 -0.2266350029020236 -3.5276626949248624
44.154 -0.23131362431239255 -3.5258990334781983
44.183 -0.23674082514841863 -3.523853186200069
44.212 -0.2425658890985533 -3.5187139534536716
44.242 -0.24816928682348013 -3.516568741590878
44.272 -0.2537726845484083 -3.514423529728084
44.297 -0.2584421826525147 -3.5126358531757558
44.321 -0.2630699387196109 -3.508216455089865
44.345 -0.26754538216710283 -3.5064814029441633
44.37 -0.27220730242490654 -3.504674056959058
44.396 -0.2770556994930233 -3.502794417134548
44.423 -0.28215090105713325 -3.4983057863536526
44.455 -0.28810948186181656 -3.4959701248212274
44.484 -0.293509445716062 -3.4938534315574667
44.512 -0.2987379739600753 -3.489452633766596
44.542 -0.3043169348144191 -3.4872446492137286
44.57 -0.3095239649451396 -3.485183863631052
44.595 -0.3141730989904257 -3.4833438765036626
44.622 -0.31941023386682965 -3.479114854082604
44.642 -0.3231254809994884 -3.4776326466938503
44.671 -0.3285125893418421 -3.4754834459801582
44.708 -0.33627908311761323 -3.4701973377794544
44.718 -0.33813511699500254 -3.4694522617793124
44.74 -0.3422183915252567 -3.4678130945790016
44.765 -0.34685847621872734 -3.4659504045786482
44.794 -0.35224097446315294 -3.4637896841782383
44.816 -0.3556628542864148 -3.4605342999180846
44.847 -0.3614137037229414 -3.4582174635495857
44.873 -0.3662369967987374 -3.4562743104663287
44.91 -0.37316244368305573 -3.4517504536707393
44.935 -0.3777973346663669 -3.449874877606477
44.965 -0.3833592038463392 -3.4476241863293633
44.999 -0.3896626555836407 -3.4450734028819676
45.019 -0.39348539948519573 -3.4418391597499194
45.04 -0.3973764313797308 -3.4402580617783465
45.069 -0.402749761138851 -3.4380746407699836
45.111 -0.41066230658626623 -3.433220388724574
45.13 -0.41418093339217116 -3.4317853746477174
45.155 -0.41881070550520233 -3.429897198230802
45.181 -0.42362566850275435 -3.42793349475721
45.207 -0.43180057694000346 -3.4199604605688614
45.236 -0.437165042881414 -3.417755351690951
45.264 -0.4423445272386397 -3.41562628105021
45.294 -0.4478939747642364 -3.4133451339351306
45.339 -0.4588193340723531 -3.404742321574535
45.353 -0.46140674153243944 -3.4036721240995367
45.381 -0.46658155645261085 -3.4015317291495406
45.406 -0.4694649105118181 -3.393088716596947
45.431 -0.47407876494753737 -3.391161971350167
45.448 -0.4772161859638272 -3.3898517845823557
45.471 -0.4814609320446885 -3.388079178955318
45.501 -0.48562511707885153 -3.380308765140217
45.533 -0.4915258581154011 -3.3778306095317876
45.561 -0.4966890065223812 -3.3756622233744125
45.588 -0.5016677567719695 -3.3735712795798007
45.613 -0.5043263068664711 -3.367089689251941
45.641 -0.5094875781075833 -3.364916838779482
45.67 -0.5148331804644504 -3.3626663865044346
45.698 -0.5199944517055626 -3.3604935360319756
45.731 -0.5250791431042272 -3.3537549155653013
45.758 -0.5300540122371269 -3.3516547543546977
45.787 -0.5353973901946849 -3.3493990256470125
45.83 -0.5425610752993599 -3.3423039564525774
45.848 -0.5458765253503142 -3.3409011767265944
45.878 -0.5514022754352378 -3.338563210516623
45.907 -0.5560586913304184 -3.3329638237230435
45.937 -0.5615829995792833 -3.330622452677795
45.968 -0.5672914514364444 -3.3282030359310384
45.996 -0.5724474724687179 -3.326017756288807
46.035 -0.5790139701594632 -3.3199623019015885
46.055 -0.5826962029040996 -3.318399880058957
46.085 -0.5882195520210537 -3.31605624729501
46.115 -0.592998282256934 -3.3111307156749588
46.143 -0.5981535387786707 -3.3089436330987656
46.173 -0.6036770279091035 -3.3066003303385587
46.197 -0.6080958192134497 -3.304725688130393
46.216 -0.6110546977580508 -3.300797467032779
46.243 -0.6160254358505488 -3.298687546935763
46.269 -0.6208120725322127 -3.296655772027526
46.299 -0.6263351148572105 -3.2943114163641747
46.324 -0.6305051373934251 -3.290154628641616
46.354 -0.6360281164320694 -3.2878101238882196
46.386 -0.6419192940732904 -3.28530931881793
46.41 -0.6458557224336695 -3.281426287899728
46.439 -0.6511945349196154 -3.2791597748863266
46.469 -0.6567174443878349 -3.276815106251774
46.5 -0.6624244508383279 -3.27439228199607
46.527 -0.667001781638012 -3.2704021427655823
46.555 -0.6721565574788707 -3.26821392750412
46.584 -0.6774954324569038 -3.265947561697605
46.611 -0.6820804701873623 -3.2621151976274514
46.641 -0.6876034142445054 -3.259770610469406
46.668 -0.6925740638959343 -3.2576604820271657
46.69 -0.6966242228711722 -3.255941118111266
46.717 -0.7015577505096029 -3.252106998640554
46.748 -0.7072651854304994 -3.249685183902857
46.778 -0.7127885095474965 -3.247341492221214
46.802 -0.7167703371033018 -3.2440030520530163
46.829 -0.7217418510631184 -3.241894960748696
46.855 -0.7265292348762742 -3.2398649469000915
46.883 -0.7316848789827515 -3.237678778140055
46.91 -0.735440921558334 -3.23451748068735
46.94 -0.7409666064416274 -3.2321793603802345
46.962 -0.7450187753560434 -3.230464738821683
46.989 -0.7499918917510062 -3.2283604305452798
47.01 -0.7534034844795263 -3.225497599153669
47.035 -0.7580088296174617 -3.223550602450926
47.065 -0.7635352437829848 -3.221214206407634
47.091 -0.7683248027264384 -3.2191893298367806
47.117 -0.772816649405104 -3.2159681552788983
47.136 -0.7763168120786975 -3.2144886752153656
47.168 -0.782211822897379 -3.2119969193188904
47.203 -0.7883491063012863 -3.20817098725275
47.232 -0.7936915617204826 -3.205913074478994
47.261 -0.7990340171396801 -3.203655161705237
47.29 -0.8043764725588765 -3.201397248931481
47.321 -0.8097909551704666 -3.19793773039007
47.349 -0.8149493114912166 -3.195757968919593
47.378 -0.8202918948234229 -3.1935003588251702
47.407 -0.8251718728847326 -3.190344606593456
47.437 -0.8306991675583987 -3.188010294362741
47.467 -0.8362264622320648 -3.185675982132026
47.499 -0.8421222432173091 -3.18318604908593
47.53 -0.8475386697575977 -3.1798614013084605
47.552 -0.8515921642275133 -3.178149915818495
47.581 -0.8569354069378575 -3.1758938667635404
47.611 -0.8622353598359641 -3.172650936134283
47.632 -0.866104555501782 -3.171017129260868
47.658 -0.8708949882308903 -3.168994320750926
47.68 -0.8749484313093657 -3.1672827135502057
47.707 -0.8796584364935047 -3.164362326043063
47.721000000000004 -0.8822379435899486 -3.1632732240554606
47.753 -0.8881339598103896 -3.160783848083799
47.782 -0.8934772245101642 -3.1585278511094805
47.811 -0.8985736680716553 -3.155500394864073
47.845 -0.9048382730037874 -3.152855640613806
47.873 -0.9099973594184843 -3.1506776077018217
47.902 -0.9150914735823964 -3.147683043861603
47.932 -0.9206191010501406 -3.145349519793194
47.961 -0.9259624742689591 -3.1430937798603993
47.99 -0.9313058474877789 -3.140838039927604
48.034 -0.9392200615035943 -3.1366896952291694
48.05 -0.9421681398305136 -3.1354451735626863
48.079 -0.9475115317980563 -3.133189478042185
48.107 -0.9524990076517877 -3.1303081822695487
48.136 -0.9578424353108804 -3.1280525712986473
48.166 -0.963370119096147 -3.125719180639095
48.195 -0.9687135467552397 -3.1234635696681936
48.218 -0.9727936596915195 -3.1210117234171224
48.233 -0.9755575726286261 -3.119845196402396
48.252 -0.9790585290156303 -3.1183675955170744
48.271 -0.9825594854026332 -3.1168899946317534
48.292 -0.9864289635145842 -3.1152568568111354
48.321 -0.9915981879380116 -3.1123860428033367
48.342 -0.9954677628760348 -3.110753134416738
48.368 -1.0002586651802545 -3.1087314383190443
48.391 -1.0044967710647552 -3.1069430148480084
48.414 -1.008533524781267 -3.1045805163985225
48.445 -1.0142460010246588 -3.1021706169880323
48.474 -1.0195899304136378 -3.0999161949588645
48.502 -1.0246370118507147 -3.097145874698555
48.527 -1.029243900015345 -3.0952025318470273
48.554 -1.0342193392331465 -3.0931037215673767
48.582 -1.0393790539775327 -3.0909271775736653
48.609 -1.0441771018268733 -3.088295433790539
48.64 -1.0498896933469062 -3.0858858076524744
48.669 -1.0552337305753237 -3.083631641265253
48.7 -1.0609463220953579 -3.081222015127188
48.729 -1.066100269132031 -3.0784717929107988
48.753 -1.0705231365338475 -3.0766067878314622
48.78 -1.075498862360891 -3.074508657117209
48.805 -1.079883348788397 -3.0721028659633887
48.836 -1.085596428834067 -3.069694398319478
48.861 -1.0902037514515426 -3.0677520857034213
48.883 -1.0942581953549224 -3.0660428506012907
48.906 -1.0983214919223012 -3.063792682994575
48.925 -1.1018231561236653 -3.062316760293048
48.953 -1.1069835033677824 -3.06014171631185
48.977 -1.111406658148452 -3.0582773928993956
49.008 -1.116935164853444 -3.055426148980955
49.04 -1.1228327676940169 -3.0529405342210096
49.067 -1.127808870090751 -3.0508432967673054
49.097 -1.1333378727537888 -3.0485130329298564
49.122 -1.1377829569841162 -3.0461388703017396
49.146 -1.1422063130090119 -3.0442750244183516
49.175 -1.1475512015390932 -3.0420228773092584
49.206 -1.153151844384998 -3.0391709789255423
49.244 -1.160155499056445 -3.0362199077228933
49.267 -1.1643945531996904 -3.034433733047605
49.296 -1.1697394475542158 -3.032181599761373
49.339 -1.1774824498342644 -3.028463956752151
49.356 -1.1806157874296026 -3.0271440342113767
49.389 -1.1866981486440817 -3.0245818316322266
49.417 -1.1916477765018707 -3.022054085484713
49.447 -1.1971773338636535 -3.0197251382155037
49.475 -1.2023382540679837 -3.0175514540975756
49.504 -1.207493349964379 -3.014951350351829
49.536 -1.2133917530015617 -3.012467635068033
49.562 -1.2181842054692715 -3.0104496163999492
49.586 -1.2226080077471582 -3.0085868299371024
49.604 -1.225761838772486 -3.006849653506073
49.627 -1.2300014264887533 -3.0050647456664126
49.646 -1.2335036946021907 -3.003590256581476
49.67 -1.237927612219165 -3.001727744053135
49.696 -1.2427201896375528 -2.9997100221474327
49.718 -1.2466725501983156 -2.997639218006592
49.745 -1.2516494334483375 -2.995543834243259
49.77 -1.2562576586798413 -2.9936036640920243
49.799 -1.2616031999483839 -2.9913530667165924
49.827 -1.2666993253478291 -2.988818587371312
49.856 -1.2720448727106126 -2.986568004470762
49.885 -1.2773904200733948 -2.984317421570213
49.916 -1.2830590075880453 -2.981551088589138
49.946 -1.2885889579960825 -2.9792230747393824
49.966 -1.292275591601441 -2.977671065506212
49.99 -1.2966995519278708 -2.975808654426408
50.017 -1.3015303551386754 -2.9734198688594575
50.037 -1.3052171138262232 -2.9718681567792746
50.063 -1.310009900120037 -2.9698509310750363
50.089 -1.3148026864138493 -2.967833705370799
50.107 -1.3179705977750813 -2.966154439992607
50.132 -1.3225791504225501 -2.9642150476920386
50.163 -1.3282937557054115 -2.9618102012393335
50.182 -1.331796255717489 -2.960336263090901
50.204 -1.3357486789655568 -2.9583298426401163
50.234 -1.3412789011943949 -2.956002474577332
50.264 -1.346809123423233 -2.9536751065145475
50.29 -1.3516019826882248 -2.951658054193468
50.327 -1.3582848051414516 -2.9485075846429383
50.346 -1.361787194511957 -2.9470333836059805
50.375 -1.3671329467090454 -2.9447832872864126
50.404 -1.372372593665884 -2.942244057869159
50.444 -1.3797458087568024 -2.939139915600665
50.455 -1.3817734429068043 -2.9382862764768296
50.484 -1.387119023847721 -2.936035773332171
50.502 -1.3903546328791692 -2.9343648096381503
50.533 -1.3960690037936412 -2.9319594063347867
50.564 -1.4017833747081132 -2.929554003031423
50.589 -1.4063917383488165 -2.927614161657743
50.62 -1.4119747405470948 -2.924957190390195
50.634 -1.4145553516041003 -2.9238707068088816
50.655 -1.4184262681896078 -2.9222409814369112
50.675 -1.4221128554139 -2.920688862035035
50.703 -1.4271947003364622 -2.9182371609263704
50.732 -1.4325400477778198 -2.9159861032347147
50.762 -1.4380697175447426 -2.913657422864036
50.787 -1.4426777756838443 -2.9117168558884705
50.813 -1.4475356575698217 -2.909304799716122
50.842 -1.4528804761068703 -2.907052486503886
50.868 -1.4576723823814668 -2.9050331712101563
50.899 -1.4633858090934848 -2.9026255260522484
50.932 -1.4693913585899068 -2.8998189516038826
50.955 -1.4736305079679939 -2.898033002962332
50.98 -1.4782382790311326 -2.8960917544389075
51.015 -1.4847110369602803 -2.8930192478614227
51.04 -1.4893183679841127 -2.8910769551860445
51.069 -1.4946628719717592 -2.8888238956826053
51.1 -1.5003759624413116 -2.886415452765136
51.133 -1.5060139930174186 -2.883820938512419
51.158 -1.510621348873746 -2.881878704743492
51.192 -1.5168873528383517 -2.8792372668177513
51.217 -1.5213896166210887 -2.877107679429792
51.244 -1.5263658582867663 -2.8750107724493144
51.272 -1.5315264051993203 -2.8728362022473375
51.295 -1.5357654258774904 -2.871049948152856
51.329 -1.541926126473333 -2.8682218495233918
51.348 -1.5454280812513297 -2.866746616412028
51.378 -1.5509574835323778 -2.8644173009730327
51.409 -1.5566133452731106 -2.8618067879492983
51.434 -1.5612214286692891 -2.85986628095012
51.463 -1.5665668054088573 -2.8576152928310727
51.485 -1.5706219187974944 -2.855907646671796
51.513 -1.5757285672949166 -2.8535356021441474
51.54 -1.5807054956484137 -2.851440325512254
51.571 -1.5864197467209469 -2.8490346375274873
51.597 -1.591212344394685 -2.847016963733812
51.617 -1.59486682806002 -2.8452513111013955
51.637 -1.598553503489956 -2.843699401221824
51.667 -1.6040835166348595 -2.8413715364024674
51.694 -1.6090605284652726 -2.8392764580650467
51.709 -1.6117724578522639 -2.8379123804519475
51.737 -1.6169338826132178 -2.835739894678229
51.768 -1.6226483171699884 -2.8333346425716126
51.799 -1.628362751726759 -2.830929390464996
51.834 -1.6347667713456124 -2.8280193436419183
51.859 -1.6393752302092854 -2.826079728499208
51.889 -1.6449053808456935 -2.8237521903279554
51.917 -1.6499774180021216 -2.821401835518273
52.014 -1.667839276492783 -2.8136724031693787
52.105 -1.6845022815752546 -2.806445458515081
52.2 -1.7020153142688605 -2.799077033590259
52.289 -1.7182458561145244 -2.7920533221804766
52.391 -1.7369404796201566 -2.7839989284505564
52.485 -1.752554500758484 -2.7772263563735913
52.5 -1.7547669727563904 -2.7762963199987754
52.596000000000004 -1.767119727421666 -2.7708477499252284
52.688 -1.7777122947512292 -2.766100641120042
52.773 -1.7863510628169064 -2.762138323572623
52.864 -1.7936786714831991 -2.758698246367048
52.952 -1.7993080923312166 -2.755941273045526
52.982 -1.80035263511481 -2.755350602669036
53.016 -1.8022224034173964 -2.7546238575372093
53.045 -1.8022224034173964 -2.7546238575372093
53.074 -1.8022224034173964 -2.7546238575372093
53.107 -1.8043028812578863 -2.753763109495251
53.134 -1.8043028812578863 -2.753763109495251
53.163 -1.8043028812578863 -2.753763109495251
53.193 -1.8043028812578863 -2.753763109495251
53.226 -1.8061559323756777 -2.753126437682286
53.253 -1.8061559323756777 -2.753126437682286
53.283 -1.8061559323756777 -2.753126437682286
53.312 -1.8065609181928317 -2.7531186296881573
53.403 -1.8058317753639144 -2.753610658457654
53.486 -1.8058317753639144 -2.753610658457654
53.569 -1.8072873729843943 -2.752297896029594
53.67 -1.8126181985123764 -2.746125490583622
53.766 -1.822084390182915 -2.734368382647144
53.849 -1.8253413466920614 -2.727732474303514
53.936 -1.8291731003553684 -2.7195968169040743
54.041 -1.8332765957809358 -2.709237689875752
54.062 -1.8341330110693657 -2.7068676866028683
54.094 -1.8356175445996707 -2.702640819434716
54.115 -1.8365654358286672 -2.699716424270368
54.139 -1.837954993666258 -2.695626006191732
54.169 -1.8398781168175198 -2.6899425567686204
54.197 -1.8416730317586982 -2.6846380039737143
54.228 -1.8429209303252891 -2.67968253981609
54.249 -1.8442264558906243 -2.675690597557207
54.277 -1.8459671566444045 -2.6703680078786967
54.306 -1.846565486082548 -2.6664262855542034
54.34 -1.8485761560922556 -2.659930347891935
54.365 -1.8500545899229226 -2.655153923140268
54.394 -1.8517695731664963 -2.649613270428335
54.43 -1.8524707698711418 -2.6457310072076554
54.445 -1.8533366733757306 -2.6428586891332175
54.473 -1.8549530265842964 -2.637497028727601
54.513 -1.8567753620969847 -2.6312726177169177
54.531 -1.8577806149969731 -2.627815817663824
54.56 -1.8594001891136214 -2.622246528689396
54.591 -1.8611314579969347 -2.61629315082018
54.621 -1.861211089001712 -2.613138988305668
54.65 -1.8627988394960104 -2.6075605433280917
54.675 -1.86416758992213 -2.6027515390370772
54.7 -1.8655363403482499 -2.5979425347460614
54.724 -1.864822805699619 -2.5961121863120824
54.754 -1.8664270023647105 -2.5903306161914568
54.781 -1.867870779363293 -2.5851272030828936
54.814 -1.867232224366971 -2.5821344626350617
54.841 -1.8686181495502099 -2.576915342844669
54.869 -1.870055405295791 -2.5715029223212995
54.901 -1.8716607150347258 -2.564323841948981
54.923 -1.8727547918813743 -2.560062035307001
54.951 -1.8741472533225632 -2.554637917762663
54.981 -1.8756391762952658 -2.548826363250871
55.004 -1.8768806746716278 -2.5447900080352888
55.031 -1.87819821710344 -2.539553207300071
55.062 -1.8797109510066314 -2.5335405842337106
55.092 -1.8811748870419782 -2.5277219167501355
55.12 -1.882078701884972 -2.522760581417618
55.149 -1.8834511708230675 -2.517125306001636
55.179 -1.8848709662762695 -2.511295710743724
55.206 -1.8852508970533137 -2.5082723928174224
55.236 -1.8866121426453073 -2.50242884847873
55.265 -1.8879280133842349 -2.4967800889513256
55.296 -1.8893346338292951 -2.4907417598013426
55.325 -1.8880279913994873 -2.489938751824153
55.347 -1.888971459144498 -2.4856410933204884
55.376 -1.890215121172012 -2.4799759980202034
55.406 -1.888736214884978 -2.4781775270317565
55.436 -1.889952360647649 -2.47230207049767
55.46 -1.8909252772577856 -2.4676017052704005
55.49 -1.8921414230204565 -2.461726248736314
55.507 -1.8906200980673604 -2.4614539302036933
55.534 -1.8916616714783068 -2.456155333707487
55.564 -1.8928189752682472 -2.4502680042672575
55.589 -1.8937833950931973 -2.4453618964004002
55.633 -1.893728139730648 -2.438842584388664
55.648 -1.894277787922709 -2.4358933663796036
55.678 -1.8953770843068312 -2.429994930361485
55.708 -1.894832989636847 -2.4257395057389552
55.74 -1.8959458222505545 -2.4194369980179067
55.768 -1.8969195507875485 -2.41392230376199
55.795 -1.897858503305364 -2.408604562872356
55.824 -1.8975706163978063 -2.4014628085081857
55.854 -1.8985393672804756 -2.3955415314730075
55.886 -1.899572701555323 -2.3892255026354836
55.91 -1.8987404991781571 -2.3831910080797543
55.94 -1.8996341896236304 -2.377257938268293
55.969 -1.9004980903875879 -2.3715226374505467
55.998 -1.9013619911515451 -2.3657873366328017
56.009 -1.898816413651968 -2.3612854558551177
56.038 -1.8995874212556596 -2.3555369301941296
56.065 -1.9003052559211657 -2.3501848545787256
56.095 -1.9011028499939502 -2.3442381038949436
56.131 -1.8997658971212479 -2.335169787581585
56.145 -1.9001045616469663 -2.3323903440511238
56.175 -1.900830271344934 -2.326434393628709
56.213 -1.8998653980963538 -2.317097493293567
56.226 -1.900154330579049 -2.3145135973938755
56.255 -1.900798872271215 -2.3087495219253316
56.286 -1.9014878651145648 -2.302587924010682
56.317 -1.900587104982169 -2.29468077773428
56.334 -1.9009377598483106 -2.291298908256483
56.36 -1.9014740555259388 -2.2861266372904425
56.384 -1.9019690976899035 -2.2813522333217886
56.409 -1.9010058035786956 -2.2753762803595547
56.438 -1.9015687792498832 -2.26960366757212
56.465 -1.902092929012713 -2.264229166011405
56.493 -1.9026364917297218 -2.2586556088373304
56.535 -1.902130616204518 -2.249332640385409
56.555 -1.902498299501808 -2.2453495751094064
56.575 -1.9028659827990981 -2.2413665098334037
56.608 -1.9024141679250797 -2.2338624130929836
56.632 -1.9028348222861162 -2.2290808809213316
56.659 -1.9033080584422823 -2.223701657228223
56.681 -1.9036936582732324 -2.219318586070876
56.705 -1.9030787630475479 -2.213710299574901
56.734 -1.9035658195253833 -2.2079307861016573
56.763 -1.9040528760032187 -2.2021512726284147
56.792 -1.9045399324810541 -2.196371759155171
56.821 -1.9041100797305168 -2.1898357148273107
56.847 -1.9045307351985485 -2.1846527572761416
56.871 -1.9049190325536547 -2.1798684887673705
56.899 -1.9053720461346118 -2.1742868421738044
56.919 -1.9048474927288026 -2.1695392375119646
56.943 -1.9052228302506031 -2.1647539348313884
56.971000000000004 -1.9056607240260373 -2.1591710817040486
56.995 -1.9060360615478378 -2.1543857790234737
57.013 -1.9055359706001038 -2.150076713403258
57.042 -1.905975838385003 -2.1442934170826624
57.07 -1.9064005383152502 -2.1387095447731226
57.1 -1.906855573954801 -2.1327268244414723
57.122 -1.9064453718621837 -2.127662811293413
57.139 -1.9066960400688255 -2.1242720642591766
57.169 -1.9071383957276051 -2.118288393022291
57.2 -1.907595496575011 -2.112105266077507
57.221 -1.907239943125867 -2.1073237929796527
57.249 -1.9076427680400396 -2.101738299976476
57.277 -1.908045592954212 -2.096152806973301
57.3 -1.9083764848479963 -2.091564723434979
57.324 -1.9081215809108474 -2.0861417280608796
57.353 -1.9085298819851984 -2.0803561174420517
57.382 -1.9089381830595493 -2.0745705068232256
57.409 -1.9087392503956124 -2.068517535594369
57.439 -1.9091527164141147 -2.062531798726485
57.468 -1.9095524002320001 -2.0567455864208632
57.494 -1.9099107374480353 -2.0515579478020314
57.534 -1.9099288614264818 -2.04281424078928
57.553 -1.9101855236377832 -2.0390229185253084
57.578 -1.9105232370737062 -2.0340343365990283
57.609 -1.9104814450886463 -2.0267531992239918
57.63 -1.910759120812954 -2.022562388301016
57.658 -1.911129355112031 -2.0169746404037157
57.687 -1.9115128120646463 -2.0111873300815124
57.712 -1.9114352991977765 -2.0047763727198227
57.734 -1.9117198906309099 -2.0003855860344797
57.76 -1.9120562259609766 -1.9951964744972566
57.794 -1.91249604908491 -1.9884107132562718
57.822 -1.9124205373966092 -1.9825049644487651
57.852 -1.9128042825313647 -1.9765172487180764
57.88 -1.9131624446571365 -1.970928714036098
57.911 -1.9131441671239622 -1.9644988708218936
57.931 -1.913397546976197 -1.9605069040571927
57.961 -1.9137776167545495 -1.9545189539101402
57.99 -1.9141450175402903 -1.9487306021013222
58.024 -1.9141904544668777 -1.9417255143809196
58.039 -1.9143790454333633 -1.9387314480076805
58.069 -1.9147562273663343 -1.9327433152612024
58.099 -1.9151334092993053 -1.9267551825147258
58.12 -1.915051823707228 -1.9223097797752169
58.151 -1.9154389699332905 -1.9161218788549
58.181 -1.9158136275714153 -1.9101335876416923
58.209 -1.9158218321858023 -1.9043026445401294
58.242 -1.9162311971228756 -1.8977153522019772
58.269 -1.9165661320713903 -1.8923257493798515
58.301 -1.9166401823184613 -1.885549361745794
58.323 -1.9169108554512915 -1.8811576950854974
58.351 -1.9172553485294388 -1.8755683011542106
58.38 -1.9176121449318058 -1.8697792860110911
58.411 -1.9176992341757795 -1.862821738229498
58.439 -1.9180399143951357 -1.8572321106043215
58.47 -1.9184170960665656 -1.8510435943050187
58.496 -1.9187334419845392 -1.8458532257959253
58.518 -1.9187974369881797 -1.8399538651178506
58.538 -1.9190379525829484 -1.835961102634473
58.571 -1.919434803314317 -1.8293730445368988
58.602 -1.919529998263192 -1.8232553408972858
58.632 -1.919890121335233 -1.8172661580337404
58.66 -1.9202262362024716 -1.811676254027765
58.688 -1.92056235106971 -1.8060863500217885
58.711 -1.9205791974957716 -1.801575497222481
58.732 -1.9208311164433367 -1.7973830591676185
58.76 -1.9211670083734236 -1.7917931417611357
58.79 -1.921526892584231 -1.7858039445399037
58.809 -1.9215110281805308 -1.7820370046706053
58.841 -1.9218946212744943 -1.7756485106118876
58.869 -1.9222302652317125 -1.7700585783105103
58.897 -1.9225659091889307 -1.764468646009133
58.925 -1.9226645309407513 -1.75892583164262
58.955 -1.9230238478848443 -1.752936600361922
58.985 -1.9233831648289372 -1.746947369081224
59.034 -1.9237451897785887 -1.7371547432482726
59.041 -1.9238289512800284 -1.7357572512050483
59.07 -1.9241759632145645 -1.7299676413116878
59.101 -1.9243317127939716 -1.7237887713362818
59.133 -1.9247145015624882 -1.7174002290331656
59.155 -1.9249776688408433 -1.713008106199774
59.185 -1.9253365333113275 -1.7070188477906028
59.212 -1.9254481085243582 -1.7016466748884786
59.245 -1.925842664181605 -1.6950584789416872
59.272 -1.9261654824466254 -1.689668136803402
59.299 -1.9264883007116458 -1.684277794665117
59.323 -1.9265654709194933 -1.679552548567877
59.343 -1.9268045388464508 -1.6755596991434303
59.366 -1.9270794669624518 -1.670967922305318
59.385 -1.9273065814930614 -1.6671747153520944
59.407 -1.9276904291568782 -1.662951958873154
59.438 -1.9280682957484103 -1.656763484356844
59.467 -1.928421783850166 -1.6509742662609428
59.491 -1.9287143257274812 -1.6461831892160583
59.513 -1.92876351669314 -1.641841185160395
59.545 -1.9291525065802466 -1.6354530174365685
59.579 -1.9295658083352973 -1.628665589230004
59.611 -1.929746317797149 -1.6223452450897666
59.646 -1.9301707620867905 -1.6153581250074294
59.674 -1.9305103175185037 -1.6097684289415604
59.701 -1.9309414683462829 -1.6046353057663625
59.739 -1.931410197943541 -1.597049773974547
59.755 -1.9316075577739655 -1.593855865851676
59.781 -1.9319282674984053 -1.588665765152013
59.811 -1.9324992919526365 -1.582993208980615
59.835 -1.93280201024022 -1.578202764153841
59.866 -1.933193021361682 -1.572015106252592
59.885 -1.933432673339352 -1.5682226707647298
59.925 -1.9341406232662008 -1.5605862342894148
59.946 -1.9344108199641668 -1.5563949345215136
59.97 -1.9347196161904134 -1.551604877643912
59.994 -1.9350284124166601 -1.5468148207663104
60.042 -1.935861337000939 -1.5375830577786973
60.055 -1.9360317530028377 -1.5349886487156745
60.085 -1.9364250206995273 -1.5290015508779284
60.131 -1.9372452088962104 -1.5201483009922596
60.142 -1.9373921581702538 -1.5179532142261247
60.173 -1.9378062879425577 -1.5117670606124736
60.199 -1.9381536225902964 -1.5065786737107023
60.231 -1.9387816579486246 -1.5006356083719925
60.267 -1.9392706777614999 -1.4934522345391323
60.289 -1.9395695232027015 -1.4890623949746071
60.318 -1.940184265322752 -1.4837418607621349
60.348 -1.9405988223968544 -1.4777561993590556
60.38 -1.9410410166092307 -1.4713714938624372
60.4 -1.9413173879919656 -1.467381052927052
60.428 -1.9416948585336644 -1.4619543458066477
60.46 -1.9421376553541885 -1.455569682074254
60.489 -1.9425389399727884 -1.4497835805667738
60.519 -1.9425701486265876 -1.4438557963315648
60.546 -1.9429370153286387 -1.4384682728909728
60.566 -1.943208768441269 -1.43447751478683
60.592 -1.9435620474876887 -1.429289529251446
60.608 -1.9438455373788095 -1.4262081160874256
60.633 -1.9441873650644967 -1.421219814389121
60.658 -1.944529192750184 -1.4162315126908178
60.684 -1.9448846935432986 -1.4110436789245828
60.716 -1.9453898042070732 -1.404774200918356
60.744 -1.945774792683061 -1.3991874501745556
60.774 -1.9461872803359053 -1.3932016458061975
60.799 -1.9465310200466086 -1.388213475499233
60.836 -1.9471213409253225 -1.3809282570562103
60.86 -1.9474530233597163 -1.3761397304808725
60.889 -1.9478538063012756 -1.3703535942023388
60.918 -1.9483564803402684 -1.36457098758744
60.948 -1.948773299122425 -1.3585854832559034
60.974 -1.9491345420669606 -1.3533980461685726
61.005 -1.949691396794162 -1.3475721625025947
61.049 -1.9503079709541815 -1.3387937892874036
61.063 -1.9505041536414605 -1.3360006705371148
61.092 -1.9509105320651097 -1.3302149245543755
61.131 -1.9516338099511013 -1.3227963133736962
61.135 -1.9516905510731593 -1.3219983281325627
61.161 -1.9520593683665366 -1.3168114240651914
61.186 -1.9524140003793995 -1.3118240163081045
61.217 -1.9530410443837478 -1.3060213666964071
61.244 -1.9534285871257422 -1.3006352910728078
61.272 -1.953830483302625 -1.2950497311668536
61.301 -1.9541587716119497 -1.289419785178587
61.339 -1.9547013818688515 -1.2818391800504263
61.361 -1.955015524649163 -1.2774504086604386
61.386 -1.9553725050813353 -1.2724631684445418
61.421 -1.9558517005535072 -1.2655804806895494
61.452 -1.95629433711426 -1.2593963014493363
61.476 -1.9566370234838752 -1.2546085497794937
61.5 -1.9569797098534905 -1.249820798109651
61.519 -1.9572401063470612 -1.2462388504932622
61.537 -1.9574971462723814 -1.2426480385409606
61.568 -1.9579398261437662 -1.2364638624008861
61.594 -1.9583111060358953 -1.2312771340253388
61.633 -1.958907628210088 -1.2236859853190538
61.643 -1.9590509131429044 -1.2216911245650095
61.665 -1.9593661399951008 -1.2173024309061116
61.695 -1.9597959947935504 -1.2113178486439773
61.735 -1.9604036182935571 -1.2036364332545118
61.756 -1.9607051653060121 -1.1994472723123564
61.782 -1.9610785092261944 -1.1942606920982601
61.808 -1.9615190721396683 -1.1893870731463494
61.82 -1.9616920539224814 -1.1869933151588294
61.851 -1.962138923528082 -1.180809440357737
61.876 -1.962499302242276 -1.1758224445504044
61.894 -1.9627587749164959 -1.1722318075691245
61.922 -1.9632578543728771 -1.166955983612625
61.951 -1.9636779524950707 -1.1611712176218751
61.982 -1.9641270229015533 -1.1549875022524538
62.011 -1.9646379383144108 -1.1495183907831907
62.054 -1.9652635207135063 -1.1409411740631854
62.069 -1.9654817471317954 -1.1379491217189974
62.097 -1.9658891031126016 -1.13236395734318
62.13 -1.9662478150413292 -1.1258189283747482
62.16 -1.9666813872104487 -1.1198346142808733
62.187 -1.9670716021626564 -1.1144487315963845
62.217 -1.9674054650185513 -1.1085778172951746
62.24 -1.9677361724529632 -1.1039897204573963
62.266 -1.9681100156396896 -1.0988031762059962
62.294 -1.9685126159946258 -1.0932176670121803
62.315 -1.9687629805901063 -1.0891840019162253
62.34 -1.9691214175079546 -1.084196866167528
62.369 -1.9695372043326582 -1.0784117886990412
62.399 -1.969967328634076 -1.0724272258006056
62.424 -1.9702918444429272 -1.067644617702227
62.443 -1.9705639067450431 -1.0638543694117102
62.467 -1.970907564389821 -1.0590666873605306
62.494 -1.9712941792401963 -1.0536805450529536
62.52 -1.9717008806651746 -1.0486392651705887
62.555 -1.9722034697922364 -1.0416573310424728
62.583 -1.9726055410938859 -1.0360717837399798
62.613 -1.973065141237558 -1.0303256343195395
62.629 -1.9732953554761834 -1.0271339260928478
62.666 -1.9738277259030048 -1.0197531008186225
62.688 -1.974144270481115 -1.0153645020069197
62.708 -1.9744912260083098 -1.0116568276294744
62.74 -1.9749531105428124 -1.005273516366752
62.769 -1.9753716934022052 -0.9994886405349115
62.799 -1.9758047101533014 -0.9935042862261099
62.818 -1.9761548960119142 -0.9900336432531522
62.835 -1.976401159783521 -0.9866425734876065
62.86 -1.9767633123888249 -0.9816557061853346
62.883 -1.9770964927857044 -0.9770677882672435
62.9 -1.977342756557311 -0.9736767185016992
62.917 -1.9774490916365115 -0.9702324791535784
62.948 -1.9778949080936499 -0.9640485283382385
62.975 -1.9782831998466415 -0.9586625066603615
63.0 -1.9786427292475595 -0.9536754495512165
63.028 -1.9789468862727229 -0.9479909281939347
63.055 -1.9793329760887515 -0.942604748225352
63.085 -1.9797619647732279 -0.9366201038158157
63.122 -1.9802327076883346 -0.9290636669927627
63.156 -1.9807167337574298 -0.9222809154298324
63.188 -1.9811722877048137 -0.9158971492529558
63.202 -1.9813457707121684 -0.9128005224498732
63.231 -1.9817567296358072 -0.907015100013863
63.262 -1.9821960305541795 -0.9008306829270945
63.289 -1.9825786474830844 -0.895444255141844
63.315 -1.9829516385307047 -0.8905486296370874
63.345 -1.9833775720654456 -0.8845637670134354
63.367 -1.9836899233242558 -0.8801748677560911
63.398 -1.9841300546434881 -0.8739905097116498
63.425 -1.9843918304025137 -0.8687401112851042
63.438 -1.984575582764465 -0.8661466126694342
63.462 -1.9849148178942215 -0.8613586152251219
63.487 -1.985268187821051 -0.8563711178872971
63.561 -1.9863964893351984 -0.8419938720896399
63.654 -1.9875854626446476 -0.8236129102030507
63.753 -1.9888888382843906 -0.8041638570651715
63.837 -1.9900167726404163 -0.7876552934638102
63.914 -1.9905745693146428 -0.7722958163703465
63.93 -1.9907701617046176 -0.7694224657796629
63.993 -1.9914230519556004 -0.7593636488384187
64.081 -1.9917362368542897 -0.7467249617400731
64.17 -1.9920263290587472 -0.7353573700300952
64.251 -1.992263278461627 -0.72541472384184
64.321 -1.992471845845738 -0.7178952236908285
64.352 -1.9924066210374076 -0.7160363944933867
64.38 -1.9923459759096136 -0.7149180555414303
64.413 -1.992778697487043 -0.70962969062029
64.439 -1.992778697487043 -0.70962969062029
64.47 -1.992778697487043 -0.70962969062029
64.493 -1.992778697487043 -0.70962969062029
64.523 -1.9936704172172186 -0.7050317886007198
64.547 -1.9936704172172186 -0.7050317886007198
64.569 -1.9936704172172186 -0.7050317886007198
64.595 -1.9936704172172186 -0.7050317886007198
64.621 -1.9939260587242726 -0.703281254167818
64.651 -1.9939260587242726 -0.703281254167818
64.682 -1.9939260587242726 -0.703281254167818
64.711 -1.9941484730791854 -0.7029826906816221
64.743 -1.9941484730791854 -0.7029826906816221
64.771 -1.9941484730791854 -0.7029826906816221
64.801 -1.9940614286067864 -0.7028956244926319
64.833 -1.9940614286067864 -0.7028956244926319
64.925 -1.9938943043300141 -0.7027925948734098
65.006 -1.993601634501957 -0.7008435700548745
65.103 -1.99229565088643 -0.6976267050409324
65.193 -1.99229565088643 -0.6976267050409324
65.283 -1.9879934603268297 -0.6903672676323824
65.369 -1.9876488464691486 -0.6899932011662029
65.447 -1.9862620243739109 -0.6883038925324698
65.532 -1.9830915407697969 -0.684609304962723
65.597 -1.9830915407697969 -0.684609304962723
65.692 -1.9820246615549888 -0.6842392095764789
65.79 -1.9768000695659347 -0.681658329581491
65.887 -1.9716060102671515 -0.6789865402350255
65.967 -1.962386449977128 -0.6744263519661247
66.05 -1.947341785990073 -0.6658310715633224
66.08 -1.943962654482221 -0.6645895119583728
66.108 -1.94016568013573 -0.6602586817502168
66.14 -1.9354349213717836 -0.6583005393863073
66.168 -1.9307780807135222 -0.6563729929968333
66.197 -1.9254190180512392 -0.654154784850217
66.228 -1.92071764302471 -0.653431304503837
66.257 -1.9154504503381873 -0.6510029962031743
66.287 -1.9100016303176484 -0.648490953133524
66.313 -1.9089070143125484 -0.6440487184207067
66.341 -1.9038682694435747 -0.6416051451876374
66.371 -1.8984696142268154 -0.6389870310093482
66.398 -1.893610824531732 -0.6366307282488878
66.429 -1.89005153618731 -0.630679169928828
66.468 -1.8830626531265375 -0.6272157159356511
66.489 -1.8792994084015062 -0.6253507791700943
66.528 -1.87386814382892 -0.6193034026614358
66.53 -1.8735106544000224 -0.6191239554317949
66.551 -1.86975701539659 -0.6172397595205605
66.578 -1.8649309081064624 -0.6148172219204021
66.602 -1.8619079367310158 -0.6109701893662535
66.63 -1.8569130924020345 -0.6084380894216969
66.66 -1.851561473478124 -0.6057251251953852
66.684 -1.8472801783389956 -0.603554753814336
66.706 -1.8442523772663155 -0.5993220190646241
66.73 -1.839975775792592 -0.5971424136336004
66.756 -1.8353427908627258 -0.5947811744166586
66.784 -1.8303534224767142 -0.5922383014137972
66.813 -1.8259620467299598 -0.5877908538927379
66.843 -1.8206214039348456 -0.5850563457952919
66.87 -1.8158148254192428 -0.5825952885075905
66.9 -1.8104741826241286 -0.5798607804101444
66.94 -1.8041461647853274 -0.5747993313677794
66.955 -1.8014781438618857 -0.5734275936552128
66.985 -1.7961421020150021 -0.5706841182300796
67.03 -1.7886867425679176 -0.56533835033405
67.033 -1.7881535325217015 -0.5650632375451536
67.059 -1.78353237878783 -0.5626789267080524
67.082 -1.7794444351001748 -0.5605697286598476
67.103 -1.7762309849185023 -0.5577002590764266
67.129 -1.7716127348844972 -0.5553103288214957
67.159 -1.7662839848452625 -0.5525527169888841
67.186 -1.7614881098099513 -0.5500708663395336
67.213 -1.7571769106380744 -0.5468293705694728
67.243 -1.7518511981905238 -0.5440658968630648
67.272 -1.7467030094912233 -0.5413945389468695
67.301 -1.7419519206095722 -0.5380672190497648
67.324 -1.7378709931783467 -0.5359444775909279
67.354 -1.732548044355008 -0.5331756843837487
67.378 -1.7282896852963372 -0.5309606498180054
67.403 -1.7241759062988726 -0.5280932850626423
67.426 -1.7200967830620877 -0.5259670786711758
67.448 -1.7161950130095116 -0.5239333160358604
67.476 -1.7112291238516846 -0.5213448908636392
67.493 -1.7082141197201481 -0.5197733470090771
67.518 -1.7041206756677154 -0.5170163652300002
67.542 -1.6998660089015247 -0.5147942467118573
67.565 -1.6957886199172594 -0.5126647164653041
67.592 -1.6910021198052947 -0.5101648331323934
67.639 -1.68292117863073 -0.5053997335182718
67.65 -1.6809718515294831 -0.5043798688937492
67.68 -1.6756555048897233 -0.5015984199177809
67.704 -1.671651967631391 -0.4987772315387409
67.741 -1.6650951683901312 -0.4953467237469071
67.753 -1.6629686389064795 -0.4942341266252314
67.777 -1.6587155799391764 -0.49200893238188004
67.802 -1.6544885455271978 -0.4891878854592493
67.823 -1.6507671694224855 -0.48724074399359946
67.854 -1.6452737094583816 -0.48436639230620926
67.883 -1.6401346662661571 -0.4816774826631676
67.909 -1.6357237872227244 -0.4788270604137633
67.933 -1.6314710815763334 -0.47660119099145765
67.95 -1.6284587484101405 -0.4750245334839916
67.975 -1.6240288466951514 -0.47270591950242413
68.004 -1.6191054443275337 -0.46965618208964083
68.024 -1.6155617371781452 -0.46780088167208916
68.054 -1.6102461764540614 -0.465017931045761
68.081 -1.605462171802386 -0.46251327548206567
68.11 -1.6004755647639046 -0.45949127678565915
68.145 -1.5942746219647892 -0.4562434608422769
68.172 -1.5894910375197566 -0.45373800282881027
68.201 -1.584859411956608 -0.4512244714324588
68.229 -1.5799020201644225 -0.44861980895551756
68.254 -1.5754757774928283 -0.44629421745824854
68.284 -1.5701642862869163 -0.44350350766152624
68.304 -1.5667444580795242 -0.4413934014552615
68.341 -1.5601939735874537 -0.43795085110426907
68.364 -1.5561220507950828 -0.4358108873725696
68.391 -1.551341967517084 -0.4332987560353583
68.42 -1.546327331615478 -0.4303842010424079
68.441 -1.5426098068814156 -0.4284297164935727
68.471 -1.5372990572613263 -0.4256375957095224
68.498 -1.5325193826032462 -0.4231246870038772
68.53 -1.5276261389514916 -0.42023556866163553
68.56 -1.522315267297446 -0.4174436800044252
68.587 -1.5175354828088052 -0.41493098021293595
68.626 -1.5108053753214294 -0.4110936716193274
68.64 -1.508326911658508 -0.4097908984726999
68.666 -1.503724050570225 -0.4073714626289626
68.691 -1.4992982226007203 -0.4050450820099836
68.725 -1.493265397897294 -0.4016171297387792
68.752 -1.4884857176106088 -0.39910423173904375
68.779 -1.4837060373239235 -0.39659133373930827
68.806 -1.4789841795996967 -0.393914927112793
68.84 -1.4729663895155052 -0.3907485091835515
68.865 -1.4685415438653666 -0.3884202607061692
68.895 -1.4632317290851984 -0.3856263625333094
68.923 -1.4583183352705473 -0.3828470549790275
68.953 -1.453008836818839 -0.38005255570522006
68.982 -1.447876321648855 -0.37735120640720665
69.021 -1.4410180975584095 -0.37350516889844904
69.044 -1.4369467826287858 -0.3713640489242729
69.065 -1.433229495084346 -0.3694091132956768
69.088 -1.4291581801547224 -0.3672679933215007
69.109 -1.4262391062828157 -0.3654487938543875
69.126 -1.423229137304805 -0.3638676275913316
69.157 -1.4177403703449074 -0.36098432440576167
69.184 -1.412959831379834 -0.35847306034090964
69.206 -1.4093566802179576 -0.35641010439070825
69.227 -1.4056386119768631 -0.35445665396784987
69.259 -1.3999729841809103 -0.35147996760920897
69.292 -1.3941303055163332 -0.3484102598018601
69.318 -1.389594902390428 -0.3458031795378771
69.339 -1.3858761523535426 -0.3438510273503759
69.369 -1.380563652300849 -0.3410622385110885
69.397 -1.3756053189183344 -0.3384593689277532
69.445 -1.3670428342176137 -0.3338121412695356
69.458 -1.364740772393919 -0.3326036250884718
69.487 -1.3596054037102954 -0.3299077043768692
69.512 -1.3550899295952217 -0.32735840155751256
69.536 -1.350839716404238 -0.32512777657083497
69.56 -1.3465895032132544 -0.3228971515841574
69.587 -1.3418080133733978 -0.32038769847414506
69.609 -1.337949837370604 -0.31828262033017535
69.633 -1.3337019620980217 -0.31604754635632437
69.661 -1.3287461076133416 -0.3134399600534978
69.691 -1.3234362635226138 -0.31064611758618405
69.725 -1.317401052947862 -0.3073289566398383
69.739 -1.3149229906009354 -0.3060254202940635
69.767 -1.3099668659070873 -0.30341834760251657
69.794 -1.3051877456665892 -0.3009043846499526
69.826 -1.2996202800732353 -0.2979094486249546
69.848 -1.295727973253141 -0.2958576329367755
69.875 -1.2909510512466629 -0.2933394955012836
69.907 -1.2853869864664995 -0.29034256122087854
69.934 -1.2806121024276278 -0.28782056153504787
69.964 -1.2753066757177702 -0.2850183396619027
69.989 -1.270885486792888 -0.28268315476761463
70.016 -1.2662479877052535 -0.28018319698491084
70.043 -1.261474909421724 -0.2776577814350852
70.068 -1.2570553924925316 -0.27531943370376605
70.09 -1.2531662175948401 -0.273261687700204
70.11 -1.2497894133772567 -0.2714273063880702
70.128 -1.2466083960958931 -0.26974174148108276
70.161 -1.24077653108006 -0.2666515391516058
70.188 -1.2360050051580147 -0.26412319179112465
70.219 -1.230676786997403 -0.26125435527906
70.247 -1.2257299525219472 -0.2586296974589899
70.273 -1.2211364633661683 -0.2561925151974971
70.297 -1.2168963195300642 -0.25394280849458023
70.32 -1.2129037731565924 -0.2517956183667206
70.34 -1.2093711354575185 -0.2499193265751545
70.372 -1.2037189151390038 -0.24691725970865064
70.396 -1.199479749900117 -0.2446657095587724
70.431 -1.193360044184571 -0.24139102495358766
70.447 -1.1905345537274326 -0.23988882534081124
70.47 -1.1864729111952979 -0.23772941339744624
70.495 -1.1820580823560192 -0.23538222650248336
70.526 -1.1774638439273668 -0.2328404815522013
70.543 -1.1744619427858385 -0.23124405130427156
70.573 -1.169164470183147 -0.2284268214549867
70.594 -1.165456239361261 -0.22645476056048636
70.615 -1.1619599949190857 -0.2245686373557745
70.645 -1.156662841412616 -0.2217508075651556
70.672 -1.1518954032567934 -0.2192147607535986
70.699 -1.1471279651009707 -0.2166787139420416
70.729 -1.1418532443600111 -0.21385928594757134
70.758 -1.1367333112441573 -0.21113416486967876
70.785 -1.1319664769638789 -0.20859698317646802
70.809 -1.1277774167082166 -0.20634241074709306
70.828 -1.1244236601011386 -0.2045557052256127
70.852 -1.1201873359658832 -0.20229881404058545
70.876 -1.1159510118306277 -0.2000419228555582
70.9 -1.1117146876953723 -0.19778503167053094
70.927 -1.1070645196768811 -0.1952813104138022
70.957 -1.1017700383548876 -0.1924584629983312
70.986 -1.0966520397436232 -0.18972971049670703
71.018 -1.0911418242117454 -0.18677863754841315
71.045 -1.086377464182948 -0.1842368127086572
71.074 -1.0812601885964628 -0.18150670454743825
71.104 -1.0759031368023613 -0.17865537305615134
71.136 -1.0702569832442588 -0.17564191159160308
71.162 -1.065669483478298 -0.17319347415165637
71.188 -1.06108198371234 -0.17074503671171098
71.209 -1.0573546505438385 -0.1687657725457538
71.239 -1.052061759955202 -0.16593994360246564
71.267 -1.0471217287391428 -0.16330250325539758
71.296 -1.0420052678367924 -0.16057086861021813
71.32 -1.0377568904557881 -0.15831641040763453
71.343 -1.0336991804209188 -0.15614961801496285
71.369 -1.0291122038597649 -0.1537002005275963
71.399 -1.023819538596894 -0.1508739495806344
71.493 -1.0072293180728127 -0.14203002435729872
71.594 -0.9894118469272611 -0.13254019645105472
71.686 -0.9737469517355537 -0.12425955137741317
71.774 -0.9585178955730782 -0.1161352857905966
71.868 -0.9417596681441923 -0.10719894339074726
71.966 -0.9259802837087683 -0.09879544913381456
72.046 -0.9145177190265991 -0.09268002135431286
72.136 -0.9032708692094507 -0.08668416562395231
72.22 -0.8947409518198471 -0.08219918370676123
72.299 -0.8877725105719633 -0.07847751384300344
72.399 -0.8800943780110068 -0.07431413995873333
72.5 -0.8754640339137274 -0.07181844381978429
72.596 -0.8723302940348749 -0.07011909698803354
72.691 -0.8705214816603608 -0.06913737835939464
72.778 -0.8703866578205891 -0.06904057301579745
72.871 -0.8702484266580034 -0.06894848094420065
72.968 -0.8702246954798403 -0.06891454936661585
73.067 -0.8702149989193081 -0.06888832104605229
73.163 -0.8701248840493969 -0.0688161669925444
73.263 -0.870072842338317 -0.06876792386135691
73.361 -0.8700468212210719 -0.0687347562444634
73.454 -0.8700370448234088 -0.06871059356821219
73.55 -0.8700176261985022 -0.06868207549941861
73.634 -0.8700327574116877 -0.06866704012032557
73.711 -0.8700219656498662 -0.06864170744450353
73.804 -0.8700372313888789 -0.06863441031089619
73.894 -0.8700372313888789 -0.06863441031089619
73.992 -0.8700811290162297 -0.06864509261847916
74.083 -0.8700872278229572 -0.0686304748488156
74.171 -0.8700711172706326 -0.06860730128615945
74.263 -0.8701616519580065 -0.06863617745392775
74.341 -0.870163130773347 -0.06861875007643634
