6.825 0.9998343945834417 -0.4999999987304696
6.898 0.9998343945834417 -0.4999999987304696
6.996 1.0017943945834418 -0.4999999986956755
7.093 1.0056743945834417 -0.4999999986267975
7.18 1.0108943945834417 -0.49999999853413174
7.275 1.0184943945834417 -0.49999999839921605
7.365 1.0274943945834416 -0.49999999823944746
7.395 1.0310943945834414 -0.49999999817554003
7.426 1.0354343945834414 -0.49999999809849605
7.452 1.0395943945834414 -0.49999999802464745
7.479 1.0444543945834415 -0.4999999979383724
7.506 1.0498543945834415 -0.49999999784251126
7.535 1.0556543945834416 -0.4999999977395493
7.565 1.0616543945834416 -0.4999999976330369
7.595 1.0676543945834414 -0.49999999752652446
7.632 1.0750543945834412 -0.49999999739515916
7.656 1.0798543945834411 -0.49999999730994926
7.6850000000000005 1.0856543945834414 -0.4999999972069873
7.714 1.0914543945834414 -0.4999999971040253
7.743 1.0972543945834414 -0.49999999700106335
7.773 1.1032543945834412 -0.49999999689455094
7.805 1.1096543945834412 -0.4999999967809377
7.836 1.1158543945834414 -0.4999999966708749
7.86 1.1206543945834413 -0.499999996585665
7.893 1.1272543945834412 -0.4999999964685014
7.92 1.1326543945834413 -0.49999999637264025
7.959 1.1404543945834413 -0.4999999962341741
7.979 1.1444543945834413 -0.49999999616316587
8.01 1.1506543945834413 -0.499999996053103
8.038 1.1562543945834414 -0.49999999595369143
8.067 1.1620543945834414 -0.49999999585072946
8.097 1.1680543945834412 -0.49999999574421705
8.125 1.1736543945834412 -0.49999999564480546
8.155 1.179654394583441 -0.49999999553829305
8.177 1.184054394583441 -0.499999995460184
8.197 1.188054394583441 -0.4999999953891757
8.227 1.1940543945834412 -0.4999999952826633
8.251 1.1988543945834411 -0.4999999951974534
8.282 1.2050543945834413 -0.4999999950873906
8.313 1.2112543945834413 -0.49999999497732783
8.343 1.217254394583441 -0.4999999948708154
8.372 1.2230543945834411 -0.49999999476785345
8.402 1.229054394583441 -0.49999999466134104
8.434 1.2354543945834409 -0.4999999945477278
8.458 1.240254394583441 -0.4999999944625179
8.493 1.2472543945834411 -0.49999999433825343
8.507 1.2500543945834408 -0.49999999428854763
8.537 1.256054394583441 -0.4999999941820352
8.568 1.2622543945834408 -0.49999999407197243
8.597 1.2680543945834408 -0.49999999396901046
8.628 1.2742543945834408 -0.4999999938589476
8.661 1.2808543945834407 -0.499999993741784
8.686 1.2858543945834409 -0.49999999365302367
8.716 1.2918543945834409 -0.49999999354651126
8.741 1.296854394583441 -0.4999999934577509
8.763 1.301254394583441 -0.49999999337964185
8.785 1.305654394583441 -0.4999999933015328
8.816 1.311854394583441 -0.49999999319147
8.845 1.3176543945834411 -0.499999993088508
8.873 1.323254394583441 -0.4999999929890964
8.904 1.3294543945834412 -0.49999999287903363
8.933 1.3352543945834412 -0.49999999277607166
8.963000000000001 1.3412543945834414 -0.49999999266955925
8.993 1.3472543945834412 -0.49999999256304684
9.024 1.353454394583441 -0.49999999245298404
9.052 1.359054394583441 -0.49999999235357245
9.081 1.364854394583441 -0.4999999922506105
9.102 1.3690543945834412 -0.4999999921760518
9.125 1.3736543945834412 -0.4999999920943923
9.152 1.379054394583441 -0.4999999919985311
9.183 1.3852543945834412 -0.49999999188846833
9.208 1.3902543945834414 -0.49999999179970805
9.234 1.3954543945834412 -0.49999999170739734
9.265 1.4016543945834414 -0.49999999159733455
9.292 1.4070543945834413 -0.4999999915014734
9.319 1.4124543945834416 -0.49999999140561224
9.347 1.4180543945834414 -0.49999999130620065
9.377 1.4240543945834416 -0.49999999119968824
9.406 1.4298543945834417 -0.49999999109672627
9.437 1.4360543945834414 -0.4999999909866635
9.459 1.4404543945834414 -0.4999999909085544
9.49 1.4466543945834416 -0.4999999907984916
9.533 1.4552543945834415 -0.49999999064582384
9.552 1.4590543945834415 -0.49999999057836597
9.582 1.4650543945834418 -0.49999999047185356
9.611 1.4708543945834418 -0.4999999903688916
9.643 1.4772543945834418 -0.49999999025527836
9.671 1.4828543945834416 -0.49999999015586677
9.703 1.4892543945834416 -0.49999999004225354
9.732 1.4950543945834416 -0.49999998993929157
9.762 1.5010543945834418 -0.49999998983277916
9.794 1.5074543945834418 -0.4999999897191659
9.82 1.5126543945834419 -0.4999999896268552
9.849 1.518454394583442 -0.49999998952389324
9.88 1.524654394583442 -0.49999998941383045
9.919 1.5324543945834421 -0.4999999892753643
9.939 1.5364543945834421 -0.49999998920435607
9.968 1.5422543945834422 -0.4999999891013941
9.997 1.5480543945834422 -0.4999999889984321
10.017 1.552054394583442 -0.49999998892742387
10.043 1.5572543945834418 -0.49999998883511315
10.069 1.5624543945834422 -0.49999998874280244
10.1 1.568654394583442 -0.49999998863273964
10.129 1.574454394583442 -0.4999999885297777
10.157 1.580054394583442 -0.4999999884303661
10.186 1.585854394583442 -0.4999999883274041
10.218 1.592254394583442 -0.4999999882137909
10.245 1.5976543945834418 -0.49999998811792973
10.275 1.603654394583442 -0.4999999880114173
10.301 1.6088543945834421 -0.49999998791910655
10.33 1.6146543945834422 -0.4999999878161446
10.361 1.6208543945834424 -0.4999999877060818
10.39 1.6266543945834424 -0.4999999876031198
10.436 1.6358543945834423 -0.4999999874398008
10.45 1.6386543945834422 -0.499999987390095
10.482 1.6450543945834422 -0.49999998727648176
10.512 1.6510543945834424 -0.49999998716996935
10.54 1.6566543945834422 -0.49999998707055776
10.571 1.6628543945834424 -0.49999998696049497
10.601 1.6688543945834426 -0.49999998685398256
10.633 1.6752543945834424 -0.49999998674036933
10.661 1.6808543945834424 -0.49999998664095774
10.689 1.6864543945834425 -0.49999998654154615
10.724 1.6934543945834424 -0.4999999864172817
10.749 1.6984543945834425 -0.4999999863285214
10.778 1.7042543945834425 -0.4999999862255594
10.81 1.7106543945834425 -0.4999999861119462
10.838000000000001 1.7162543945834425 -0.4999999860125346
10.867 1.7220543945834426 -0.4999999859095726
10.897 1.7280543945834423 -0.4999999858030602
10.93 1.734654394583442 -0.49999998568589654
10.954 1.7394543945834422 -0.49999998560068665
10.982 1.745054394583442 -0.49999998550127506
11.001 1.748854394583442 -0.4999999854338172
11.027 1.754054394583442 -0.49999998534150647
11.059 1.7604543945834419 -0.49999998522789324
11.088 1.766254394583442 -0.49999998512493127
11.118 1.7722543945834421 -0.49999998501841886
11.148 1.778254394583442 -0.49999998491190645
11.177 1.784054394583442 -0.4999999848089445
11.212 1.791054394583442 -0.49999998468468
11.237 1.7960543945834422 -0.49999998459591966
11.267 1.802054394583442 -0.49999998448940725
11.294 1.8074543945834423 -0.4999999843935461
11.392 1.827054394583442 -0.49999998404560564
11.489 1.8464543945834424 -0.49999998370121557
11.583 1.865254394583442 -0.49999998336747675
11.683 1.885254394583442 -0.4999999830124355
11.782 1.905054394583442 -0.4999999826609446
11.881 1.922874394583442 -0.49999998234460274
11.98 1.9387143945834417 -0.49999998206341
12.074 1.9518743945834416 -0.49999998182979283
12.175 1.9639943945834417 -0.4999999816146378
12.275 1.9739943945834417 -0.49999998143711716
12.372 1.9817543945834417 -0.49999998129936113
12.405 1.9837343945834418 -0.499999981264212
12.493 1.987254349152426 -0.5000154691017766
12.582 1.989034046836972 -0.500046973009215
12.672 1.989034046836972 -0.500046973009215
12.756 1.989034046836972 -0.500046973009215
12.854 1.989034046836972 -0.500046973009215
12.877 1.989034046836972 -0.500046973009215
12.9 1.989034046836972 -0.500046973009215
12.926 1.989034046836972 -0.500046973009215
12.952 1.989034046836972 -0.500046973009215
12.977 1.989034046836972 -0.500046973009215
13.001 1.989034046836972 -0.500046973009215
13.029 1.989034046836972 -0.500046973009215
13.059 1.989034046836972 -0.500046973009215
13.09 1.989034046836972 -0.500046973009215
13.143 1.989034046836972 -0.500046973009215
13.153 1.989034046836972 -0.500046973009215
13.182 1.989034046836972 -0.500046973009215
13.213 1.989034046836972 -0.500046973009215
13.242 1.989034046836972 -0.500046973009215
13.271 1.989034046836972 -0.500046973009215
13.3 1.989034046836972 -0.500046973009215
13.322 1.989034046836972 -0.500046973009215
13.35 1.989034046836972 -0.500046973009215
13.376 1.989034046836972 -0.500046973009215
13.4 1.989034046836972 -0.500046973009215
13.428 1.989034046836972 -0.500046973009215
13.45 1.989034046836972 -0.500046973009215
13.477 1.989034046836972 -0.500046973009215
13.505 1.989034046836972 -0.500046973009215
13.534 1.989034046836972 -0.500046973009215
13.562 1.989034046836972 -0.500046973009215
13.591 1.989034046836972 -0.500046973009215
13.622 1.989034046836972 -0.500046973009215
13.64 1.989034046836972 -0.500046973009215
13.671 1.989034046836972 -0.500046973009215
13.701 1.989034046836972 -0.500046973009215
13.731 1.989034046836972 -0.500046973009215
13.829 1.989034046836972 -0.500046973009215
13.921 1.989034046836972 -0.500046973009215
13.922 1.989034046836972 -0.500046973009215
14.02 1.9896992715742967 -0.5018899559989652
14.116 1.99070066630952 -0.5055961079456308
14.21 1.9917800119949056 -0.5111308290350784
14.306 1.9927822890799929 -0.5187440763707507
14.403 1.9935365622541021 -0.5284137521576985
14.432 1.993702829277779 -0.5318897584119355
14.463 1.9938648741542089 -0.5362267165280379
14.492 1.9940031085424086 -0.5408646504321964
14.531 1.9941782136069248 -0.5478824617543613
14.546 1.9942471965601267 -0.5508816685415245
14.574 1.9943759647394368 -0.5564801878775631
14.613 1.9945553204177615 -0.5642781255241882
14.631 1.9946380999616038 -0.5678771736687845
14.662 1.9947806647315542 -0.5740755343622559
14.692 1.9949186306379578 -0.5800739479365827
14.732 1.9951025851798292 -0.5880718327023519
14.749 1.9951807658601246 -0.591470933727804
14.771 1.995281940858154 -0.5958697703489771
14.792 1.9953785169926364 -0.6000686598510059
14.816 1.9954888897177592 -0.6048673907104677
14.838000000000001 1.9955900647157885 -0.6092662273316408
14.865 1.9957142340315517 -0.6146647995485349
14.896 1.9958567988015021 -0.6208631602420063
14.928 1.9960039624349994 -0.6272614680546217
14.956 1.9961327306143095 -0.63285998739066
14.986 1.996270696520713 -0.6388584009649871
15.078 1.9966937919670176 -0.6572535359262562
15.167 1.9971030908226817 -0.675048829530093
15.255 1.997507790814799 -0.6926441760147858
15.349 1.997940083988197 -0.7114392052143436
15.429 1.99830799307194 -0.7274349747458823
15.521 1.998688778973614 -0.7439905962110248
15.624 1.9990677253298692 -0.7604662388285095
15.718 1.9993703305512478 -0.7736227592681999
15.803 1.9996048725921338 -0.7838200623445558
15.895 1.999816420315286 -0.7930176298251904
15.963000000000001 1.9999415094037585 -0.7984561914659137
16.061 2.000166853717551 -0.8082536003039811
16.16 2.00044002621223 -0.8201304591811485
16.259 2.0007587274560223 -0.8339867945378439
16.348 2.0010861665405533 -0.8482230294209131
16.428 2.001417284715922 -0.8626192219992982
16.456 2.001546052895232 -0.8682177413353365
16.486 2.001684018801636 -0.8742161549096636
16.52 2.001840380162226 -0.8810143569605673
16.54 2.001932357433162 -0.8850132993434519
16.571 2.002074922203112 -0.8912116600369235
16.603 2.002222085836609 -0.8976099678495391
16.63 2.0023462551523723 -0.9030085400664328
16.659 2.0024796221952292 -0.9088070065216156
16.691 2.0026267858287263 -0.915205314334231
16.739 2.002847531278972 -0.9248027760531545
16.75 2.0028981187779866 -0.927002194363741
16.772 2.002999293776016 -0.9314010309849138
16.803 2.003141858545966 -0.9375993916783855
16.837 2.003298219906557 -0.9443975937292891
16.867 2.003436185812961 -0.9503960073036163
16.895 2.003564953992271 -0.9559945266396546
16.93 2.0037259142164086 -0.9629926758097027
16.954 2.0038362869415316 -0.9677914066691645
16.983 2.0039696539843885 -0.9735898731243473
17.013 2.0041076198907923 -0.9795882866986745
17.044 2.0042501846607426 -0.9857866473921455
17.068 2.0043605573858656 -0.9905853782516073
17.096 2.0044893255651757 -0.9961838975876456
17.128 2.0046364891986728 -1.002582205400261
17.15 2.004737664196702 -1.006981042021434
17.178 2.004866432376012 -1.012579561357473
17.202 2.004976805101135 -1.017378292216935
17.231 2.005110172143992 -1.0231767586721177
17.264 2.005261934641036 -1.0297750136038768
17.289 2.005376906229706 -1.034773691582483
17.314 2.0054918778183755 -1.0397723695610885
17.337 2.0055976516799516 -1.0443711533014057
17.364 2.005721820995715 -1.0497697255183003
17.382 2.005804600539557 -1.0533687736628965
17.408 2.005924170991774 -1.0585673987606465
17.438 2.0060621368981777 -1.064565812334973
17.467 2.0061955039410346 -1.0703642787901557
17.494 2.006319673256798 -1.0757628510070503
17.516 2.006420848254827 -1.0801616876282232
17.546 2.006558814161231 -1.0861601012025504
17.574 2.006687582340541 -1.0917586205385894
17.6 2.0068071527927573 -1.0969572456363395
17.624 2.0069175255178804 -1.1017559764958005
17.653 2.0070508925607373 -1.1075544429509832
17.683 2.007188858467141 -1.1135528565253103
17.711 2.007317626646451 -1.1191513758613487
17.741 2.007455592552855 -1.125149789435676
17.77 2.007588959595712 -1.1309482558908586
17.797 2.007713128911475 -1.1363468281077531
17.83 2.007864891408519 -1.1429450830395123
17.854 2.007975264133642 -1.147743813898974
17.881 2.0080994334494053 -1.1531423861158685
17.908 2.008223602765169 -1.158540958332763
17.937 2.008356969808026 -1.1643394247879457
17.968 2.008499534577976 -1.1705377854814167
17.997 2.008632901620833 -1.1763362519365994
18.031 2.0087892629814235 -1.183134453987503
18.052 2.008885839115906 -1.1873333434895321
18.084 2.009033002749403 -1.1937316513021476
18.138 2.0092813413809294 -1.2045287957359367
18.144 2.00930893456221 -1.2057284784508016
18.172 2.0094377027415202 -1.2113269977868406
18.2 2.0095664709208303 -1.2169255171228788
18.22 2.009658448191766 -1.2209244595057633
18.251 2.009801012961716 -1.227122820199235
18.281 2.00993897886812 -1.2331212337735615
18.307 2.0100585493203367 -1.2383198588713116
18.333 2.010178119772553 -1.2435184839690616
18.363 2.010316085678957 -1.2495168975433888
18.394 2.010458650448907 -1.2557152582368598
18.423000000000002 2.010592017491764 -1.2615137246920434
18.452 2.010725384534621 -1.267312191147226
18.484 2.010872548168118 -1.2737104989598416
18.509 2.0109875197567875 -1.278709176938447
18.545 2.011153078844472 -1.2859072732276398
18.567 2.0112542538425013 -1.2903061098488127
18.596 2.0113876208853583 -1.2961045763039953
18.631 2.0115485811094955 -1.3031027254740435
18.655 2.0116589538346186 -1.3079014563335052
18.686 2.011801518604569 -1.3140998170269762
18.706 2.0118934958755044 -1.3180987594098608
18.736 2.012031461781908 -1.324097172984188
18.765 2.012164828824765 -1.3298956394393706
18.791 2.0122843992769814 -1.3350942645371207
18.83 2.012463754955306 -1.3428922021837453
18.849 2.0125511333626953 -1.346691197447486
18.88 2.0126936981326455 -1.352889558140957
18.909 2.012827065175502 -1.3586880245961397
18.941 2.012974228808999 -1.3650863324087552
18.968 2.0130983981247623 -1.3704849046256498
18.998 2.013236364031166 -1.376483318199977
19.038 2.0134203185730377 -1.3844812029657463
19.057 2.013507696980427 -1.3882801982294863
19.091 2.0136640583410177 -1.3950784002803907
19.117 2.013783628793234 -1.4002770253781407
19.147 2.013921594699638 -1.4062754389524672
19.177 2.0140595606060416 -1.4122738525267944
19.206 2.0141929276488986 -1.418072318981977
19.236 2.0143308935553024 -1.4240707325563042
19.268 2.0144780571887995 -1.4304690403689198
19.295 2.0146022265045627 -1.4358676125858143
19.331 2.014767785592247 -1.4430657088750063
19.353 2.014868960590276 -1.4474645454961799
19.381 2.014997728769586 -1.453063064832218
19.412 2.015140293539537 -1.459261425525689
19.445 2.015292056036581 -1.465859680457449
19.474 2.0154254230794377 -1.4716581469126317
19.502 2.015554191258748 -1.4772566662486701
19.531 2.0156875583016047 -1.4830551327038528
19.559 2.015816326480915 -1.4886536520398919
19.586 2.015940495796678 -1.4940522242567857
19.617 2.0160830605666282 -1.5002505849502574
19.645 2.0162118287459383 -1.5058491042862956
19.675 2.016349794652342 -1.5118475178606228
19.705 2.0164877605587455 -1.5178459314349493
19.738 2.0166395230557894 -1.5244441863667093
19.834 2.017081013956281 -1.5436391098045557
19.934 2.01754090031096 -1.5636338217189791
20.03 2.0179823912114516 -1.5828287451568255
20.123 2.0184100855213027 -1.601423827237239
20.231 2.0189067627843555 -1.6230181161048163
20.3 2.019192352210611 -1.635434832203673
20.387 2.0195124331134675 -1.6493511516961115
20.489 2.019840791970708 -1.6636273760030098
20.575 2.0200780933297224 -1.673944647350852
20.663 2.020280443325781 -1.6827423205931982
20.759 2.020457039685978 -1.6904202899683367
20.858 2.0205936259333175 -1.6963587194069205
20.943 2.020671806613613 -1.6997578204323727
21.045 2.020708313049443 -1.7017974849143882
21.142 2.020708313049443 -1.7017974849143882
21.244 2.020708313049443 -1.7017974849143882
21.334 2.020708313049443 -1.7017974849143882
21.432 2.020708313049443 -1.7017974849143882
21.451 2.020708313049443 -1.7017974849143882
21.478 2.020708313049443 -1.7017974849143882
21.507 2.020708313049443 -1.7017974849143882
21.535 2.020708313049443 -1.7017974849143882
21.561 2.020708313049443 -1.7017974849143882
21.594 2.020708313049443 -1.7017974849143882
21.632 2.020708313049443 -1.7017974849143882
21.646 2.020708313049443 -1.7017974849143882
21.676 2.020708313049443 -1.7017974849143882
21.704 2.020708313049443 -1.7017974849143882
21.734 2.020708313049443 -1.7017974849143882
21.76 2.020708313049443 -1.7017974849143882
21.791 2.020708313049443 -1.7017974849143882
21.895 2.020708313049443 -1.7017974849143882
21.989 2.020708313049443 -1.7017974849143882
22.064 2.020708313049443 -1.7017974849143882
22.156 2.019426069587214 -1.703116392752168
22.248 2.0166631872271608 -1.705545954224597
22.348 2.0118858183990818 -1.7091739081219455
22.441 2.005690355458395 -1.7132916111032896
22.539 1.99725653566091 -1.7182807462145164
22.569 1.9941036521801923 -1.7200183221805572
22.6 1.9902805737733067 -1.7220724730361694
22.629 1.9861767540097641 -1.7242376988890027
22.652 1.982507357708443 -1.7261547599803988
22.677 1.9780730590321343 -1.728464953749173
22.703 1.9734613884087728 -1.7308675552686983
22.727 1.969204461679516 -1.7330853412867218
22.75 1.9651249068973116 -1.735210719553994
22.775 1.9606906082210027 -1.7375209133227683
22.801 1.9560789375976413 -1.7399235148422934
22.831 1.9507577791860702 -1.7426957473648226
22.859 1.9457913646686036 -1.74528316438585
22.89 1.9402928343099806 -1.74814780465913
22.934 1.9324884686396766 -1.7522137456921725
22.951 1.9294731455397864 -1.7537846774549388
22.981 1.9241519871282153 -1.756556909977468
23.009 1.9191855726107494 -1.759144326998495
23.036 1.9143965300403354 -1.7616393362687712
23.062 1.909784859416974 -1.7640419377882965
23.09 1.904818444899508 -1.7666293548093237
23.11 1.901271005958461 -1.768477509824343
23.14 1.8959498475468899 -1.7712497423468723
23.169 1.8908060610823714 -1.7739295671186504
23.198 1.8856622746178529 -1.7766093918904284
23.224 1.8810506039944914 -1.7790119934099538
23.249 1.8766163053181826 -1.781322187178728
23.272 1.8725367505359782 -1.7834475654460002
23.292 1.8689893115949303 -1.78529572046102
23.322 1.8636681531833599 -1.7880679529835488
23.343 1.85994334229526 -1.7900085157493193
23.373 1.854622183883689 -1.7927807482718485
23.402 1.8494783974191704 -1.7954605730436266
23.422 1.8459309584781232 -1.797308728058646
23.446 1.8416740317488662 -1.7995265140766694
23.475 1.8365302452843477 -1.8022063388484475
23.507 1.8308543429786721 -1.8051633868724786
23.534 1.8260653004082588 -1.8076583961427546
23.563 1.8209215139437402 -1.8103382209145327
23.591 1.8159550994262736 -1.81292563793556
23.601 1.8141813799557505 -1.8138497154430695
23.617 1.8113434288029122 -1.8153282394550851
23.645 1.8063770142854463 -1.8179156564761123
23.674 1.8012332278209278 -1.8205954812478904
23.704 1.7959120694093567 -1.8233677137704196
23.734 1.7905909109977856 -1.8261399462929488
23.763 1.785447124533267 -1.828819771064727
23.789 1.7808354539099056 -1.8312223725842522
23.815 1.7762237832865442 -1.8336249741037773
23.838 1.7721442285043398 -1.8357503523710497
23.868 1.7668230700927694 -1.8385225848935784
23.899 1.7613245397341457 -1.8413872251668588
23.926 1.7565354971637324 -1.8438822344371348
23.954 1.7515690826462658 -1.8464696514581622
23.984 1.7462479242346947 -1.8492418839806914
24.013 1.7411041377701761 -1.8519217087524698
24.04 1.7363150951997628 -1.8544167180227458
24.072 1.7306391928940872 -1.8573737660467768
24.101 1.7254954064295687 -1.860053590818555
24.135 1.719464760229788 -1.863195454344088
24.153 1.7162720651828458 -1.8648587938576053
24.183 1.7109509067712747 -1.8676310263801346
24.207 1.7066939800420178 -1.8698488123981578
24.221 1.7042107727832847 -1.8711425209086714
24.244 1.7001312180010804 -1.8732678991759437
24.271 1.6953421754306663 -1.87576290844622
24.295 1.6910852487014094 -1.8779806944642434
24.323 1.6861188341839435 -1.8805681114852706
24.352 1.680975047719425 -1.8832479362570487
24.377 1.6765407490431161 -1.8855581300258228
24.402 1.6721064503668066 -1.8878683237945972
24.425 1.6680268955846023 -1.8899937020618696
24.452 1.6632378530141883 -1.8924887113321458
24.476 1.658980926284932 -1.8947064973501688
24.502 1.6543692556615706 -1.8971090988696941
24.527 1.649934956985261 -1.8994192926384685
24.559 1.6442590546795854 -1.9023763406624996
24.588 1.639115268215067 -1.9050561654342777
24.617 1.6339714817505484 -1.9077359902060558
24.639 1.6300692989153966 -1.909768960722577
24.67 1.624570768556773 -1.9126336009958573
24.696 1.6199590979334115 -1.9150362025153826
24.73 1.6139284517336314 -1.9181780660409156
24.757 1.6091394091632174 -1.9206730753111918
24.777 1.6055919702221702 -1.9225212303262111
24.8 1.6015124154399658 -1.9246466085934835
24.819 1.5981423484459711 -1.9264023558577517
24.841 1.5942401656108187 -1.9284353263742733
24.875 1.5882095194110386 -1.9315771898998062
24.91 1.582001501264206 -1.9348114611760903
24.936 1.5773898306408445 -1.9372140626956156
24.967 1.5718913002822215 -1.9400787029688955
24.988 1.5681664893941216 -1.942019265734666
25.011 1.5640869346119175 -1.9441446440019383
25.043 1.558411032306242 -1.9471016920259694
25.071 1.5534446177887753 -1.9496891090469968
25.097 1.5488329471654139 -1.952091710566522
25.119 1.544930764330262 -1.9541246810830433
25.139 1.5413833253892149 -1.9559728360980626
25.173 1.5353526791894347 -1.9591146996235955
25.195 1.5314504963542823 -1.9611476701401171
25.227 1.5257745940486067 -1.9641047181641482
25.256 1.5206308075840882 -1.9667845429359263
25.283 1.5158417650136742 -1.9692795522062025
25.313 1.5105206066021035 -1.9720517847287313
25.341 1.505554192084637 -1.9746392017497587
25.371 1.5002330336730665 -1.9774114342722875
25.401 1.4949118752614954 -1.9801836667948167
25.433 1.4892359729558198 -1.9831407148188478
25.464 1.4837374425971968 -1.9860053550921277
25.491 1.4789484000267827 -1.988500364362404
25.532 1.4716761501976359 -1.9922890821431938
25.628 1.454648443280609 -2.001160226215287
25.727 1.437088620522425 -2.010308593539633
25.8 1.4241404683876022 -2.017054359344454
25.891 1.4079996212058377 -2.025463464662792
25.991 1.3902624265006012 -2.034704239737889
26.067 1.3781301853222194 -2.0410249298892555
26.166 1.3640823271156723 -2.0483436237487327
26.245 1.3542736584436765 -2.0534537723652617
26.35 1.3430992257793777 -2.059275460662573
26.381 1.3403499606000662 -2.060707780799213
26.473 1.3338384077001344 -2.064138363367265
26.565 1.3289907647314834 -2.0667784198035255
26.657 1.325800391070066 -2.068612283552775
26.737000000000002 1.3244376598192253 -2.0694505824804286
26.831 1.3244376598192253 -2.0694505824804286
26.922 1.3244376598192253 -2.0694505824804286
26.975 1.3244376598192253 -2.0694505824804286
27.074 1.322893981822358 -2.070690473670894
27.166 1.3200586022857101 -2.0730363055839613
27.258 1.3158217492192965 -2.076574592753429
27.362 1.3094357677858612 -2.081907663269728
27.462 1.301760309332213 -2.0883176037941267
27.492 1.2989971442888995 -2.0906251823829103
27.522 1.2957734517383677 -2.093317357403157
27.548000000000002 1.2925804610216496 -2.095983892661307
27.578 1.28843571345668 -2.0994452605444818
27.605 1.2842909658917099 -2.102906628427657
27.634 1.279839199988594 -2.1066243939318077
27.663 1.2753874340854783 -2.1103421594359584
27.693 1.2707821590132893 -2.1141881237505973
27.728 1.2654093380957356 -2.1186750821176763
27.746 1.2626461730524228 -2.1209826607064595
27.773 1.2585014254874527 -2.1244440285896347
27.781 1.2572733521348691 -2.125469619073538
27.802 1.254049659584337 -2.1281617940937854
27.833 1.2492908753430751 -2.132135957218912
27.86 1.245146127778105 -2.135597325102087
27.888 1.2408478710440618 -2.1391868917957506
27.916 1.2365496143100192 -2.1427764584894136
27.939 1.233018903421341 -2.145725031130637
27.968 1.2285671375182252 -2.1494427966347875
27.996 1.2242688807841824 -2.1530323633284505
28.02 1.220584660726431 -2.1561091347801615
28.047 1.216439913161461 -2.1595705026633367
28.078 1.2116811289201992 -2.1635446657884634
28.107 1.2072293630170834 -2.1672624312926145
28.138 1.2024705787758212 -2.1712365944177416
28.168 1.1978653037036326 -2.17508255873238
28.196 1.1935670469695894 -2.1786721254260435
28.225 1.1891152810664736 -2.182389890930194
28.252 1.184970533501504 -2.185851258813369
28.281 1.1805187675983881 -2.1895690243175197
28.312 1.175759983357126 -2.1935431874426468
28.342 1.1711547082849374 -2.197389151757285
28.368 1.1671634698890405 -2.200722320829972
28.399 1.1624046856477783 -2.2046964839550993
28.428 1.1579529197446625 -2.2084142494592505
28.455 1.153808172179693 -2.211875617342425
28.482 1.1496634246147228 -2.2153369852256004
28.514 1.1447511312043879 -2.2194393471612153
28.538 1.1410669111466367 -2.2225161186129263
28.567 1.136615145243521 -2.226233884117077
28.598 1.1318563610022592 -2.2302080472422037
28.631 1.126790558422851 -2.2344386079883067
28.655 1.1231063383650999 -2.2375153794400178
28.684 1.118654572461984 -2.2412331449441685
28.712 1.1143563157279412 -2.2448227116378314
28.744 1.1094440223176065 -2.2489250735734463
28.771 1.1052992747526365 -2.2523864414566215
28.799 1.1010010180185936 -2.2559760081502844
28.832 1.0959352154391857 -2.2602065688963875
28.857 1.0920974862123618 -2.2634115391585863
28.887 1.0874922111401728 -2.267257503473225
28.915 1.08319395440613 -2.270847070166888
28.944 1.0787421885030142 -2.274564835671039
28.967 1.075211477614336 -2.277513408312262
28.988 1.0719877850638038 -2.2802055833325094
29.008 1.0689176016823445 -2.2827695595422686
29.035 1.0647728541173744 -2.2862309274254438
29.067 1.0598605607070397 -2.2903332893610586
29.097 1.0552552856348507 -2.2941792536756975
29.131 1.05003597388637 -2.298538013232288
29.154 1.0465052629976919 -2.301486585873511
29.18 1.042514024601795 -2.304819754946198
29.213 1.037448222022387 -2.3090503156923012
29.244 1.0326894377811253 -2.313024478817428
29.271 1.0285446902161552 -2.316485846700603
29.298000000000002 1.0243999426511852 -2.3199472145837783
29.328 1.0197946675789966 -2.323793178898417
29.355 1.0156499200140265 -2.3272545467815924
29.387 1.0107376266036918 -2.3313569087172072
29.417 1.0061323515315028 -2.3352028730318466
29.447 1.0015270764593143 -2.339048837346485
29.472 0.9976893472324899 -2.3422538076086843
29.499 0.9935445996675203 -2.345715175491859
29.539 0.9874042329046013 -2.350843127911378
29.558 0.9844875586922153 -2.353278905310649
29.592 0.9792682469437347 -2.35763766486724
29.633 0.9729743710117432 -2.362893816097247
29.653 0.9699041876302841 -2.365457792307006
29.683 0.9652989125580951 -2.369303756621645
29.714 0.9605401283168334 -2.3732779197467715
29.737000000000002 0.9570094174281548 -2.376226492387995
29.762 0.953171688201331 -2.379431462650194
29.785 0.949640977312653 -2.3823800352914173
29.808 0.9461102664239749 -2.38532860793264
29.837 0.941658500520859 -2.389046373436791
29.868 0.9368997162795973 -2.3930205365619175
29.896 0.9326014595455541 -2.396610103255581
29.948 0.9246189827537601 -2.403276441400955
29.957 0.9232374002321033 -2.4044302306953464
29.986 0.9187856343289874 -2.408147996199497
30.013 0.9146408867640172 -2.4116093640826723
30.035 0.9112636850444122 -2.4144297379134074
30.063 0.9069654283103695 -2.4180193046070704
30.092 0.9025136624072536 -2.421737070111221
30.12 0.8982154056732103 -2.4253266368048845
30.151 0.8934566214319487 -2.429300799930011
30.173 0.8900794197123437 -2.432121173760746
30.202 0.8856276538092273 -2.435838939264898
30.236 0.8804083420607467 -2.4401976988214886
30.263 0.8762635944957765 -2.443659066704664
30.293 0.8716583194235881 -2.4475050310193023
30.332 0.8656714618297423 -2.452504784628333
30.352 0.8626012784482832 -2.4550687608380923
30.382 0.8579960033760942 -2.4589147251527312
30.411 0.8535442374729783 -2.4626324906568824
30.444 0.8484784348935709 -2.466863051402985
30.48 0.842952104806944 -2.471478208580552
30.499 0.840035430594558 -2.4739139859798227
30.532 0.83496962801515 -2.4781445467259258
30.558 0.830978389619253 -2.4814777157986128
30.59 0.8260660962089181 -2.4855800777342276
30.617 0.8219213486439481 -2.489041445617403
30.644 0.8177766010789784 -2.4925028135005776
30.674 0.8131713260067894 -2.4963487778152165
30.7 0.8091800876108924 -2.4996819468879035
30.724 0.8054958675531412 -2.5027587183396145
30.752 0.8011976108190985 -2.5063482850332774
30.778 0.7972063724232015 -2.5096814541059644
30.801 0.7936756615345234 -2.5126300267471877
30.826 0.789837932307699 -2.515834997009387
30.853 0.7856931847427289 -2.519296364892562
30.881 0.7813949280086862 -2.522885931586225
30.912 0.7766361437674245 -2.5268600947113518
30.942 0.7720308686952355 -2.5307060590259907
30.971 0.7675791027921196 -2.5344238245301414
31.002 0.762820318550858 -2.538397987655268
31.041 0.7568334609570122 -2.543397741264299
31.06 0.7539167867446261 -2.54583351866357
31.09 0.7493115116724371 -2.549679482978209
31.12 0.7447062366002482 -2.5535254472928477
31.154 0.7394869248517676 -2.5578842068494385
31.174 0.7364167414703084 -2.5604481830591976
31.2 0.7324255030744115 -2.5637813521318846
31.234 0.7272061913259303 -2.568140111688476
31.263 0.7227544254228144 -2.5718578771926266
31.292 0.7183026595196985 -2.5755756426967773
31.347 0.7098596552206856 -2.582626577273615
31.354 0.7087850910371752 -2.5835239689470306
31.382 0.704486834303132 -2.587113535640694
31.409 0.7003420867381623 -2.5905749035238688
31.443 0.6951227749896812 -2.59493366308046
31.469 0.6911315365937842 -2.598266832153147
31.497 0.6868332798597415 -2.60185639884681
31.54 0.6802323855896042 -2.607368947697792
31.557 0.677622729715364 -2.6095483274760873
31.589 0.6727104363050291 -2.613650689411702
31.618 0.6682586704019132 -2.6173684549158533
31.647 0.6638069044987973 -2.621086220420004
31.677 0.6592016294266083 -2.624932184734643
31.706 0.6547498635234924 -2.628649950238794
31.742 0.6492235334368656 -2.633265107416361
31.766 0.6455393133791149 -2.6363418788680715
31.796 0.6409340383069259 -2.6401878431827104
31.843 0.6337191073604966 -2.6462131872756447
31.855 0.6318769973316211 -2.6477515730015004
31.884 0.6274252314285051 -2.651469338505651
31.902 0.6246620663851917 -2.6537769170944348
31.916 0.6225129380181703 -2.655571700441266
31.947 0.6177541537769087 -2.6595458635663927
31.974 0.6136094062119385 -2.663007231449568
32.007 0.6085436036325311 -2.6672377921956705
32.044 0.6028637643768316 -2.671981148183725
32.063 0.5999470901644445 -2.674416925582997
32.091 0.5956488334304018 -2.6780064922766598
32.14 0.5881268841458266 -2.6842882339905696
32.152 0.586284774116951 -2.6858266197164253
32.182 0.581679499044762 -2.6896725840310642
32.2 0.5789163340014486 -2.691980162619848
32.241 0.5726224580694577 -2.697236313849854
32.263 0.5692452563498527 -2.700056687680589
32.29 0.5651005087848825 -2.703518055563764
32.314 0.5614162887271312 -2.706594827015475
32.343 0.5569645228240148 -2.7103125925196268
32.37 0.5528197752590457 -2.713773960402801
32.41 0.5466794084961274 -2.7189019128223193
32.438 0.5423811517620836 -2.722491479515983
32.461 0.5388504408734061 -2.725440052157206
32.491 0.5342451658012171 -2.729286016471845
32.523 0.5293328723908817 -2.73338837840746
32.541 0.5265697073475694 -2.735695956996243
32.568 0.5224249597825992 -2.739157324879418
32.592 0.5187407397248479 -2.742234096331129
32.621 0.5142889738217314 -2.7459518618352807
32.641 0.5112187904402729 -2.7485158380450394
32.67 0.5067670245371564 -2.752233603549191
32.7 0.5021617494649674 -2.75607956786383
32.717 0.49955209359072766 -2.758258947642125
32.747 0.4949468185185386 -2.7621049119567638
32.778 0.490188034277277 -2.7660790750818904
32.8 0.48681083255767205 -2.7688994489126255
32.837 0.4811309933019715 -2.773642804900681
32.86 0.477600282413294 -2.7765913775419038
32.887 0.47345553484832387 -2.780052745425079
32.908 0.4702318422977915 -2.7827449204453267
32.938 0.4656265672256025 -2.7865908847599656
32.97 0.46071427381526825 -2.79069324669558
32.996 0.4567230354193707 -2.7940264157682675
33.038 0.45027565031830713 -2.7994107658087612
33.056 0.4475124852749937 -2.801718344397545
33.087 0.44275370103373096 -2.8056925075226724
33.109 0.43937649931412603 -2.8085128813534075
33.145 0.4338501692274992 -2.8131280385309743
33.164 0.4309334950151132 -2.815563815930245
33.19 0.42694225661921675 -2.8188969850029317
33.214 0.42325803656146554 -2.8219737564546428
33.223 0.42187645403980883 -2.8231275457490344
33.252 0.4174246881366924 -2.826845311253186
33.281 0.41297292223357707 -2.830563076757336
33.31 0.40852115633046066 -2.8342808422614874
33.336 0.4045299179345642 -2.837614011334174
33.364 0.4002316612005215 -2.841203578027837
33.385 0.39700796864998916 -2.843895753048084
33.409 0.39332374859223795 -2.846972524499795
33.441 0.3884114551819026 -2.8510748864354105
33.47 0.38395968927878726 -2.8547926519395608
33.506 0.3784333591921604 -2.8594078091171276
33.521 0.3761307216560659 -2.861330791274447
33.548 0.3719859740910958 -2.864792159157622
33.577 0.36753420818798044 -2.8685099246617725
33.605 0.3632359514539377 -2.8720994913554354
33.636 0.358477167212675 -2.876073654480563
33.665 0.3540254013095596 -2.879791419984713
33.693 0.3497271445755169 -2.883380986678376
33.721000000000004 0.3454288878414731 -2.88697055337204
33.742 0.34220519529094184 -2.8896627283922864
33.773 0.3374464110496791 -2.893636891517414
33.801 0.3331481543156364 -2.897226458211077
33.844 0.3265472600454991 -2.9027390070620593
33.861 0.3239376041712594 -2.9049183868403543
33.887 0.31994636577536184 -2.9082515559130417
33.917 0.3153410907031728 -2.912097520227681
33.936 0.3124244164907868 -2.914533297626952
34.04 0.2964594629071988 -2.9278659739177
34.133 0.2821831101834128 -2.9397884632930813
34.22 0.2688278124740657 -2.9509417598055334
34.295 0.25731462479359307 -2.960556670592131
34.386 0.24334529040795339 -2.972222762346536
34.477 0.23077288946087862 -2.9827222449254993
34.564 0.22008865129340005 -2.991644882135462
34.656 0.21020266080510142 -2.9999008855308866
34.744 0.20209737667804892 -3.006669782724651
34.832 0.1953429732388385 -3.0123105303861215
34.918 0.1900622578227287 -3.0167205694669077
34.995 0.18651619601714337 -3.0196819619891797
35.089 0.18363022363857165 -3.0220920996263536
35.191 0.18206443011402737 -3.023399727493331
35.291 0.18206443011402737 -3.023399727493331
35.387 0.18206443011402737 -3.023399727493331
35.487 0.18206443011402737 -3.023399727493331
35.586 0.18206443011402737 -3.023399727493331
35.687 0.18206443011402737 -3.023399727493331
35.781 0.18206443011402737 -3.023399727493331
35.869 0.18206443011402737 -3.023399727493331
35.961 0.18206443011402737 -3.023399727493331
36.056 0.18206443011402737 -3.023399727493331
36.136 0.18206443011402737 -3.023399727493331
36.219 0.18206443011402737 -3.023399727493331
36.293 0.18206443011402737 -3.023399727493331
36.376 0.1805803088598359 -3.024143356502217
36.458 0.17764782830938514 -3.025612695748691
36.551 0.1726590351778255 -3.0281123643448264
36.649 0.16564969142308972 -3.031624443519325
36.728 0.15858670473145534 -3.0351634008507715
36.759 0.15526084264374918 -3.0368298465815284
36.788 0.15163100391361856 -3.038648601868322
36.802 0.1496283342694079 -3.0396520530610363
36.831 0.1449613987592388 -3.0419904527154857
36.859 0.13995472464871342 -3.0444990806972703
36.889 0.13459043095886433 -3.0471868963920397
36.912 0.13047780579664756 -3.0492475550913625
36.941 0.1252923218964597 -3.05184577692964
36.966 0.12082207715491922 -3.0540856233419476
36.994 0.11581540304439383 -3.056594251323732
37.018 0.11152396809251457 -3.0587445038795473
37.049 0.10598086461300428 -3.0615219134308087
37.078 0.10079538071281642 -3.064120135269086
37.103 0.09632513597127595 -3.0663599816813933
37.132 0.09113965207108936 -3.06895820351967
37.159 0.08631178775022519 -3.0713772376449624
37.187 0.0813051136396998 -3.073885865626747
37.219 0.07558320037052703 -3.0767528690345007
37.249 0.07021890668067796 -3.07944068472927
37.276 0.06539104235981379 -3.0818597188545627
37.3 0.061099607407935796 -3.0840099714103775
37.327 0.05627174308707163 -3.08642900553567
37.351 0.05198030813519237 -3.0885792580914853
37.377 0.04733125360398941 -3.0909086983602854
37.406 0.04214576970380282 -3.093506920198562
37.506 0.02426479073763966 -3.1024663058477926
37.592 0.008887148826739822 -3.1101713775061306
37.683 -0.007384542032468617 -3.1183244184469303
37.725 -0.014894553198257323 -3.1220873604196075
37.814 -0.029248963339242706 -3.129199998148912
37.909 -0.04296128170157595 -3.1357578464820413
38.003 -0.054963721136562754 -3.14115373110868
38.098 -0.06550968018453435 -3.145481214209885
38.197 -0.0748232225608592 -3.1488350057391807
38.225 -0.07695471474484575 -3.149523644292242
38.253 -0.07856246169654431 -3.1500109423386458
38.284 -0.07975681223926018 -3.1503441809552624
38.312 -0.08029978933365865 -3.1504811454747474
38.347 -0.08029978933365865 -3.1504811454747474
38.374 -0.08029978933365865 -3.1504811454747474
38.404 -0.08029978933365865 -3.1504811454747474
38.447 -0.08029978933365865 -3.1504811454747474
38.464 -0.08029978933365865 -3.1504811454747474
38.488 -0.08029978933365865 -3.1504811454747474
38.511 -0.08029978933365865 -3.1504811454747474
38.535 -0.08029978933365865 -3.1504811454747474
38.556 -0.08029978933365865 -3.1504811454747474
38.58 -0.08029978933365865 -3.1504811454747474
38.6 -0.08029978933365865 -3.1504811454747474
38.623 -0.08029978933365865 -3.1504811454747474
38.651 -0.08029978933365865 -3.1504811454747474
38.679 -0.08029978933365865 -3.1504811454747474
38.739 -0.08029978933365865 -3.1504811454747474
38.833 -0.082127655391421 -3.1500438833616626
38.92 -0.08543907688803055 -3.14897617566063
39.005 -0.09018123885565406 -3.147101548421302
39.082 -0.09578174714551954 -3.144537731346809
39.164 -0.1030812680784658 -3.1408030860525513
39.188 -0.10561116730235016 -3.1394268788674977
39.22 -0.10952583370831231 -3.1372484315328513
39.247 -0.11328483960518182 -3.1351195282194726
39.276 -0.11781626100254762 -3.132528273499666
39.3 -0.12197962734944308 -3.1301394703136483
39.329 -0.127010361685277 -3.1272529997972094
39.351 -0.13082678083659854 -3.12506326354336
39.382 -0.13620446236800637 -3.1219777260947534
39.411 -0.1412351967038403 -3.1190912555783146
39.444 -0.14695982543082325 -3.11580665119754
39.471 -0.1516436125710808 -3.1131192476132705
39.501 -0.15684782050470167 -3.110133243630748
39.536 -0.16291939642725975 -3.1066495723178047
39.557 -0.16656234198079437 -3.104559369530039
39.585 -0.1714196027188401 -3.101772432479685
39.612 -0.17610338985909887 -3.0990850288954146
39.651 -0.18286886017280599 -3.0952032237181353
39.667 -0.18564443773740336 -3.09361068826079
39.698 -0.19102211926881119 -3.0905251508121836
39.729 -0.196399800800219 -3.087439613363577
39.747 -0.1995223255603915 -3.0856480109740634
39.78 -0.20524695428737447 -3.082363406593289
39.815 -0.21131853020993133 -3.078879735280346
39.835 -0.21478800216567898 -3.0768890659586643
39.863 -0.21964526290372471 -3.07410212890831
39.889 -0.22415557644619655 -3.0715142587901236
39.923 -0.23005367877096644 -3.068130120943265
39.934 -0.2319618883466266 -3.067035252816341
39.958 -0.23612525469352327 -3.064646449630323
39.984 -0.2406355682359951 -3.0620585795121364
40.015 -0.2460132497674029 -3.05897304206353
40.042 -0.2506970369076617 -3.0562856384792596
40.071 -0.2557277712434944 -3.0533991679628216
40.101 -0.26093197917711525 -3.050413163980299
40.135 -0.26683008150188514 -3.0470290261334405
40.161 -0.271340395044357 -3.044441156015254
40.186 -0.2756772349890406 -3.041952819363152
40.216 -0.2808814429226615 -3.0389668153806295
40.243 -0.2855652300629203 -3.036279411796359
40.271 -0.290422490800966 -3.033492474746005
40.301 -0.29562669873458686 -3.0305064707634823
40.335 -0.30152480105935675 -3.027122332916624
40.354 -0.3048207994173162 -3.0252311970610264
40.384 -0.3100250073509371 -3.0222451930785037
40.413 -0.31505574168676975 -3.0193587225620657
40.44 -0.31973952882702855 -3.0166713189777954
40.474 -0.32563763115179845 -3.013287181130937
40.499 -0.3299744710964833 -3.0107988444788343
40.534 -0.3360460470190402 -3.007315173165892
40.556 -0.33986246617036175 -3.0051254369120426
40.581 -0.3441993061150466 -3.00263710025994
40.608 -0.34888309325530414 -2.99994969667567
40.632 -0.3530464596022008 -2.997560893489652
40.662 -0.3582506675358217 -2.9945748895071294
40.691 -0.3632814018716556 -2.9916884189906905
40.727 -0.36952645139199936 -2.9881052142116644
40.745 -0.37264897615217185 -2.9863136118221507
40.773 -0.37750623689021884 -2.9835266747717957
40.803 -0.3827104448238384 -2.980540670789274
40.829 -0.38722075836631026 -2.9779528006710874
40.857 -0.39207801910435597 -2.975165863620733
40.887 -0.39728222703797683 -2.9721798596382105
40.917 -0.4024864349715977 -2.969193855655688
40.942 -0.40682327491628134 -2.966705519003586
40.973 -0.41220095644768917 -2.9636199815549795
41.002 -0.4172316907835231 -2.9607335110385407
41.026 -0.4213950571304198 -2.9583447078525227
41.052 -0.4259053706728904 -2.955756837734337
41.081 -0.4309361050087243 -2.952870367217898
41.116 -0.4370076809312812 -2.9493866959049555
41.141 -0.4413445208759648 -2.9468983592528537
41.172 -0.44672220240737265 -2.943812821804247
41.193 -0.45036514796090726 -2.9417226190164816
41.219 -0.4548754615033791 -2.939134748898295
41.249 -0.46007966943699996 -2.9361487449157724
41.275 -0.4645899829794706 -2.9335608747975868
41.304 -0.46962071731530447 -2.9306744042811483
41.321 -0.4725697684776888 -2.9289823353577193
41.345 -0.47673313482458546 -2.9265935321717014
41.369 -0.48089650117148214 -2.9242047289856834
41.392 -0.48488639392059185 -2.9219154592657492
41.422 -0.4900906018542115 -2.9189294552832274
41.449 -0.4947743889944703 -2.916242051698957
41.478 -0.4998051233303042 -2.9133555811825183
41.509 -0.505182804861712 -2.910270043733912
41.529 -0.5086522768174596 -2.9082793744122304
41.56 -0.5140299583488674 -2.905193836963624
41.587 -0.5187137454891262 -2.9025064333793535
41.615 -0.523571006227172 -2.8997194963289994
41.636 -0.5272139517807066 -2.8976292935412338
41.66 -0.5313773181276021 -2.8952404903552162
41.684 -0.5355406844744989 -2.8928516871691983
41.712 -0.5403979452125458 -2.8900647501188437
41.739 -0.5450817323528033 -2.8873773465345742
41.762 -0.5490716251019131 -2.88508807681464
41.786 -0.5532349914488098 -2.882699273628622
41.812 -0.5577453049912805 -2.8801114035104365
41.834 -0.5615617241426033 -2.877921667256586
41.863 -0.566592458478436 -2.875035196740148
41.892 -0.5716231928142699 -2.8721487262237093
41.918 -0.5761335063567404 -2.8695608561055232
41.945 -0.5808172934969992 -2.866873452521253
41.971000000000004 -0.585327607039471 -2.8642855824030664
41.997 -0.5898379205819415 -2.861697712284881
42.024 -0.5945217077222004 -2.8590103087006105
42.054 -0.5997259156558212 -2.8560243047180878
42.082 -0.6045831763938669 -2.8532373676677336
42.111 -0.6096139107296996 -2.8503508971512956
42.142 -0.6149915922611087 -2.8472653597026887
42.171 -0.6200223265969413 -2.8443788891862507
42.2 -0.6250530609327752 -2.841492418669812
42.227 -0.6297368480730328 -2.8388050150855424
42.25 -0.6337267408221425 -2.8365157453656082
42.275 -0.6380635807668261 -2.8340274087135064
42.3 -0.6424004207115097 -2.8315390720614046
42.325 -0.6467372606561946 -2.829050735409302
42.357 -0.6522884157853894 -2.8258656644946116
42.385 -0.6571456765234351 -2.8230787274442575
42.415 -0.6623498844570561 -2.820092723461735
42.445 -0.667554092390677 -2.817106719479212
42.475 -0.6727583003242978 -2.8141207154966894
42.505 -0.6779625082579187 -2.811134711514167
42.532 -0.6826462953981762 -2.8084473079298977
42.562 -0.6878505033317971 -2.805461303947375
42.589 -0.6925342904720558 -2.8027739003631047
42.618 -0.6975650248078897 -2.799887429846666
42.647 -0.7025957591437224 -2.797000959330228
42.674 -0.7072795462839812 -2.7943135557459575
42.703 -0.712310280619815 -2.7914270852295187
42.734 -0.7176879621512229 -2.788341547780912
42.763 -0.7227186964870556 -2.785455077264474
42.773 -0.72445343246493 -2.784459742603633
42.789 -0.7272290100295273 -2.7828672071462877
42.818 -0.73225974436536 -2.7799807366298497
42.848 -0.7374639522989809 -2.776994732647327
42.878 -0.7426681602326017 -2.7740087286648043
42.906 -0.7475254209706474 -2.77122179161445
42.935 -0.7525561553064813 -2.7683353210980113
42.963 -0.757413416044527 -2.765548384047657
42.991 -0.7622706767825728 -2.762761446997303
43.02 -0.7673014111184067 -2.7598749764808646
43.039 -0.7705974094763661 -2.757983840625267
43.068 -0.7756281438121988 -2.755097370108829
43.097 -0.7806588781480327 -2.75221089959239
43.127 -0.7858630860816536 -2.7492248956098675
43.155 -0.7907203468196993 -2.7464379585595133
43.182 -0.795404133959958 -2.743750554975243
43.206 -0.7995675003068546 -2.7413617517892246
43.237 -0.8049451818382625 -2.738276214340618
43.263 -0.809455495380733 -2.7356883442224325
43.289 -0.8139658089232048 -2.733100474104246
43.318 -0.8189965432590375 -2.730214003587808
43.345 -0.8236803303992962 -2.7275266000035376
43.37 -0.8280171703439798 -2.725038263351436
43.402 -0.8335683254731758 -2.7218531924367446
43.429 -0.8382521126134346 -2.7191657888524743
43.461 -0.8438032677426294 -2.715980717937784
43.49 -0.8488340020784633 -2.713094247421345
43.522 -0.8543851572076581 -2.709909176506655
43.552 -0.8595893651412789 -2.7069231725241325
43.581 -0.8646200994771128 -2.7040367020076936
43.61 -0.8696508338129455 -2.7011502314912557
43.64 -0.8748550417465664 -2.698164227508733
43.668 -0.8797123024846121 -2.695377290458379
43.696 -0.8845695632226578 -2.6925903534080247
43.727 -0.8899472447540656 -2.6895048159594186
43.751 -0.8941106111009623 -2.6871160127734006
43.776 -0.8984474510456473 -2.684627676121298
43.807 -0.9038251325770551 -2.6815421386726914
43.836 -0.9088558669128878 -2.6786556681562534
43.864 -0.9137131276509335 -2.6758687311058993
43.894 -0.9189173355845544 -2.6728827271233766
43.937 -0.9263767002894104 -2.668602788081761
43.953 -0.929152277854009 -2.6670102526244155
43.983 -0.9343564857876286 -2.6640242486418937
44.012 -0.9393872201234625 -2.661137778125455
44.042 -0.9445914280570834 -2.658151774142932
44.071 -0.9496221623929161 -2.655265303626494
44.094 -0.9536120551420258 -2.65297603390656
44.129 -0.9596836310645827 -2.6494923625936173
44.154 -0.9640204710092676 -2.6470040259415146
44.183 -0.9690512053451003 -2.6441175554250766
44.212 -0.9740819396809342 -2.641231084908638
44.242 -0.9792861476145538 -2.638245080926116
44.272 -0.9844903555481747 -2.6352590769435933
44.297 -0.9888271954928582 -2.6327707402914915
44.321 -0.992990561839755 -2.6303819371054735
44.345 -0.9971539281866517 -2.6279931339194555
44.37 -1.0014907681313354 -2.6255047972673538
44.396 -1.0060010816738072 -2.6229169271491672
44.423 -1.010684868814066 -2.620229523564897
44.455 -1.0162360239432606 -2.6170444526502066
44.484 -1.0212667582790946 -2.6141579821337677
44.512 -1.0261240190171403 -2.6113710450834136
44.542 -1.0313282269507613 -2.608385041100891
44.57 -1.036185487688807 -2.6055981040505367
44.595 -1.0405223276334907 -2.603109767398435
44.622 -1.0452061147737495 -2.600422363814165
44.642 -1.0486755867294972 -2.5984316944924832
44.671 -1.05370632106533 -2.5955452239760453
44.708 -1.060124844183462 -2.591862485730934
44.718 -1.0618595801613366 -2.5908671510700927
44.74 -1.065675999312658 -2.5886774148162432
44.765 -1.0700128392573418 -2.5861890781641415
44.794 -1.0750435735931745 -2.5833026076477035
44.816 -1.0788599927444973 -2.581112871393853
44.847 -1.084237674275905 -2.5780273339452466
44.873 -1.0887479878183757 -2.575439463827061
44.91 -1.0951665109365076 -2.5717567255819502
44.935 -1.0995033508811924 -2.5692683889298475
44.965 -1.1047075588148134 -2.566282384947325
44.999 -1.1106056611395834 -2.5628982471004664
45.019 -1.1140751330953298 -2.560907577778785
45.04 -1.1177180786488643 -2.5588173749910195
45.069 -1.1227488129846983 -2.5559309044745806
45.111 -1.1300347040917662 -2.55175049889905
45.13 -1.133330702449727 -2.549859363043452
45.155 -1.1376675423944107 -2.54737102639135
45.181 -1.1421778559368814 -2.5447831562731644
45.207 -1.1466881694793534 -2.542195286154978
45.236 -1.151718903815186 -2.53930881563854
45.264 -1.156576164553233 -2.536521878588185
45.294 -1.1617803724868527 -2.533535874605663
45.339 -1.1695866843872842 -2.529056868631879
45.353 -1.1720153147563077 -2.5276634001067015
45.381 -1.1768725754943534 -2.5248764630563474
45.406 -1.1812094154390371 -2.522388126404245
45.431 -1.1855462553837208 -2.5198997897521433
45.448 -1.1884953065461064 -2.5182077208287135
45.471 -1.1924851992952148 -2.51591845110878
45.501 -1.1976894072288358 -2.5129324471262575
45.533 -1.2032405623580318 -2.5097473762115667
45.561 -1.2080978230960775 -2.5069604391612126
45.588 -1.2127816102363362 -2.5042730355769423
45.613 -1.2171184501810197 -2.5017846989248405
45.641 -1.2219757109190654 -2.4989977618744863
45.67 -1.2270064452548994 -2.4961112913580474
45.698 -1.2318637059929451 -2.4933243543076933
45.731 -1.237588334719928 -2.4900397499269182
45.758 -1.2422721218601867 -2.487352346342648
45.787 -1.2473028561960193 -2.48446587582621
45.83 -1.2547622209008755 -2.4801859367845944
45.848 -1.257884745661048 -2.4783943343950807
45.878 -1.263088953594669 -2.475408330412558
45.907 -1.2681196879305017 -2.47252185989612
45.937 -1.2733238958641226 -2.4695358559135974
45.968 -1.2787015773955317 -2.4664503184649904
45.996 -1.2835588381335774 -2.4636633814146363
46.035 -1.2903243084472833 -2.4597815762373574
46.055 -1.293793780403031 -2.4577909069156756
46.085 -1.298997988336652 -2.454804902933153
46.115 -1.304202196270273 -2.45181889895063
46.143 -1.3090594570083187 -2.449031961900276
46.173 -1.3142636649419397 -2.4460459579177534
46.197 -1.3184270312888364 -2.4436571547317354
46.216 -1.3217230296467959 -2.441766018876138
46.243 -1.3264068167870546 -2.4390786152918675
46.269 -1.3309171303295253 -2.436490745173682
46.299 -1.3361213382631463 -2.4335047411911592
46.324 -1.34045817820783 -2.4310164045390574
46.354 -1.345662386141451 -2.4280304005565347
46.386 -1.351213541270647 -2.424845329641844
46.41 -1.3553769076175424 -2.422456526455827
46.439 -1.3604076419533764 -2.419570055939388
46.469 -1.3656118498869974 -2.4165840519568653
46.5 -1.370989531418405 -2.413498514508259
46.527 -1.3756733185586638 -2.4108111109239885
46.555 -1.3805305792967095 -2.4080241738736343
46.584 -1.3855613136325435 -2.4051377033571955
46.611 -1.3902451007728012 -2.402450299772926
46.641 -1.3954493087064221 -2.3994642957904033
46.668 -1.4001330958466809 -2.396776892206133
46.69 -1.4039495149980024 -2.3945871559522836
46.717 -1.4086333021382613 -2.391899752368013
46.748 -1.414010983669669 -2.3888142149194067
46.778 -1.41921519160329 -2.385828210936884
46.802 -1.4233785579501865 -2.383439407750866
46.829 -1.4280623450904453 -2.3807520041665957
46.855 -1.432572658632916 -2.37816413404841
46.883 -1.437429919370963 -2.375377196998055
46.91 -1.4421137065112206 -2.3726897934137856
46.94 -1.4473179144448416 -2.369703789431263
46.962 -1.4511343335961644 -2.3675140531774126
46.989 -1.455818120736422 -2.364826649593143
47.01 -1.4594610662899565 -2.3627364468053775
47.035 -1.4637979062346402 -2.3602481101532757
47.065 -1.4690021141682612 -2.357262106170753
47.091 -1.473512427710733 -2.3546742360525665
47.117 -1.4780227412532037 -2.352086365934381
47.136 -1.4813187396111644 -2.350195230078783
47.168 -1.4868698947403591 -2.3470101591640926
47.203 -1.4929414706629172 -2.3435264878511495
47.232 -1.4979722049987498 -2.3406400173347115
47.261 -1.5030029393345838 -2.3377535468182726
47.29 -1.5080336736704165 -2.3348670763018347
47.321 -1.5134113552018242 -2.3317815388532286
47.349 -1.51826861593987 -2.3289946018028744
47.378 -1.523299350275704 -2.3261081312864356
47.407 -1.5283300846115366 -2.3232216607699976
47.437 -1.5335342925451576 -2.320235656787475
47.467 -1.5387385004787786 -2.317249652804952
47.499 -1.5442896556079746 -2.3140645818902614
47.53 -1.5496673371393825 -2.310979044441655
47.552 -1.553483756290704 -2.3087893081878055
47.581 -1.558514490626538 -2.3059028376713666
47.611 -1.5637186985601577 -2.302916833688845
47.632 -1.5673616441136922 -2.300826630901079
47.658 -1.571871957656164 -2.2982387607828927
47.68 -1.5756883768074854 -2.2960490245290432
47.707 -1.5803721639477444 -2.293361620944773
47.721000000000004 -1.582800794316768 -2.2919681524195954
47.753 -1.5883519494459626 -2.288783081504905
47.782 -1.5933826837817953 -2.285896610988467
47.811 -1.598413418117629 -2.283010140472028
47.845 -1.604311520442399 -2.27962600262517
47.873 -1.6091687811804447 -2.2768390655748156
47.902 -1.6141995155162785 -2.2739525950583768
47.932 -1.6194037234498995 -2.270966591075854
47.961 -1.6244344577857321 -2.268080120559416
47.99 -1.6294651921215662 -2.2651936500429772
48.034 -1.6370980304242093 -2.2608141775352784
48.05 -1.6398736079888068 -2.259221642077933
48.079 -1.6449043423246408 -2.2563351715614943
48.107 -1.6497616030626865 -2.25354823451114
48.136 -1.6547923373985205 -2.2506617639947013
48.166 -1.6599965453321401 -2.2476757600121795
48.195 -1.6650272796679741 -2.2447892894957406
48.218 -1.669017172417084 -2.2425000197758065
48.233 -1.671619276383893 -2.241007017784546
48.252 -1.6749152747418539 -2.239115881928948
48.271 -1.6782112730998133 -2.2372247460733505
48.292 -1.6818542186533478 -2.235134543285585
48.321 -1.6868849529891805 -2.232248072769147
48.342 -1.690527898542715 -2.2301578699813813
48.368 -1.6950382120851868 -2.227569999863195
48.391 -1.6990281048342952 -2.2252807301432616
48.414 -1.703017997583405 -2.2229914604233274
48.445 -1.7083956791148127 -2.219905922974721
48.474 -1.7134264134506454 -2.217019452458283
48.502 -1.7182836741886922 -2.214232515407928
48.527 -1.722620514133376 -2.211744178755826
48.554 -1.7273043012736347 -2.2090567751715557
48.582 -1.7321615620116804 -2.2062698381212016
48.609 -1.736845349151939 -2.2035824345369313
48.64 -1.7422230306833468 -2.2004968970883247
48.669 -1.7472537650191795 -2.1976104265718868
48.7 -1.7526314465505886 -2.19452488912328
48.729 -1.7576621808864212 -2.191638418606842
48.753 -1.761825547233318 -2.189249615420824
48.78 -1.7665093343735767 -2.1865622118365535
48.805 -1.7708461743182604 -2.1840738751844517
48.836 -1.7762238558496681 -2.180988337735845
48.861 -1.7805606957943518 -2.1785000010837434
48.883 -1.7843771149456746 -2.176310264829893
48.906 -1.7883670076947833 -2.1740209951099594
48.925 -1.7916630060527428 -2.172129859254362
48.953 -1.7965202667907898 -2.169342922204007
48.977 -1.8006836331376852 -2.1669541190179893
49.008 -1.8060613146690943 -2.1638685815693823
49.04 -1.811612469798289 -2.160683510654692
49.067 -1.8162962569385477 -2.1579961070704217
49.097 -1.8215004648721687 -2.155010103087899
49.122 -1.8258373048168521 -2.152521766435797
49.146 -1.8300006711637489 -2.150132963249779
49.175 -1.8350314054995815 -2.1472464927333412
49.206 -1.8404090870309906 -2.144160955284734
49.244 -1.8470010837469095 -2.140378683573539
49.267 -1.8509909764960193 -2.138089413853605
49.296 -1.856021710831852 -2.135202943337167
49.339 -1.8634810755367082 -2.1309230042955516
49.356 -1.8664301266990937 -2.1292309353721217
49.389 -1.8721547554260767 -2.125946330991347
49.417 -1.8770120161641224 -2.123159393940993
49.447 -1.8822162240977434 -2.1201733899584703
49.475 -1.887073484835789 -2.117386452908116
49.504 -1.8921042191716217 -2.114499982391678
49.536 -1.8976553743008178 -2.1113149114769874
49.562 -1.9021656878432884 -2.1087270413588017
49.586 -1.9063290541901852 -2.1063382381727838
49.604 -1.9094515789503577 -2.10454663578327
49.627 -1.9134414716994674 -2.102257366063336
49.646 -1.916737470057427 -2.1003662302077384
49.67 -1.9209008364043236 -2.0979774270217204
49.696 -1.9254111499467943 -2.095389556903535
49.718 -1.929227569098117 -2.0931998206496845
49.745 -1.9339113562383747 -2.090512417065415
49.77 -1.9382481961830595 -2.0880240804133123
49.799 -1.9432789305188922 -2.0851376098968744
49.827 -1.948136191256938 -2.08235067284652
49.856 -1.953166925592772 -2.0794642023300813
49.885 -1.9581976599286046 -2.0765777318136434
49.916 -1.9635753414600126 -2.073492194365037
49.946 -1.9687795493936335 -2.070506190382514
49.966 -1.9722490213493813 -2.0685155210608324
49.99 -1.976412387696278 -2.0661267178748144
50.017 -1.9810961748365368 -2.063439314290544
50.037 -1.9845656467922832 -2.0614486449688627
50.063 -1.989075960334755 -2.058860774850676
50.089 -1.9935862738772256 -2.0562729047324906
50.107 -1.9967087986373981 -2.054481302342977
50.132 -2.001045638582082 -2.051992965690875
50.163 -2.00642332011349 -2.0489074282422686
50.182 -2.0097193184714506 -2.0470162923866706
50.204 -2.0135357376227723 -2.0448265561328207
50.234 -2.0187399455563932 -2.041840552150298
50.264 -2.023944153490014 -2.0388545481677753
50.29 -2.0284544670324847 -2.0362666780495897
50.327 -2.0348729901506166 -2.032583939804479
50.346 -2.038168988508576 -2.0306928039488814
50.375 -2.04319972284441 -2.0278063334324425
50.404 -2.0482304571802437 -2.024919862916004
50.444 -2.055169401091738 -2.020938524272641
50.455 -2.057077610667398 -2.0198436561457167
50.484 -2.062108345003232 -2.016957185629278
50.502 -2.0652308697634045 -2.015165583239764
50.533 -2.0706085512948125 -2.0120800457911576
50.564 -2.0759862328262204 -2.008994508342551
50.589 -2.080323072770904 -2.0065061716904493
50.62 -2.085700754302312 -2.003420634241843
50.634 -2.088129384671335 -2.0020271657166653
50.655 -2.09177233022487 -1.9999369629288994
50.675 -2.0952418021806163 -1.9979462936072183
50.703 -2.1000990629186633 -1.9951593565568633
50.732 -2.105129797254496 -1.9922728860404253
50.762 -2.110334005188117 -1.9892868820579028
50.787 -2.1146708451328005 -1.986798545405801
50.813 -2.1191811586752722 -1.9842106752876147
50.842 -2.124211893011105 -1.9813242047711768
50.868 -2.1287222065535767 -1.9787363346529903
50.899 -2.1340998880849846 -1.975650797204384
50.932 -2.1398245168119674 -1.9723661928236091
50.955 -2.143814409561076 -1.9700769231036757
50.98 -2.1481512495057595 -1.9675885864515739
51.015 -2.1542228254283176 -1.9641049151386305
51.04 -2.158559665373001 -1.9616165784865287
51.069 -2.163590399708835 -1.95873010797009
51.1 -2.168968081240243 -1.9556445705214838
51.133 -2.1746927099672257 -1.952359966140709
51.158 -2.1790295499119092 -1.9498716294886071
51.192 -2.184927652236679 -1.9464874916417485
51.217 -2.1892644921813624 -1.9439991549896467
51.244 -2.193948279321621 -1.9413117514053764
51.272 -2.198805540059667 -1.9385248143550222
51.295 -2.2027954328087764 -1.936235544635088
51.329 -2.2086935351335466 -1.9328514067882294
51.348 -2.211989533491506 -1.9309602709326321
51.378 -2.217193741425127 -1.9279742669501096
51.409 -2.222571422956535 -1.9248887295015031
51.434 -2.2269082629012185 -1.9224003928494013
51.463 -2.2319389972370525 -1.9195139223329627
51.485 -2.235755416388374 -1.917324186079113
51.513 -2.24061267712642 -1.9145372490287589
51.54 -2.2452964642666786 -1.9118498454444885
51.571 -2.2506741457980866 -1.9087643079958823
51.597 -2.2551844593405583 -1.9061764378776958
51.617 -2.2586539312963048 -1.9041857685560144
51.637 -2.2621234032520525 -1.9021950992343324
51.667 -2.2673276111856735 -1.89920909525181
51.694 -2.2720113983259322 -1.8965216916675396
51.709 -2.2746135022927425 -1.8950286896762782
51.737 -2.279470763030788 -1.892241752625924
51.768 -2.284848444562196 -1.8891562151773178
51.799 -2.290226126093604 -1.8860706777287115
51.834 -2.296297702016162 -1.8825870064157684
51.859 -2.3006345419608456 -1.8800986697636666
51.889 -2.3058387498944666 -1.877112665781144
51.917 -2.3106960106325123 -1.87432572873079
52.014 -2.3275229496178858 -1.864670982520634
52.105 -2.3433090470165343 -1.8556134371069832
52.2 -2.3597890388063343 -1.846157757828995
52.289 -2.375228189009409 -1.837299279347512
52.391 -2.3929224959837185 -1.827146865806936
52.485 -2.407598362356529 -1.8187263345762228
52.5 -2.4096800455299774 -1.8175319329832138
52.596000000000004 -2.4213051869758027 -1.810787431585573
52.688 -2.4307758180326267 -1.8051142218469756
52.773 -2.4379697986975857 -1.8005873324922224
52.864 -2.444008132437598 -1.7965214901228408
52.952 -2.4482654247268614 -1.7933990928164718
52.982 -2.4492105945757685 -1.7926597586044017
53.016 -2.4497373129859743 -1.7922297052473155
53.045 -2.4497373129859743 -1.7922297052473155
53.074 -2.4497373129859743 -1.7922297052473155
53.107 -2.4497373129859743 -1.7922297052473155
53.134 -2.4497373129859743 -1.7922297052473155
53.163 -2.4497373129859743 -1.7922297052473155
53.193 -2.4497373129859743 -1.7922297052473155
53.226 -2.4497373129859743 -1.7922297052473155
53.253 -2.4497373129859743 -1.7922297052473155
53.283 -2.4497373129859743 -1.7922297052473155
53.312 -2.4497373129859743 -1.7922297052473155
53.403 -2.4497373129859743 -1.7922297052473155
53.486 -2.4497373129859743 -1.7922297052473155
53.569 -2.4497373129859743 -1.7922297052473155
53.67 -2.450303968299643 -1.7902915378400985
53.766 -2.451068887047032 -1.7865294569029846
53.849 -2.4517298691991827 -1.7815942236758424
53.936 -2.4522720609834736 -1.7746561670722993
54.041 -2.452541210057794 -1.7641608234354598
54.062 -2.452529086415511 -1.7616408600077422
54.094 -2.4524672153317213 -1.7571613044685401
54.115 -2.4523976313914786 -1.753802027540456
54.139 -2.4522939138550086 -1.7494832738180641
54.169 -2.452142663867297 -1.7434851805009173
54.197 -2.4520014972120996 -1.7378869600715778
54.228 -2.451845205558131 -1.731688930310525
54.249 -2.451739330566733 -1.727490264988521
54.277 -2.4515981639115356 -1.721892044559183
54.306 -2.451451955590081 -1.7160938876859404
54.34 -2.451280538937341 -1.7092960485931712
54.365 -2.4511544972809145 -1.704297637495548
54.394 -2.4510082889594598 -1.6984994806223055
54.43 -2.4508267889742057 -1.6913017686417273
54.445 -2.4507511639803496 -1.6883027219831532
54.473 -2.4506099973251523 -1.6827045015538151
54.513 -2.45040833067487 -1.6747070437976177
54.531 -2.4503175806822433 -1.6711081878073286
54.56 -2.4501713723607885 -1.6653100309340847
54.591 -2.45001508070682 -1.6591120011730318
54.621 -2.4498638307191083 -1.6531139078558834
54.65 -2.4497176223976536 -1.6473157509826408
54.675 -2.449591580741227 -1.6423173398850177
54.7 -2.4494655390848004 -1.637318928787393
54.724 -2.449344539094631 -1.6325204541336757
54.754 -2.4491932891069195 -1.6265223608165273
54.781 -2.449057164117979 -1.6211240768310937
54.814 -2.448890789131496 -1.6145261741822305
54.841 -2.4487546641425557 -1.609127890196797
54.869 -2.4486134974873583 -1.6035296697674588
54.901 -2.448452164167133 -1.5971317035625001
54.923 -2.4483412475094775 -1.5927331017965918
54.951 -2.44820008085428 -1.5871348813672537
54.981 -2.4480488308665684 -1.5811367880501053
55.004 -2.447932872542656 -1.5765382498402924
55.031 -2.4477967475537157 -1.5711399658548588
55.062 -2.447640455899747 -1.564941936093806
55.092 -2.4474892059120354 -1.5589438427766575
55.12 -2.447348039256838 -1.5533456223473194
55.149 -2.4472018309353833 -1.5475474654740755
55.179 -2.4470505809476717 -1.5415493721569271
55.206 -2.4469144559587312 -1.5361510881714935
55.236 -2.4467632059710196 -1.5301529948543466
55.265 -2.446616997649565 -1.5243548379811027
55.296 -2.4464607059955963 -1.5181568082200498
55.325 -2.4463144976741416 -1.512358651346806
55.347 -2.446203581016486 -1.5079600495808976
55.376 -2.4460573726950314 -1.502161892707655
55.406 -2.4459061227073198 -1.4961637993905066
55.436 -2.445754872719608 -1.4901657060733582
55.46 -2.445633872729439 -1.4853672314196396
55.49 -2.4454826227417272 -1.4793691381024912
55.507 -2.4453969144153573 -1.4759702185561079
55.534 -2.445260789426417 -1.4705719345706743
55.564 -2.4451095394387052 -1.4645738412535259
55.589 -2.4449834977822786 -1.4595754301559027
55.633 -2.4447616644669683 -1.4507782266240847
55.648 -2.4446860394731122 -1.4477791799655106
55.678 -2.4445347894854006 -1.4417810866483638
55.708 -2.444383539497689 -1.4357829933312156
55.74 -2.444222206177463 -1.429385027126257
55.768 -2.4440810395222656 -1.4237868066969188
55.795 -2.443944914533325 -1.4183885227114852
55.824 -2.443798706211871 -1.4125903658382428
55.854 -2.4436474562241592 -1.4065922725210944
55.886 -2.4434861229039333 -1.4001943063161357
55.91 -2.443365122913764 -1.3953958316624184
55.94 -2.4432138729260524 -1.38939773834527
55.969 -2.4430676646045977 -1.383599581472026
55.998 -2.442921456283143 -1.3778014245987835
56.009 -2.442865997954315 -1.3756021237158287
56.038 -2.4427197896328603 -1.369803966842586
56.065 -2.44258366464392 -1.3644056828571525
56.095 -2.442432414656208 -1.358407589540004
56.131 -2.442250914670954 -1.351209877559426
56.145 -2.4421803313433554 -1.3484107673447563
56.175 -2.442029081355644 -1.3424126740276094
56.213 -2.4418374980378754 -1.334815089159221
56.226 -2.4417719563765337 -1.3322159153884572
56.255 -2.441625748055079 -1.3264177585152133
56.286 -2.4414694564011103 -1.3202197287541604
56.317 -2.4413131647471418 -1.3140216989931075
56.334 -2.441227456420772 -1.310622779446723
56.36 -2.4410963730980884 -1.3054244319051953
56.384 -2.440975373107919 -1.3006259572514767
56.409 -2.4408493314514925 -1.2956275461538536
56.438 -2.440703123130038 -1.2898293892806096
56.465 -2.4405669981410973 -1.284431105295176
56.493 -2.4404258314859 -1.278832884865838
56.535 -2.440214081503104 -1.2704355542218315
56.555 -2.440113248177963 -1.2664368253437321
56.575 -2.4400124148528217 -1.2624380964656328
56.608 -2.439846039866339 -1.2558401938167711
56.632 -2.4397250398761696 -1.2510417191630525
56.659 -2.439588914887229 -1.2456434351776189
56.681 -2.439477998229574 -1.2412448334117105
56.705 -2.4393569982394046 -1.236446358757992
56.734 -2.43921078991795 -1.230648201884748
56.763 -2.439064581596495 -1.2248500450115054
56.792 -2.4389183732750404 -1.2190518881382615
56.821 -2.438772164953586 -1.2132537312650191
56.847 -2.4386410816309025 -1.20805538372349
56.871 -2.4385200816407333 -1.2032569090697713
56.899 -2.438378914985536 -1.1976586886404332
56.919 -2.438278081660395 -1.1936599597623352
56.943 -2.4381570816702256 -1.1888614851086166
56.971000000000004 -2.4380159150150282 -1.1832632646792771
56.995 -2.437894915024859 -1.1784647900255598
57.013 -2.4378041650322317 -1.1748659340352707
57.042 -2.437657956710777 -1.1690677771620268
57.07 -2.4375167900555796 -1.1634695567326887
57.1 -2.437365540067868 -1.1574714634155403
57.122 -2.4372546234102126 -1.153072861649632
57.139 -2.4371689150838427 -1.1496739421032474
57.169 -2.437017665096131 -1.1436758487861005
57.2 -2.4368613734421625 -1.1374778190250463
57.221 -2.4367554984507644 -1.1332791537030438
57.249 -2.436614331795567 -1.1276809332737043
57.277 -2.4364731651403697 -1.1220827128443662
57.3 -2.4363572068164574 -1.1174841746345534
57.324 -2.436236206826288 -1.1126856999808348
57.353 -2.4360899985048334 -1.1068875431075909
57.382 -2.4359437901833787 -1.1010893862343483
57.409 -2.4358076651944383 -1.0956911022489146
57.439 -2.4356564152067266 -1.0896930089317662
57.468 -2.435510206885272 -1.0838948520585223
57.494 -2.4353791235625883 -1.0786965045169947
57.534 -2.435177456912306 -1.0706990467607973
57.553 -2.435081665253422 -1.0669002543266037
57.578 -2.4349556235969954 -1.061901843228979
57.609 -2.4347993319430263 -1.0557038134679262
57.63 -2.4346934569516283 -1.0515051481459223
57.658 -2.434552290296431 -1.0459069277165842
57.687 -2.434406081974976 -1.0401087708433416
57.712 -2.4342800403185496 -1.035110359745717
57.734 -2.434169123660894 -1.0307117579798086
57.76 -2.4340380403382107 -1.025513410438281
57.794 -2.433866623685471 -1.0187155713455134
57.822 -2.433725457030273 -1.013117350916174
57.852 -2.4335742070425614 -1.007119257599027
57.88 -2.433433040387364 -1.0015210371696877
57.911 -2.4332767487333955 -0.9953230074086349
57.931 -2.4331759154082544 -0.991324278530537
57.961 -2.4330246654205427 -0.9853261852133886
57.99 -2.432878457099088 -0.9795280283401446
58.024 -2.4327070404463482 -0.9727301892473769
58.039 -2.432631415452492 -0.9697311425888027
58.069 -2.4324801654647805 -0.9637330492716543
58.099 -2.432328915477069 -0.9577349559545073
58.12 -2.432223040485671 -0.9535362906325034
58.151 -2.4320667488317023 -0.9473382608714492
58.181 -2.4319154988439906 -0.9413401675543023
58.209 -2.431774332188793 -0.9357419471249628
58.242 -2.43160795720231 -0.929144044476101
58.269 -2.4314718322133695 -0.9237457604906675
58.301 -2.431310498893144 -0.9173477942857087
58.323 -2.4311995822354886 -0.9129491925198003
58.351 -2.4310584155802912 -0.9073509720904623
58.38 -2.4309122072588365 -0.9015528152172184
58.411 -2.430755915604868 -0.8953547854561656
58.439 -2.4306147489496706 -0.8897565650268277
58.47 -2.430458457295702 -0.8835585352657748
58.496 -2.4303273739730185 -0.8783601877242457
58.518 -2.4302164573153635 -0.8739615859583375
58.538 -2.4301156239902224 -0.8699628570802396
58.571 -2.4299492490037395 -0.8633649544313764
58.602 -2.4297929573497705 -0.8571669246703235
58.632 -2.429641707362059 -0.8511688313531751
58.66 -2.4295005407068615 -0.8455706109238371
58.688 -2.429359374051664 -0.8399723904944977
58.711 -2.429243415727752 -0.8353738522846849
58.732 -2.429137540736354 -0.831175186962681
58.76 -2.4289963740811564 -0.825576966533343
58.79 -2.4288451240934448 -0.8195788732161946
58.809 -2.4287493324345606 -0.815780080782001
58.841 -2.4285879991143347 -0.8093821145770423
58.869 -2.4284468324591373 -0.8037838941477043
58.897 -2.42830566580394 -0.7981856737183664
58.925 -2.428164499148742 -0.7925874532890282
58.955 -2.4280132491610305 -0.7865893599718798
58.985 -2.427861999173319 -0.7805912666547314
59.034 -2.427614957526723 -0.7707943809033896
59.041 -2.4275796658629236 -0.7693948257960554
59.07 -2.427433457541469 -0.7635966689228115
59.101 -2.4272771658875003 -0.7573986391617586
59.133 -2.4271158325672744 -0.7510006729568
59.155 -2.427004915909619 -0.7466020711908916
59.185 -2.4268536659219073 -0.7406039778737432
59.212 -2.4267175409329664 -0.7352056938883097
59.245 -2.4265511659464836 -0.7286077912394479
59.272 -2.426415040957543 -0.7232095072540143
59.299 -2.4262789159686027 -0.7178112232685808
59.323 -2.4261579159784334 -0.7130127486148621
59.343 -2.4260570826532923 -0.7090140197367627
59.366 -2.42594112432938 -0.7044154815269499
59.385 -2.425845332670496 -0.7006166890927564
59.407 -2.4257344160128405 -0.6962180873268481
59.438 -2.425578124358872 -0.6900200575657939
59.467 -2.425431916037417 -0.6842219006925514
59.491 -2.425310916047248 -0.6794234260388327
59.513 -2.4251999993895925 -0.6750248242729243
59.545 -2.4250386660693666 -0.6686268580679656
59.579 -2.424867249416627 -0.661829018975198
59.611 -2.4247059160964013 -0.6554310527702406
59.646 -2.424529457777404 -0.648433277233567
59.674 -2.4243882911222068 -0.642835056804229
59.701 -2.4242521661332663 -0.6374367728187955
59.739 -2.4240605828154984 -0.6298391879504085
59.755 -2.4239799161553854 -0.6266402048479284
59.781 -2.423848832832702 -0.6214418573064008
59.811 -2.4236975828449903 -0.6154437639892525
59.835 -2.423576582854821 -0.6106452893355337
59.866 -2.4234202912008524 -0.6044472595744809
59.885 -2.4233244995419683 -0.6006484671402874
59.925 -2.4231228328916856 -0.59265100938409
59.946 -2.4230169579002876 -0.5884523440620861
59.97 -2.4228959579101184 -0.5836538694083674
59.994 -2.422774957919949 -0.5788553947546486
60.042 -2.42253295793961 -0.5692584454472113
60.055 -2.4224674162782684 -0.5666592716764475
60.085 -2.422316166290557 -0.5606611783592991
60.131 -2.422084249642732 -0.551464101939672
60.142 -2.4220287913139047 -0.5492648010567172
60.173 -2.421872499659936 -0.5430667712956643
60.199 -2.4217414163372526 -0.5378684237541367
60.231 -2.421580083017027 -0.5314704575491779
60.267 -2.421398583031773 -0.5242727455685998
60.289 -2.4212876663741176 -0.5198741438026915
60.318 -2.4211414580526633 -0.514075986929449
60.348 -2.4209902080649517 -0.5080778936123006
60.38 -2.4208288747447257 -0.5016799274073419
60.4 -2.4207280414195846 -0.4976811985292439
60.428 -2.4205868747643873 -0.4920829780999059
60.46 -2.4204255414441613 -0.48568501189494717
60.489 -2.4202793331227066 -0.4798868550217047
60.519 -2.420128083134995 -0.4738887617045563
60.546 -2.4199919581460545 -0.4684904777191228
60.566 -2.4198911248209134 -0.4644917488410234
60.592 -2.41976004149823 -0.45929340129949575
60.608 -2.4196793748381173 -0.45609441819701707
60.633 -2.4195533331816907 -0.45109600709939246
60.658 -2.419427291525264 -0.4460975960017693
60.684 -2.4192962082025806 -0.44089924846024164
60.716 -2.4191348748823547 -0.4345012822552829
60.744 -2.4189937082271573 -0.4289030618259449
60.774 -2.4188424582394457 -0.42290496850879655
60.799 -2.418716416583019 -0.4179065574111734
60.836 -2.418529874931508 -0.41050890898669085
60.86 -2.418408874941339 -0.40571043433297216
60.889 -2.418262666619884 -0.39991227745972824
60.918 -2.41811645829843 -0.39411412058648576
60.948 -2.417965208310718 -0.3881160272693374
60.974 -2.4178341249880346 -0.38291767972780977
61.005 -2.4176778333340656 -0.37671964996675555
61.049 -2.4174560000187553 -0.3679224464349389
61.063 -2.4173854166911566 -0.36512333622026916
61.092 -2.417239208369702 -0.3593251793470267
61.131 -2.417042583385677 -0.3515276580347338
61.135 -2.417022416720649 -0.3507279122591145
61.161 -2.4168913333979654 -0.34552956471758545
61.186 -2.4167652917415388 -0.3405311536199623
61.217 -2.41660900008757 -0.33433312385890945
61.244 -2.4164728750986297 -0.32893483987347594
61.272 -2.4163317084434324 -0.32333661944413794
61.301 -2.416185500121978 -0.3175384625708941
61.339 -2.41599391680421 -0.3099408777025071
61.361 -2.4158830001465548 -0.3055422759365988
61.386 -2.415756958490128 -0.30054386483897416
61.421 -2.4155805001711315 -0.293546089302302
61.452 -2.415424208517163 -0.2873480595412492
61.476 -2.4153032085269937 -0.2825495848875305
61.5 -2.4151822085368244 -0.2777511102338118
61.519 -2.4150864168779402 -0.2739523177996183
61.537 -2.4149956668853134 -0.2703534618093293
61.568 -2.414839375231345 -0.26415543204827646
61.594 -2.4147082919086613 -0.2589570845067474
61.633 -2.414511666924636 -0.25115956319445454
61.643 -2.4144612502620655 -0.24916019875540554
61.665 -2.41435033360441 -0.2447615969894972
61.695 -2.4141990836166984 -0.23876350367234883
61.735 -2.4139974169664162 -0.23076604591615146
61.756 -2.413891541975018 -0.2265673805941476
61.782 -2.4137604586523347 -0.22136903305261996
61.808 -2.4136293753296516 -0.2161706855110909
61.82 -2.4135688753345668 -0.21377144818423155
61.851 -2.413412583680598 -0.2075734184231787
61.876 -2.4132865420241716 -0.20257500732555553
61.894 -2.4131957920315448 -0.1989761513352665
61.922 -2.413054625376347 -0.19337793090592847
61.951 -2.4129084170548922 -0.18757977403268458
61.982 -2.4127521254009237 -0.18138174427163173
62.011 -2.4126059170794694 -0.17558358739838784
62.054 -2.412389125430416 -0.16698632031047564
62.069 -2.41231350043656 -0.16398727365190147
62.097 -2.4121723337813625 -0.15838905322256347
62.13 -2.4120059587948797 -0.15179115057370027
62.16 -2.411854708807168 -0.1457930572565533
62.187 -2.4117185838182276 -0.14039477327111977
62.217 -2.411567333830516 -0.1343966799539714
62.24 -2.4114513755066036 -0.12979814174415716
62.266 -2.41132029218392 -0.12459979420262951
62.294 -2.4111791255287227 -0.1190015737732915
62.315 -2.4110732505373242 -0.11480290845128764
62.34 -2.4109472088808976 -0.10980449735366304
62.369 -2.410801000559443 -0.10400634048042057
62.399 -2.4106497505717313 -0.0980082471632722
62.424 -2.410523708915305 -0.09300983606564903
62.443 -2.410427917256421 -0.08921104363145553
62.467 -2.4103069172662517 -0.08441256897773683
62.494 -2.4101707922773112 -0.0790142849923033
62.52 -2.4100397089546277 -0.07381593745077424
62.555 -2.409863250635631 -0.06681816191410209
62.583 -2.4097220839804336 -0.06121994148476408
62.613 -2.409570833992722 -0.05522184816761571
62.629 -2.409490167332609 -0.05202286506513705
62.666 -2.409303625681098 -0.04462521664065453
62.688 -2.4091927090234426 -0.04022661487474478
62.708 -2.4090918756983015 -0.03622788599664681
62.74 -2.4089305423780756 -0.029829919791688073
62.769 -2.408784334056621 -0.024031762918445596
62.799 -2.408633084068909 -0.018033669601297223
62.818 -2.4085372924100255 -0.014234877167103727
62.835 -2.4084515840836556 -0.010835957620719176
62.86 -2.408325542427229 -0.0058375465230960065
62.883 -2.4082095841033166 -0.0012390083132817814
62.9 -2.4081238757769468 0.0021599112331013486
62.917 -2.408038167450577 0.005558830779485899
62.948 -2.4078818757966083 0.011756860540538743
62.975 -2.407745750807668 0.017155144525972277
63.0 -2.4076197091512412 0.022153555623595445
63.028 -2.407478542496044 0.02775177605293345
63.055 -2.4073424175071034 0.033150060038366985
63.085 -2.4071911675193918 0.03914815335551536
63.122 -2.4070046258678803 0.04654580177999788
63.156 -2.4068332092151405 0.05334364087276556
63.188 -2.4066718758949146 0.059741607077724294
63.202 -2.4066012925673155 0.06254071729239259
63.231 -2.4064550842458607 0.0683388741656365
63.262 -2.406298792591892 0.07453690392668934
63.289 -2.4061626676029517 0.07993518791212287
63.315 -2.406031584280268 0.08513353545365052
63.345 -2.4058803342925565 0.09113162877079889
63.367 -2.405769417634901 0.09553023053670723
63.398 -2.4056131259809326 0.1017282602977615
63.425 -2.4054770009919917 0.10712654428319361
63.438 -2.40541145933065 0.10972571805395885
63.462 -2.4052904593404807 0.11452419270767755
63.487 -2.405164417684054 0.11952260380530072
63.561 -2.404791334381032 0.13431790065426577
63.654 -2.404322459419126 0.15291198993742572
63.753 -2.4038233344596773 0.1727056978840139
63.837 -2.403399834494085 0.18950035917202934
63.914 -2.4030116261922916 0.20489546535270922
63.93 -2.4029390261981898 0.20777455014494
63.993 -2.402653186094854 0.21785047984758357
64.081 -2.4021566954515303 0.23016031246512383
64.17 -2.4014900654261924 0.24081916927100644
64.251 -2.400745860024565 0.24888455326423498
64.321 -2.400043766987108 0.2544400788167038
64.352 -2.399761198995894 0.256278462778564
64.38 -2.3995699397606884 0.2573819933617092
64.413 -2.399442309436715 0.25802951571757204
64.439 -2.399442309436715 0.25802951571757204
64.47 -2.399442309436715 0.25802951571757204
64.493 -2.399442309436715 0.25802951571757204
64.523 -2.399442309436715 0.25802951571757204
64.547 -2.399442309436715 0.25802951571757204
64.569 -2.399442309436715 0.25802951571757204
64.595 -2.399442309436715 0.25802951571757204
64.621 -2.399442309436715 0.25802951571757204
64.651 -2.399442309436715 0.25802951571757204
64.682 -2.399442309436715 0.25802951571757204
64.711 -2.399442309436715 0.25802951571757204
64.743 -2.399442309436715 0.25802951571757204
64.771 -2.399442309436715 0.25802951571757204
64.801 -2.399442309436715 0.25802951571757204
64.833 -2.399442309436715 0.25802951571757204
64.925 -2.399442309436715 0.25802951571757204
65.006 -2.399442309436715 0.25802951571757204
65.103 -2.399442309436715 0.25802951571757204
65.193 -2.399442309436715 0.25802951571757204
65.283 -2.399442309436715 0.25802951571757204
65.369 -2.399442309436715 0.25802951571757204
65.447 -2.399442309436715 0.25802951571757204
65.532 -2.399442309436715 0.25802951571757204
65.597 -2.399442309436715 0.25802951571757204
65.692 -2.397594059961846 0.25846916918848334
65.79 -2.3937449870816683 0.2592101619989294
65.887 -2.387995896140074 0.260114575135808
65.967 -2.3816528978470206 0.26096633733762664
66.05 -2.373413943958904 0.26197094837897394
66.08 -2.369838634005709 0.262391850669991
66.108 -2.3659455187233402 0.26285016649798737
66.14 -2.3608606334565745 0.26344878308965597
66.168 -2.3558551995221 0.2640380462970799
66.197 -2.350094977930842 0.26471616665482944
66.228 -2.343937499678119 0.26544105393380296
66.257 -2.338177278086858 0.26611917429155285
66.287 -2.332218428164866 0.26682067810991456
66.313 -2.327054091565807 0.26742864808582795
66.341 -2.3214924983052825 0.2680833849829653
66.371 -2.3155336483832905 0.268784888801327
66.398 -2.3101706834534976 0.26941624223785254
66.429 -2.3040132052007714 0.27014112951682645
66.468 -2.2962667003021813 0.27105308448069665
66.489 -2.292095505356787 0.27154413715354986
66.528 -2.2843490004581968 0.27245609211742006
66.53 -2.2839517437967314 0.2725028590386441
66.551 -2.279780548851337 0.2729939117114973
66.578 -2.274417583921544 0.2736252651480228
66.602 -2.2696505039839505 0.2741864682027122
66.63 -2.2640889107234266 0.27484120509984955
66.66 -2.2581300608014345 0.27554270891821125
66.684 -2.253362980863841 0.27610391197290063
66.706 -2.2489931575877122 0.276618348106366
66.73 -2.2442260776501186 0.27717955116105536
66.756 -2.2390617410510596 0.27778752113696875
66.784 -2.2335001477905325 0.27844225803410644
66.813 -2.2277399261992743 0.279120378391856
66.843 -2.2217810762772823 0.2798218822102177
66.87 -2.2164181113474895 0.28045323564674324
66.9 -2.2104592614254974 0.28115473946510494
66.94 -2.202514128196176 0.282090077889587
66.955 -2.19953470323518 0.2824408297987679
66.985 -2.193575853313188 0.2831423336171296
67.03 -2.1846375784302 0.2841945893446722
67.033 -2.184041693438001 0.28426473972650834
67.059 -2.178877356838942 0.28487270970242173
67.082 -2.174308905232082 0.28541052929649896
67.103 -2.1701377102866877 0.28590158196935217
67.129 -2.164973373687626 0.2865095519452659
67.159 -2.159014523765634 0.2872110557636276
67.186 -2.153651558835841 0.28784240920015314
67.213 -2.148288593906051 0.28847376263667834
67.243 -2.142329743984059 0.28917526645504005
67.272 -2.136569522392798 0.28985338681278994
67.301 -2.13080930080154 0.29053150717053944
67.324 -2.12624084919468 0.29106932676461666
67.354 -2.120281999272688 0.29177083058297837
67.378 -2.1155149193350944 0.29233203363766774
67.403 -2.1105492110667665 0.29291662015296926
67.426 -2.1059807594599067 0.2934544397470465
67.448 -2.101610936183781 0.2939688758805115
67.476 -2.096049342923254 0.2946236127776492
67.493 -2.0926726613007927 0.29502113160805404
67.518 -2.087706953032465 0.2956057181233556
67.542 -2.082939873094871 0.296166921178045
67.565 -2.0783714214880114 0.2967047407721222
67.592 -2.0730084565582185 0.29733609420864776
67.639 -2.0636729250137646 0.2984351168574143
67.65 -2.061488013375699 0.29869233492414715
67.68 -2.055529163453707 0.29939383874250886
67.704 -2.050762083516116 0.29995504179719784
67.741 -2.0434128352789913 0.3008202298398441
67.753 -2.0410292953101945 0.30110083136718874
67.777 -2.036262215372601 0.3016620344218781
67.802 -2.031296507104273 0.3022466209371797
67.823 -2.0271253121588813 0.30273767361003256
67.854 -2.020967833906155 0.30346256088900647
67.883 -2.0152076123148968 0.30414068124675603
67.909 -2.010043275715835 0.3047486512226697
67.933 -2.0052761957782415 0.30530985427735907
67.95 -2.00189951415578 0.3057073731077639
67.975 -1.996933805887455 0.3062919596230651
68.004 -1.991173584296194 0.30697007998081494
68.024 -1.9872010176815333 0.30743774919305594
68.054 -1.981242167759541 0.30813925301141765
68.081 -1.975879202829748 0.3087706064479432
68.11 -1.9701189812384898 0.30944872680569274
68.145 -1.9631669896628332 0.31026714792711463
68.172 -1.9578040247330402 0.31089850136364017
68.201 -1.952043803141782 0.31157662172138967
68.229 -1.9464822098812549 0.31223135861852735
68.254 -1.941516501612927 0.3128159451338289
68.284 -1.9355576516909347 0.3135174489521906
68.304 -1.9315850850762741 0.3139851181644316
68.341 -1.9242358368391523 0.3148503062070775
68.364 -1.9196673852322899 0.31538812580115505
68.391 -1.9143044203024968 0.3160194792376806
68.42 -1.9085441987112386 0.3166975995954301
68.441 -1.904373003765844 0.3171886522682833
68.471 -1.8984141538438517 0.317890156086645
68.498 -1.8930511889140587 0.31852150952317054
68.53 -1.8866950823306012 0.31926978026275626
68.56 -1.880736232408609 0.31997128408111797
68.587 -1.875373267478816 0.3206026375176435
68.626 -1.8676267625802259 0.32151459248151376
68.64 -1.8648459659499639 0.32184196093008244
68.666 -1.8596816293509049 0.32244993090599583
68.691 -1.854715921082577 0.32303451742129735
68.725 -1.8479625578376544 0.32382955508210703
68.752 -1.8425995929078613 0.3244609085186326
68.779 -1.8372366279780683 0.3250922619551581
68.806 -1.8318736630482753 0.32572361539168365
68.84 -1.8251202998033498 0.3265186530524937
68.865 -1.8201545915350248 0.3271032395677949
68.895 -1.8141957416130325 0.3278047433861566
68.923 -1.8086341483525055 0.32845948028329436
68.953 -1.8026752984305132 0.32916098410165606
68.982 -1.796915076839255 0.3298391044594056
69.021 -1.789168571940665 0.3307510594232759
69.044 -1.784600120333805 0.3312888790173531
69.065 -1.7804289253884105 0.3317799316902063
69.088 -1.7758604737815507 0.33231775128428354
69.109 -1.7716892788361562 0.3328088039571367
69.126 -1.7683125972136922 0.33320632278754186
69.157 -1.7621551189609688 0.33393121006651544
69.184 -1.7567921540311757 0.334562563503041
69.206 -1.7524223307550473 0.33507699963650633
69.227 -1.7482511358096526 0.33556805230935954
69.259 -1.7418950292261952 0.33631632304894526
69.292 -1.7353402943120038 0.33708797724914313
69.318 -1.7301759577129447 0.3376959472250565
69.339 -1.72600476276755 0.33818699989790973
69.369 -1.7200459128455579 0.33888850371627144
69.397 -1.7144843195850308 0.3395432406134091
69.445 -1.704950159709846 0.34066564672278754
69.458 -1.7023679914103151 0.3409696317107444
69.487 -1.696607769819057 0.34164775206849396
69.512 -1.6916420615507293 0.3422323385837955
69.536 -1.6868749816131354 0.34279354163848486
69.56 -1.6821079016755416 0.34335474469317423
69.587 -1.6767449367457485 0.34398609812969977
69.609 -1.6723751134696228 0.3445005342631648
69.633 -1.667608033532029 0.34506173731785417
69.661 -1.6620464402715018 0.34571647421499185
69.691 -1.6560875903495096 0.34641797803335356
69.725 -1.649334227104587 0.34721301569416324
69.739 -1.6465534304743221 0.34754038414273225
69.767 -1.640991837213798 0.3481951210398696
69.794 -1.6356288722840049 0.34882647447639514
69.826 -1.6292727657005475 0.34957474521598086
69.848 -1.6249029424244188 0.3500891813494462
69.875 -1.6195399774946257 0.35072053478597176
69.907 -1.6131838709111683 0.3514688055255575
69.934 -1.6078209059813753 0.352100158962083
69.964 -1.601862056059383 0.3528016627804447
69.989 -1.5968963477910552 0.35338624929574625
70.016 -1.5915333828612623 0.3540176027322718
70.043 -1.5861704179314693 0.3546489561687973
70.068 -1.5812047096631443 0.3552335426840985
70.09 -1.5768348863870156 0.35574797881756387
70.11 -1.5728623197723552 0.35621564802980493
70.128 -1.5692870098191598 0.356636550320822
70.161 -1.5627322749049684 0.35740820452101985
70.188 -1.5573693099751753 0.3580395579575454
70.219 -1.551211831722452 0.3587644452365189
70.247 -1.5456502384619248 0.3594191821336566
70.273 -1.5404859018628658 0.36002715210957
70.297 -1.535718821925272 0.36058835516425936
70.32 -1.5311503703184122 0.3611261747583365
70.34 -1.527177803703749 0.36159384397057787
70.372 -1.5208216971202915 0.3623421147101636
70.396 -1.5160546171826976 0.36290331776485296
70.431 -1.509102625607041 0.36372173888627485
70.447 -1.505924572315311 0.3640958742560679
70.47 -1.5013561207084511 0.3646336938501451
70.495 -1.4963904124401233 0.3652182803654466
70.526 -1.4902329341873999 0.3659431676444202
70.543 -1.4868562525649358 0.36634068647482537
70.573 -1.4808974026429464 0.36704219029318674
70.594 -1.4767262076975518 0.36753324296603995
70.615 -1.4725550127521574 0.36802429563889316
70.645 -1.4665961628301651 0.36872579945725487
70.672 -1.461233197900372 0.3693571528937804
70.699 -1.455870232970579 0.36998850633030594
70.729 -1.4499113830485868 0.37069001014866765
70.758 -1.4441511614573286 0.3713681305064172
70.785 -1.4387881965275355 0.37199948394294274
70.809 -1.434021116589942 0.3725606869976321
70.828 -1.4302471783060127 0.3730049727492613
70.852 -1.4254800983684188 0.3735661758039507
70.876 -1.420713018430825 0.37412737885864006
70.9 -1.4159459384932311 0.37468858191332943
70.927 -1.410582973563438 0.37531993534985497
70.957 -1.4046241236414487 0.37602143916821634
70.986 -1.3988639020501876 0.37669955952596623
71.018 -1.3925077954667302 0.37744783026555195
71.045 -1.3871448305369372 0.3780791837020775
71.074 -1.381384608945679 0.37875730405982705
71.104 -1.3754257590236867 0.37945880787818875
71.136 -1.3690696524402293 0.3802070786177745
71.162 -1.3639053158411674 0.3808150485936882
71.188 -1.3587409792421083 0.3814230185696016
71.209 -1.354569784296714 0.38191407124245474
71.239 -1.3486109343747217 0.38261557506081645
71.267 -1.3430493411141975 0.3832703119579538
71.296 -1.3372891195229364 0.3839484323157037
71.32 -1.3325220395853454 0.3845096353703927
71.343 -1.327953587978483 0.38504745496447024
71.369 -1.322789251379424 0.38565542494038363
71.399 -1.3168304014574317 0.38635692875874533
71.493 -1.2981593383685246 0.3885549740562785
71.594 -1.278097876964485 0.39091670357809616
71.686 -1.2598240705370405 0.3930679819544056
71.774 -1.242344777432532 0.3951257264882664
71.868 -1.223673714343625 0.39732377178579953
71.966 -1.2061546955729687 0.39938619301178285
72.046 -1.1934424824060506 0.4008827344909547
72.136 -1.1809288975698689 0.4023558925095141
72.22 -1.1709180297009218 0.40353441892436176
72.299 -1.1630722106369649 0.4044580656185381
72.399 -1.1551270774076428 0.40539340404302027
72.5 -1.149108638986431 0.4061019228995656
72.596 -1.145294975036356 0.40655088534331707
72.691 -1.1434080058943918 0.4067730282191316
72.778 -1.1434080058943918 0.4067730282191316
72.871 -1.1434080058943918 0.4067730282191316
72.968 -1.1434080058943918 0.4067730282191316
73.067 -1.1434080058943918 0.4067730282191316
73.163 -1.1434080058943918 0.4067730282191316
73.263 -1.1434080058943918 0.4067730282191316
73.361 -1.1434080058943918 0.4067730282191316
73.454 -1.1434080058943918 0.4067730282191316
73.55 -1.1434080058943918 0.4067730282191316
73.634 -1.1434080058943918 0.4067730282191316
73.711 -1.1434080058943918 0.4067730282191316
73.804 -1.1434080058943918 0.4067730282191316
73.894 -1.1434080058943918 0.4067730282191316
73.992 -1.1434080058943918 0.4067730282191316
74.083 -1.1434080058943918 0.4067730282191316
74.171 -1.1434080058943918 0.4067730282191316
74.263 -1.1434080058943918 0.4067730282191316
74.341 -1.1434080058943918 0.4067730282191316
