3.2 0.9998512426394839 -0.49999999873014506
3.25 0.9998549520649643 -0.4999999987300902
3.3 0.9998560426416871 -0.49999999873007606
3.35 0.9998545503485128 -0.4999999987301074
3.4 0.9998504391754376 -0.49999999873018364
3.45 0.9998437207654928 -0.4999999987303039
3.5 0.9998343945834417 -0.4999999987304696
3.55 0.9998224598659264 -0.4999999987306813
3.6 0.9998079156014976 -0.4999999987309395
3.65 0.9997907605050111 -0.4999999987312429
3.7 0.9997709929863653 -0.49999999873159123
3.75 0.9997486111135507 -0.49999999873198553
3.8 0.9997134743007069 -0.49999999874147993
3.85 0.9996760740577859 -0.4999999986540413
3.9 0.9996463637516023 -0.49999999845076437
3.95 0.9996693063803515 -0.4999999984506738
4.0 0.9996896339571774 -0.4999999984504686
4.05 0.9997073484979608 -0.4999999984502188
4.1 0.9997224516686439 -0.499999998449964
4.15 0.9997349448225357 -0.4999999984497321
4.2 0.99974482903231 -0.49999999844953735
4.25 0.9997521051165655 -0.4999999984493892
4.3 0.999756773660887 -0.49999999844929355
4.35 0.9997588193548321 -0.4999999984492541
4.4 0.9997582893946149 -0.49999999844927123
4.45 0.9997551367021161 -0.4999999984493475
4.5 0.9997493767091415 -0.49999999844948345
4.55 0.9997410089579929 -0.49999999844968
4.6 0.9997300327676969 -0.4999999984499367
4.65 0.9997164472160885 -0.4999999984502541
4.7 0.9997002511162721 -0.4999999984506313
4.75 0.9996814429874322 -0.4999999984510688
4.8 0.9996600210199668 -0.4999999984515665
4.85 0.9996266411864578 -0.4999999984690794
4.9 0.9995794985477159 -0.4999999984306925
4.95 0.9995379353538092 -0.4999999982657416
5.0 0.9995488311595616 -0.4999999982171195
5.05 0.9995696853502998 -0.4999999982168224
5.1 0.9995879260790101 -0.4999999982164796
5.15 0.9996035550742584 -0.49999999821614
5.2 0.9996165737472765 -0.4999999982158313
5.25 0.9996269832239738 -0.4999999982155719
5.3 0.9996347843719522 -0.4999999982153717
5.35 0.999639977822289 -0.49999999821523594
5.4 0.9996425639859451 -0.49999999821517077
5.45 0.9996425430647197 -0.4999999982151768
5.5 0.999639915056702 -0.4999999982152559
5.55 0.9996346797561929 -0.49999999821540886
5.6 0.9996268367480684 -0.49999999821563673
5.65 0.9996163853965744 -0.49999999821593893
5.7 0.9996033248285257 -0.49999999821631624
5.75 0.9995876539108931 -0.4999999982167681
5.8 0.9995693712227459 -0.4999999982172946
5.85 0.9995484750215257 -0.4999999982178958
5.9 0.999518082348279 -0.4999999982329883
5.95 0.9994623333919835 -0.4999999982298132
6.0 0.9994120739781339 -0.4999999999693043
6.05 1.0000701472863756 -0.4999999945682194
6.1 1.0020120029732382 -0.4999999793396895
6.15 1.0044188731063857 -0.4999999639982396
6.2 1.0074326469010568 -0.4999999481958209
6.25 1.010633658560827 -0.49999993461989245
6.3 1.0154307890916747 -0.4999999176599292
6.35 1.0204900998979471 -0.49999990201728667
6.4 1.0264460865996123 -0.4999998848502044
6.45 1.032580320498851 -0.499999866986612
6.5 1.0397790966382576 -0.4999998440151854
6.55 1.047770631180133 -0.4999998141642376
6.6 1.0560693089735693 -0.49999977659382033
6.65 1.0650548277157885 -0.4999997267266482
6.7 1.074487376263105 -0.4999996622889333
6.75 1.0844668740545949 -0.4999995791227496
6.8 1.0908375891599738 -0.4999995329239107
6.85 1.0914758676771916 -0.4999995252592541
6.9 1.0947926228329292 -0.4999994768257828
6.95 1.1048065640248892 -0.4999993893727429
7.0 1.1148178907377952 -0.4999993119833689
7.05 1.124826604028211 -0.49999924258178974
7.1 1.1348327046861595 -0.4999991790912562
7.15 1.1448361932528353 -0.4999991194345667
7.2 1.1548370700330997 -0.49999906153426615
7.25 1.1648353351026406 -0.49999900331270747
7.3 1.174830988309641 -0.4999989426920357
7.35 1.1848240292709438 -0.49999887759412087
7.4 1.1948144573626494 -0.49999880594046325
7.45 1.2048022717050861 -0.49999872565208847
7.5 1.214787471142182 -0.49999863464944166
7.55 1.2190538201793493 -0.4999986055701877
7.6 1.2220549058397598 -0.49999856148299543
7.65 1.232063361660968 -0.4999984688993455
7.7 1.2420692025414755 -0.49999838201965746
7.75 1.2520724290188094 -0.49999829876542506
7.8 1.2620730413855248 -0.4999982170577343
7.85 1.2720710396947577 -0.4999981348173785
7.9 1.2820664237607424 -0.49999804996488306
7.95 1.292059193154012 -0.49999796042046035
8.0 1.3018939974572312 -0.499997872117759
8.05 1.304916372980448 -0.4999978364447995
8.1 1.3147498592665101 -0.4999977398694791
8.15 1.3247511901301867 -0.4999976454137539
8.2 1.334749905708404 -0.49999755099574883
8.25 1.3447460058761935 -0.49999745453546207
8.3 1.3514610708227786 -0.49999738790296355
8.35 1.3614224789583298 -0.4999972890518377
8.4 1.3707928074133233 -0.49999720063078396
8.45 1.380758921004952 -0.49999710218913457
8.5 1.3907589180547653 -0.49999700243684775
8.55 1.4007589159377472 -0.49999690267012054
8.6 1.4107589143247943 -0.49999680289008375
8.65 1.4207589130168015 -0.499996703097421
8.7 1.4307589118933095 -0.4999966032925464
8.75 1.440758910881442 -0.4999965034757098
8.8 1.45075890993711 -0.49999640364706266
8.85 1.4607589090336317 -0.49999630380669696
8.9 1.4707589081548742 -0.49999620395466793
8.95 1.4807589072910714 -0.4999961040910083
9.0 1.4907589064363136 -0.4999960042157391
9.05 1.5007589055870294 -0.49999590432887275
9.1 1.5107589047410543 -0.49999580443041636
9.15 1.5207589038970832 -0.49999570452037434
9.2 1.5307589030543216 -0.49999560459874914
9.25 1.5407589022138721 -0.4999955046655807
9.3 1.5507589013820675 -0.4999954047211292
9.35 1.5607589005569524 -0.4999953047654534
9.4 1.5707588997358837 -0.4999952047985543
9.45 1.580758898917263 -0.4999951048204337
9.5 1.5907588981001193 -0.4999950048310912
9.55 1.6007588972838624 -0.49999490483052794
9.6 1.610758896468143 -0.499994804818745
9.65 1.6207588956527466 -0.49999470479574004
9.7 1.6307588948375498 -0.4999946047615154
9.75 1.640758894022479 -0.49999450471607226
9.8 1.6507588932074841 -0.49999440465940503
9.85 1.6607588923925434 -0.49999430459152217
9.9 1.6707588915776281 -0.49999420451241766
9.95 1.6807588907627231 -0.4999941044220906
10.0 1.6907588899478245 -0.4999940043205414
10.05 1.7007588895302874 -0.499993904209131
10.1 1.7107588895339454 -0.49999380409629757
10.15 1.7207588895361194 -0.49999370398348847
10.2 1.7307588895373567 -0.4999936038706982
10.25 1.740758889538006 -0.49999350375792223
10.3 1.750758889538277 -0.49999340364515726
10.35 1.7607588895383 -0.49999330353240085
10.4 1.770758889538163 -0.49999320341965187
10.45 1.780758889537915 -0.499993103306907
10.5 1.7907588895375948 -0.49999300319416656
10.55 1.8007588895372253 -0.4999929030814299
10.6 1.810758889536821 -0.4999928029686953
10.65 1.8207588895363882 -0.49999270285596187
10.7 1.8307588895359408 -0.4999926027432301
10.75 1.8407588895354865 -0.4999925026305012
10.8 1.850758889535016 -0.4999924025177736
10.85 1.8607588895345415 -0.49999230240504605
10.9 1.8707588895340541 -0.4999922022923188
10.95 1.8807588895335758 -0.49999210217959233
11.0 1.8907588895330716 -0.49999200206686667
11.05 1.9007588895326024 -0.4999919019541418
11.1 1.9107588895321206 -0.49999180184141534
11.15 1.9206778895111145 -0.499991702540921
11.2 1.9306778895041754 -0.49999160242779395
11.25 1.940677889504357 -0.49999150231468054
11.3 1.9506778895043435 -0.4999914022015773
11.35 1.9606778895041952 -0.49999130208848225
11.4 1.9706778895039516 -0.49999120197539265
11.45 1.9806778895036445 -0.4999911018623082
11.5 1.990677889503289 -0.4999910017492279
11.55 2.000677889502893 -0.49999090163614995
11.6 2.010677889502475 -0.49999080152307396
11.65 2.020677889502043 -0.4999907014100002
11.7 2.030677889501588 -0.499990601296929
11.75 2.040677889501123 -0.4999905011838591
11.8 2.0506778895006477 -0.4999904010707901
11.85 2.060677889500176 -0.49999030095772107
11.9 2.0706778894996907 -0.49999020084465323
11.95 2.080677889499212 -0.4999901007315854
12.0 2.0906778894987093 -0.49999000061852045
12.05 2.10067788949824 -0.4999899005054556
12.1 2.110541889864696 -0.499989801754223
12.15 2.1195478907247907 -0.4999897116022877
12.2 2.128427891659762 -0.49998962272169184
12.25 2.136437892522154 -0.4999895425598412
12.3 2.1443178934565084 -0.4999894637078332
12.35 2.151327894317464 -0.49998939357114136
12.4 2.1580378952867063 -0.49998932644345456
12.45 2.1640378961114983 -0.49998926642715213
12.5 2.169647897080324 -0.49998921031794735
12.55 2.174647897905594 -0.4999891603168344
12.6 2.1791978988741847 -0.49998911482064373
12.65 2.183197899699928 -0.499989074829773
12.7 2.186778900547554 -0.4999890390323463
12.75 2.190757901319819 -0.49998899926044843
12.8 2.1948359020474806 -0.499988958503894
12.85 2.199807902795197 -0.4999889088165025
12.9 2.205037903443491 -0.4999888565570474
12.95 2.2110379042411816 -0.49998879660780504
13.0 2.2173079039914487 -0.49998873396674576
13.05 2.2243079032438526 -0.4999886640236379
13.1 2.2316179020146434 -0.49998859097488696
13.15 2.23961790129752 -0.49998851101840835
13.2 2.2470079014792645 -0.4999884371541124
13.25 2.254007901480225 -0.4999883671904151
13.3 2.2604179022431508 -0.4999883031258355
13.35 2.266417903079798 -0.49998824316686635
13.4 2.2718879040386697 -0.4999881885103844
13.45 2.276887904869639 -0.499988138557069
13.5 2.2813179058336015 -0.49998809430331914
13.55 2.285317906662038 -0.4999880543507471
13.6 2.288747907628304 -0.4999880200950378
13.65 2.2917479084557972 -0.49998799013821155
13.7 2.294157909422932 -0.499987966075279
13.75 2.2961579102501717 -0.4999879461092282
13.8 2.2975479112176225 -0.4999879322340127
13.85 2.2985479120448775 -0.4999879222537834
13.9 2.298897912626815 -0.49998791876051
13.95 2.2989740390830606 -0.4999880292386257
14.0 2.2992392252160654 -0.4999887748050854
14.05 2.2995897007689097 -0.49999089258991614
14.1 2.300076092129494 -0.4999955602298849
14.15 2.3006916250768428 -0.5000048380117924
14.2 2.301400107719289 -0.5000200898953018
14.25 2.3022931016808386 -0.5000463781925005
14.3 2.303210427427327 -0.5000821448795725
14.35 2.3043184554117664 -0.5001372113832597
14.4 2.305363500728766 -0.5002021304644906
14.45 2.30601098421564 -0.5002527863278728
14.5 2.3066922343539322 -0.5003174831898319
14.55 2.3074502808970228 -0.5004015563022491
14.6 2.308289565974207 -0.5005106560439123
14.65 2.3092161538548117 -0.5006491934902662
14.7 2.3101649398943676 -0.5008270834094176
14.75 2.3111889051720373 -0.5010336702345555
14.8 2.3122627298009952 -0.501295902207566
14.85 2.3133922729803587 -0.5015880892626954
14.9 2.314558085300466 -0.501952293732271
14.95 2.315710114414682 -0.5023266624211501
15.0 2.31647307408868 -0.5026014751830769
15.05 2.316970384740671 -0.5028040701129176
15.1 2.317251931281646 -0.5029239761132895
15.15 2.3174803019662154 -0.5030358400932335
15.2 2.3175960990185533 -0.5030992636960714
15.25 2.31769355712912 -0.5031470308620131
15.3 2.317705253738991 -0.5031550536552376
15.35 2.317654058860473 -0.5031006655828091
15.4 2.3175779330714854 -0.5030561640226259
15.45 2.3174670497337515 -0.502944935847221
15.5 2.3172642067959 -0.5027774580959449
15.55 2.316989053842472 -0.5025451708650683
15.6 2.3166809709009657 -0.5022624289782773
15.65 2.3163267524329894 -0.5019652836583425
15.7 2.3159826313064915 -0.5016397466520319
15.75 2.3155883778942825 -0.501282505798818
15.8 2.315273355130569 -0.501017179729625
15.85 2.315203471401177 -0.5009589165859083
15.9 2.3152323220512487 -0.5009868822578657
15.95 2.3152877657866084 -0.5010936956413755
16.0 2.3153890943222275 -0.5012265958029709
16.05 2.31551294445605 -0.5014120817493272
16.1 2.3156811659636882 -0.5016191896905817
16.15 2.3158831097717223 -0.5019172258888259
16.2 2.316113718449238 -0.5021789796754228
16.25 2.3163518133835272 -0.5025312847447112
16.3 2.316595173690239 -0.5028302557560809
16.35 2.3167102251495453 -0.5029374623319851
16.4 2.3168093334105397 -0.5030536931582679
16.45 2.3168825247524167 -0.503064168134366
16.5 2.3169254963829844 -0.5031079850715556
16.55 2.3169529885736107 -0.5030523110081841
16.6 2.3169463842853215 -0.5030205253885345
16.65 2.3169206788802286 -0.5028822197035471
16.7 2.3168588754519437 -0.5027614577906756
16.75 2.3168709884072674 -0.5027022642761506
16.8 2.3173466511701357 -0.5033724361797445
16.85 2.3181522585458705 -0.5045092148815035
16.9 2.31931042391358 -0.5061434299652967
16.95 2.320956603085733 -0.5084662509048972
17.0 2.3227074393967913 -0.510936747027893
17.05 2.3252932187732576 -0.514585379244945
17.1 2.3281877656191714 -0.5186696940521988
17.15 2.3315784213090334 -0.523454037090798
17.2 2.3350737341093963 -0.5283860552491422
17.25 2.3390894409553096 -0.5340523689845528
17.3 2.343149092240797 -0.5397806899603277
17.35 2.347722198925557 -0.5462335157939318
17.4 2.3523565965678603 -0.5527728254613202
17.45 2.357499823869999 -0.5600301128748079
17.5 2.362871446298407 -0.567609674356104
17.55 2.3686536020680085 -0.5757685138291345
17.6 2.374435757838933 -0.5839273532601716
17.65 2.380217913616392 -0.5920861926557819
17.7 2.386000069404225 -0.6002450320207745
17.75 2.391782225205286 -0.6084038713587029
17.8 2.3975643810217186 -0.6165627106722216
17.85 2.403346536855143 -0.6247215499633326
17.9 2.4091286927067914 -0.6328803892335506
17.95 2.414910848863163 -0.6410392285199298
18.0 2.4206930051735 -0.6491980678350395
18.05 2.426475161457995 -0.6573569071647918
18.1 2.4322573177163544 -0.6655157465103502
18.15 2.4380394739483284 -0.6736745858725776
18.2 2.443821630153704 -0.6818334252521232
18.25 2.449603786332316 -0.6899922646494789
18.3 2.455385942484017 -0.6981511040650196
18.35 2.461168098608696 -0.7063099434990309
18.4 2.46695025470626 -0.7144687829517379
18.45 2.472732410776638 -0.7226276224233101
18.5 2.4785145668197828 -0.7307864619138899
18.55 2.48429672283563 -0.7389453014235524
18.6 2.4900788788213473 -0.7471041410451847
18.65 2.4958610347786685 -0.7552629811933707
18.7 2.5016431907352548 -0.7634218213403489
18.75 2.507425346691389 -0.7715806614865582
18.8 2.513207502647251 -0.7797395016322797
18.85 2.518989658602944 -0.7878983417776824
18.9 2.5247718145585325 -0.7960571819228744
18.95 2.530553970514061 -0.8042160220679302
19.0 2.536336126469548 -0.8123748622128901
19.05 2.542118282425011 -0.820533702357786
19.1 2.5479004383804575 -0.8286925425026376
19.15 2.5536825943358976 -0.8368513826474586
19.2 2.5594647502913275 -0.8450102227922515
19.25 2.5652469062467538 -0.8531690629370269
19.3 2.5710290622021863 -0.861327903081805
19.35 2.576811218157606 -0.8694867432265567
19.4 2.5825933741130322 -0.877645583371315
19.45 2.5883755300684554 -0.8858044235160667
19.5 2.594157686023873 -0.893963263660809
19.55 2.5999398419792894 -0.902122103805543
19.6 2.605721997934705 -0.9102809439502733
19.65 2.61150415389012 -0.9184397840950106
19.7 2.617286309845554 -0.9265986242397656
19.75 2.623068465800985 -0.9347574643845123
19.8 2.628850621756408 -0.9429163045292573
19.85 2.634632777711828 -0.9510751446739986
19.9 2.6404149336672447 -0.9592339848187352
19.95 2.6461970896226594 -0.967392824963478
20.0 2.6519792455780653 -0.9755516651082089
20.05 2.6577614015334805 -0.98371050525295
20.1 2.6635435574888935 -0.991869345397691
20.15 2.6693257134443056 -1.0000281855424362
20.2 2.6751078693997137 -1.0081870256871794
20.25 2.6808900253551244 -1.016345865831929
20.3 2.6866721813105303 -1.0245047059766743
20.35 2.6924543372659357 -1.0326635461214244
20.4 2.6982364932213354 -1.0408223862661705
20.45 2.704018649176734 -1.048981226410922
20.5 2.709800805132133 -1.0571400665556765
20.55 2.7155829610875233 -1.0652989067004208
20.6 2.7213651170429136 -1.0734577468451685
20.65 2.727147272998309 -1.0816165869899228
20.7 2.732929428953703 -1.0897754271346773
20.75 2.738711584909101 -1.0979342672794408
20.8 2.744493740864496 -1.1060931074242046
20.85 2.750275896819882 -1.1142519475689652
20.9 2.7560580527752663 -1.1224107877137255
20.95 2.7618402087306473 -1.1305696278584818
21.0 2.7676223646860243 -1.1387284680032341
21.05 2.773404520641407 -1.1468873081479984
21.1 2.7791866765967854 -1.1550461482927588
21.15 2.784968832552165 -1.163204988437524
21.2 2.7907509885075417 -1.1713638285822894
21.25 2.796533144462922 -1.179522668727059
21.3 2.8023153004183023 -1.187681508871833
21.35 2.8080974563736785 -1.195840349016605
21.4 2.8138796123290493 -1.2039991891613742
21.45 2.8196617682844196 -1.2121580293061451
21.5 2.8250912131131036 -1.219819180797305
21.55 2.830295153934783 -1.2271621376158623
21.6 2.8351463832320034 -1.2340074052571608
21.65 2.839772108421304 -1.2405344780799037
21.7 2.8439526076013864 -1.2464333202839146
21.75 2.8479943350161636 -1.252136350281249
21.8 2.851533014866052 -1.2571295612280877
21.85 2.85499363559268 -1.2620126278049708
21.9 2.857945426603756 -1.2661777164801258
21.95 2.8608203149274916 -1.2702342925614967
22.0 2.862920494295716 -1.273199790024022
22.05 2.8647522855356597 -1.2757985297471683
22.1 2.8661669524570677 -1.277824090810333
22.15 2.8674565004860226 -1.2796972232097246
22.2 2.86831863548154 -1.2809738314870358
22.25 2.869072034192555 -1.2821176457994776
22.3 2.8694066711117427 -1.2826432932585226
22.35 2.869648744607046 -1.2830401220953591
22.4 2.869909724476518 -1.2834861797380532
22.45 2.870183877124215 -1.283975061960673
22.5 2.870340165366565 -1.2842978684351534
22.55 2.8704629578479812 -1.2845520879600494
22.6 2.87057080121725 -1.2849091427350903
22.65 2.870696200599312 -1.2852937272095135
22.7 2.870837483887506 -1.2858054253338491
22.75 2.8709936125066737 -1.2865737594804543
22.8 2.8711653108742166 -1.2875882934631424
22.85 2.8713547105322434 -1.2887926151564737
22.9 2.871565180800461 -1.290130368414597
22.95 2.871800990113758 -1.2913715739595533
23.0 2.8720027654247007 -1.2925091214050002
23.05 2.872141071864605 -1.2935411374695531
23.1 2.8722238422205764 -1.2944685249513563
23.15 2.8722592237068545 -1.2952927868015733
23.2 2.8722554671527285 -1.2960160463871284
23.25 2.8722211853598534 -1.2966313035291137
23.3 2.8721667571731895 -1.2971222907216398
23.35 2.8720932583062115 -1.2975650937121943
23.4 2.8719977205221747 -1.298003668198382
23.45 2.871880382751726 -1.298436917968184
23.5 2.8717415384213716 -1.2988637601189843
23.55 2.871581534729623 -1.2992831277619121
23.6 2.87140077178024 -1.299693972688639
23.65 2.8712003585721115 -1.3000939373413272
23.7 2.8710493689334156 -1.3003544696298914
23.75 2.8709187558041793 -1.300551595027279
23.8 2.870860604854078 -1.3006182449019297
23.85 2.8708339575992077 -1.3006434156971474
23.9 2.8708578132788016 -1.3005958299889329
23.95 2.8705099345999847 -1.300987516204939
24.0 2.8700748468521846 -1.3014544600592788
24.05 2.869283570607547 -1.3022506751923153
24.1 2.868331325680726 -1.3031523585869533
24.15 2.8667981587635913 -1.304522368277119
24.2 2.864853543594429 -1.3061622415035352
24.25 2.86253935813916 -1.3080149034620274
24.3 2.859832042860225 -1.3100715020204874
24.35 2.8567109148672376 -1.3123352656681802
24.4 2.8529448543915286 -1.314944678996626
24.45 2.848196640172504 -1.3181073196550082
24.5 2.8428013277240733 -1.321566509331259
24.55 2.8368661723332957 -1.3252480421522312
24.6 2.8302722325524803 -1.3292173239517087
24.65 2.822788823968261 -1.3336090071661915
24.7 2.8146296400723654 -1.3382977268137208
24.75 2.806312635769854 -1.3429974244626892
24.8 2.797850705513769 -1.3477202271762276
24.85 2.789252310201344 -1.3524815661561143
24.9 2.780530167059618 -1.3572954276332454
24.95 2.771774510816052 -1.3621264185262267
25.0 2.763018854569327 -1.3669574093959231
25.05 2.754263198317051 -1.3717884002421667
25.1 2.745507542057394 -1.376619391064798
25.15 2.7367518857889688 -1.381450381863663
25.2 2.7279962295107167 -1.386281372638656
25.25 2.7192405732218217 -1.3911123633896738
25.3 2.7104849169216547 -1.3959433541166313
25.35 2.701948151693432 -1.4006535702214111
25.4 2.694068061010458 -1.4050014622324039
25.45 2.686406861381811 -1.40922857938561
25.5 2.679402336335537 -1.4130933722043066
25.55 2.672634213659411 -1.4168277281996327
25.6 2.666505254262985 -1.4202094218587955
25.65 2.6606310234438313 -1.4234505673309508
25.7 2.656022952084485 -1.425996163483851
25.75 2.6516004550008567 -1.4284546504133588
25.8 2.6479328241978886 -1.4305182656053097
25.85 2.644756377480837 -1.4323369572462594
25.9 2.6420127220552727 -1.4339462707037198
25.95 2.6399670743320036 -1.4351813821173791
26.0 2.638198212096339 -1.4362869768834376
26.05 2.637150132223371 -1.4369713384864988
26.1 2.6364300240482486 -1.437462578879583
26.15 2.636243167686175 -1.4376033255541583
26.2 2.6361235396151925 -1.4377023388439896
26.25 2.635962410187236 -1.437839919953939
26.3 2.6360328774048387 -1.4377907766552265
26.35 2.636206443113913 -1.4376468467285675
26.4 2.6363513716799782 -1.4375211965894936
26.45 2.6358454505035755 -1.438092426509017
26.5 2.6350700412247967 -1.4389285424621177
26.55 2.6341672552522897 -1.4400507609919697
26.6 2.6329702712442007 -1.4412408175571505
26.65 2.631415685736099 -1.4430570136918937
26.7 2.629575380108019 -1.4450610837390718
26.75 2.6273900419066187 -1.4477522600068582
26.8 2.6248603255025156 -1.4509476582926129
26.85 2.6220152249273334 -1.4544590517036993
26.9 2.6187930445259564 -1.4586463602746789
26.95 2.615267632787699 -1.4633375885676678
27.0 2.611310276955508 -1.468693404281096
27.05 2.606590946078997 -1.4750973037366686
27.1 2.601708470622906 -1.4817225823185607
27.15 2.5962090115404712 -1.489185077273254
27.2 2.59027647719192 -1.4972352340570902
27.25 2.5843439428623833 -1.5052853908049044
27.3 2.5784114085462213 -1.513335547525145
27.35 2.57247887423934 -1.5213857042239838
27.4 2.566546339938712 -1.5294358609060121
27.45 2.5606138056420886 -1.537486017574652
27.5 2.554681270992505 -1.5455361742133853
27.55 2.5487487363283283 -1.5535863308656768
27.6 2.5428162017009117 -1.5616364875381714
27.65 2.536883667110456 -1.5696866442327042
27.7 2.530951132557142 -1.5777368009506627
27.75 2.525018598041139 -1.5857869576930994
27.8 2.519086063562575 -1.5938371144608194
27.85 2.513153529121569 -1.6018872712544396
27.9 2.5072209947182156 -1.6099374280744394
27.95 2.501288460352588 -1.617987584921184
28.0 2.495355926024747 -1.626037741794961
28.05 2.489423391734743 -1.63408789869598
28.1 2.4834908574826042 -1.6421380556244227
28.15 2.477558323268366 -1.650188212580416
28.2 2.4716257890920557 -1.6582383695640548
28.25 2.4656932549536825 -1.6662885265754253
28.3 2.4597607208532706 -1.6743386836145873
28.35 2.4538281867572427 -1.6823888412943702
28.4 2.4478956526610722 -1.6904389990104554
28.45 2.4419631185653854 -1.6984891567256766
28.5 2.4360305844699877 -1.7065393144403445
28.55 2.4300980503747667 -1.714589472154644
28.6 2.4241655162796527 -1.7226396298687023
28.65 2.418232982184601 -1.7306897875825975
28.7 2.4123004480895873 -1.7387399452963823
28.75 2.406367913994597 -1.7467901030100896
28.8 2.4004353798996227 -1.754840260723737
28.85 2.3945028458046496 -1.762890418437359
28.9 2.388570311709691 -1.7709405761509365
28.95 2.3826377776147303 -1.7789907338644995
29.0 2.3767052435197664 -1.7870408915780585
29.05 2.370772709424805 -1.7950910492916046
29.1 2.3648401753298494 -1.8031412070051334
29.15 2.3589076412348975 -1.8111913647186537
29.2 2.352975107139944 -1.8192415224321685
29.25 2.3470425730449938 -1.827291680145675
29.3 2.341110038950042 -1.8353418378591764
29.35 2.3351775048550887 -1.8433919955726803
29.4 2.3292449707601284 -1.8514421532861882
29.45 2.3233124366651703 -1.8594923109996881
29.5 2.3173799025702184 -1.8675424687131803
29.55 2.3114473684752714 -1.8755926264266685
29.6 2.3055148343803125 -1.8836427841401655
29.65 2.2995823002853504 -1.8916929418536645
29.7 2.2936497661903865 -1.8997430995671656
29.75 2.2877172320954213 -1.9077932572806655
29.8 2.2817846980004535 -1.9158434149941637
29.85 2.275852163905485 -1.9238935727076574
29.9 2.2699196298105138 -1.9319437304211537
29.95 2.2639870957155392 -1.9399938881346486
30.0 2.2580545616205647 -1.9480440458481383
30.05 2.252122027525589 -1.9560942035616289
30.1 2.246189493430611 -1.9641443612751202
30.15 2.2402569593356327 -1.972194518988609
30.2 2.234324425240653 -1.9802446767021
30.25 2.2283918911456717 -1.988294834415588
30.3 2.222459357050689 -1.9963449921290768
30.35 2.2165268229557036 -2.0043951498425643
30.4 2.2105942888607153 -2.0124453075560513
30.45 2.2046617547657315 -2.020495465269534
30.5 2.1987292206707427 -2.02854562298302
30.55 2.1927966865757553 -2.0365957806965027
30.6 2.1868641524807697 -2.044645938409984
30.65 2.1809316183857783 -2.0526960961234653
30.7 2.1752185877765133 -2.0604483984144113
30.75 2.16987930661245 -2.0676935409939023
30.8 2.164747664132173 -2.0746569281179728
30.85 2.1600016363850396 -2.0810970549229326
30.9 2.1554751123847335 -2.0872393259632327
30.95 2.151322338051248 -2.092874436996643
31.0 2.147472122939768 -2.098098990058521
31.05 2.144171095587097 -2.1025797465969323
31.1 2.141155230076619 -2.106690194652089
31.15 2.138557087187755 -2.1102650387888513
31.2 2.1362073641851884 -2.1135491196893397
31.25 2.1343556909645134 -2.116192347489264
31.3 2.132771775766124 -2.1185156294669047
31.35 2.1316400943217957 -2.1202355762399896
31.4 2.1307195808705366 -2.121690075914354
31.45 2.130210535407885 -2.122539866066494
31.5 2.1297925611922146 -2.1232782129370213
31.55 2.1293088836544185 -2.124179524542388
31.6 2.1286268978019507 -2.1256679921039234
31.65 2.1276161330421877 -2.1278773398756785
31.7 2.126495212662295 -2.1306096762777336
31.75 2.12509239767445 -2.1338878957341465
31.8 2.1234444040060816 -2.137764574681223
31.85 2.121456000217778 -2.1417403954192653
31.9 2.119352202926429 -2.1458216883257717
31.95 2.117107796236964 -2.150854532808559
32.0 2.1147698809048148 -2.1562943358097
32.05 2.112170298992555 -2.162726126860738
32.1 2.1094361531279575 -2.1694947625606456
32.15 2.1061102332143746 -2.1777283911389405
32.2 2.1026532241063056 -2.1862865432796768
32.25 2.0989078185730823 -2.1955586479569114
32.3 2.095162413023814 -2.204830752585358
32.35 2.091417007217419 -2.2141028571347268
32.4 2.0876716014081977 -2.223374961667787
32.45 2.083926195632693 -2.2326470661971287
32.5 2.0801807898910423 -2.2419191707269905
32.55 2.076435384183405 -2.2511912752605463
32.6 2.07268997850993 -2.2604633798002105
32.65 2.068944572870745 -2.2697354843478066
32.7 2.065199167265964 -2.279007588904736
32.75 2.0614537616956876 -2.2882796934720795
32.8 2.0577083561599894 -2.297551798050664
32.85 2.0539629506589323 -2.306823902641134
32.9 2.0502175451925657 -2.316096007243985
32.95 2.0464721397609313 -2.325368111859598
33.0 2.042726734364055 -2.3346402164882782
33.05 2.0389813290019694 -2.3439123211302406
33.1 2.035235923653055 -2.353184426455459
33.15 2.0314905183038166 -2.3624565318709956
33.2 2.027745112954935 -2.371728637285411
33.25 2.0239997076062672 -2.3810007426991153
33.3 2.0202543022577277 -2.3902728481123607
33.35 2.0165088969092673 -2.399544953525302
33.4 2.0127634915608525 -2.4088170589380438
33.45 2.0090180862124645 -2.4180891643506532
33.5 2.0052726808640924 -2.4273612697631717
33.55 2.0015272755157296 -2.436633375175631
33.6 1.9979953580284422 -2.4453769712314952
33.65 1.9946256165099587 -2.453719085217281
33.7 1.9915719872382185 -2.4612786335953176
33.75 1.988639709118442 -2.4685377657718233
33.8 1.9857890812025476 -2.4755947658687507
33.85 1.9827927569469477 -2.483012451000035
33.9 1.9795904357310923 -2.4909401009041243
33.95 1.97619897154444 -2.499335991453966
34.0 1.9724704208201287 -2.5085663715223507
34.05 1.9687250154880618 -2.5178384762144383
34.1 1.9649796100841233 -2.5271105808849113
34.15 1.961234204714365 -2.536382685557714
34.2 1.9574887993609336 -2.5456547907745044
34.25 1.953743394006372 -2.5549268961902825
34.3 1.9499979886524788 -2.5641990016042935
34.35 1.9462525832990076 -2.5734711070171707
34.4 1.9425071779458076 -2.5827432124293064
34.45 1.938761772592783 -2.592015317840953
34.5 1.9350163672398724 -2.6012874232522765
34.55 1.9312709618870378 -2.61055952866338
34.6 1.927525556534255 -2.619831634074331
34.65 1.9237801511815078 -2.6291037394851746
34.7 1.920034745828786 -2.638375844895941
34.75 1.9162893404760815 -2.647647950306651
34.8 1.9125439351233902 -2.6569200557173196
34.85 1.9087985297707066 -2.6661921611279618
34.9 1.9050531244180295 -2.6754642665385813
34.95 1.901307719065357 -2.684736371949186
35.0 1.8975623137126898 -2.6940084773597723
35.05 1.8938169083600278 -2.703280582770348
35.1 1.8900715030073667 -2.71255268818092
35.15 1.8863260976547054 -2.7218247935914883
35.2 1.8825806923020438 -2.731096899002058
35.25 1.8788352869493865 -2.740369004412616
35.3 1.8750898815967296 -2.749641109823173
35.35 1.871344476244066 -2.7589132152337466
35.4 1.8675990708914072 -2.7681853206443083
35.45 1.863853665538755 -2.7774574260548586
35.5 1.8601082601861068 -2.7867295314653977
35.55 1.856362854833451 -2.7960016368759515
35.6 1.852617449480792 -2.8052737422865084
35.65 1.848872044128133 -2.8145458476970573
35.7 1.8451266387754703 -2.8238179531076115
35.75 1.8413812334228032 -2.8330900585181693
35.8 1.837635828070135 -2.842362163928729
35.85 1.833890422717467 -2.851634269339281
35.9 1.8301450173647988 -2.8609063747498245
35.95 1.8263996120121295 -2.870178480160369
36.0 1.8226542066594595 -2.8794505855709085
36.05 1.8189088013067871 -2.8887226909814516
36.1 1.8151633959541118 -2.897994796391995
36.15 1.8114179906014334 -2.907266901802544
36.2 1.8076725852487523 -2.916539007213095
36.25 1.80392717989607 -2.9258111126236415
36.3 1.8001817745433848 -2.935083218034188
36.35 1.7964363691907002 -2.94435532344473
36.4 1.7926909638380144 -2.9536274288552713
36.45 1.7889455584853269 -2.9628995342658135
36.5 1.7852001531326402 -2.972171639676352
36.55 1.7814547477799518 -2.9814437450868887
36.6 1.7777093424272592 -2.99071585049743
36.65 1.7739639370745666 -2.9999879559079665
36.7 1.7702185317218713 -3.0092600613185065
36.75 1.7664731263691704 -3.0185321667290537
36.8 1.762727721016469 -3.027804272139599
36.85 1.7589823156637678 -3.0370763775501395
36.9 1.7552369103110659 -3.0463484829606755
36.95 1.7514915049583604 -3.055620588371211
37.0 1.7477460996056555 -3.0648926937817427
37.05 1.7440006942529496 -3.0741647991922707
37.1 1.7402552889002418 -3.083436904602801
37.15 1.736509883547529 -3.092709010013336
37.2 1.7327644781948128 -3.1019811154238712
37.25 1.729019072842096 -3.1112532208344055
37.3 1.725273667489379 -3.120525326244939
37.35 1.721528262136658 -3.1297974316554726
37.4 1.7177828567839377 -3.1390695370660016
37.45 1.7140374514312167 -3.148341642476528
37.5 1.7102920460784956 -3.157613747887052
37.55 1.7065466407257746 -3.166885853297568
37.6 1.7028012353730508 -3.176157958708087
37.65 1.6990558300203245 -3.1854300641186093
37.7 1.6953104246675952 -3.194702169529134
37.75 1.6915650193148613 -3.2039742749396622
37.8 1.687819613962126 -3.2132463803501894
37.85 1.6840742086093896 -3.2225184857607143
37.9 1.6803288032566506 -3.2317905911712392
37.95 1.676583397903913 -3.241062696581759
38.0 1.6728379925511763 -3.2503348019922726
38.05 1.669092587198437 -3.2596069074027842
38.1 1.6653471818456957 -3.2688790128132985
38.15 1.6616017764929516 -3.2781511182238168
38.2 1.6578563711402037 -3.2874232236343364
38.25 1.6541109657874535 -3.296695329044858
38.3 1.6503655604346998 -3.3059674344553835
38.35 1.6466201550819428 -3.3152395398659085
38.4 1.6428747497291865 -3.324511645276432
38.45 1.6391293443764288 -3.333783750686954
38.5 1.6353839390236689 -3.3430558560974704
38.55 1.6316385336709105 -3.3523279615079775
38.6 1.6278931283181528 -3.361600066918481
38.65 1.6241477229653911 -3.3708721723289905
38.7 1.6204023176126272 -3.3801442777394994
38.75 1.6166569122598609 -3.3894163831500146
38.8 1.6129115069070914 -3.3986884885605284
38.85 1.6091661015543182 -3.4079605939710427
38.9 1.6054206962015445 -3.417232699381557
38.95 1.60167529084877 -3.42650480479207
39.0 1.5979298854959931 -3.43577691020258
39.05 1.5941844801432181 -3.4450490156130824
39.1 1.5904390747904444 -3.4543211210235776
39.15 1.5866936694376677 -3.4635932264340745
39.2 1.5829482640848893 -3.4728653318445715
39.25 1.5792028587321083 -3.482137437255071
39.3 1.5754574533793233 -3.491409542665578
39.35 1.5717120480265363 -3.5006816480760854
39.4 1.567966642673747 -3.509953753486591
39.45 1.5642212373209576 -3.519225858897097
39.5 1.5604758319681686 -3.528497964307596
39.55 1.5567304266153796 -3.5377700697180896
39.6 1.5529850212625886 -3.5470421751285834
39.65 1.549239615909796 -3.5563142805390786
39.7 1.5454942105570042 -3.5655863859495707
39.75 1.541748805204208 -3.5748584913600676
39.8 1.5380033998514089 -3.584130596770566
39.85 1.534257994498609 -3.5934027021810633
39.9 1.5305635265635213 -3.6025487072702416
39.95 1.527190414166182 -3.610899166153717
40.0 1.523928165807201 -3.6189751708151037
40.05 1.5209318412294806 -3.6263928558846406
40.1 1.5181190415479022 -3.633356207910637
40.15 1.5154972575382075 -3.6398466824504867
40.2 1.5130290352372393 -3.6459570008001605
40.25 1.5106731753462468 -3.6517891557603974
40.3 1.5080513918746308 -3.658279630399485
40.35 1.5053209916528325 -3.665038995675953
40.4 1.502324667665166 -3.6724566798165585
40.45 1.4992421992756548 -3.680087621864715
40.5 1.4958713346786365 -3.6884325160578397
40.55 1.4923319268684654 -3.6971946545628462
40.6 1.488586521633221 -3.7064667592934963
40.65 1.4848411161424504 -3.715738863955269
40.7 1.481116310362537 -3.7249599722092452
40.75 1.4778119372235348 -3.733139518198094
40.8 1.4747278200995568 -3.7407533483245943
40.85 1.471781684189407 -3.7479713325275403
40.9 1.468957840042941 -3.7547999055517205
40.95 1.4663320666027804 -3.7610380133887404
41.0 1.4637429581342898 -3.767049231207598
41.05 1.4614034601477168 -3.772333722741796
41.1 1.459043802072086 -3.777496534420807
41.15 1.4569453867703943 -3.7819241664005787
41.2 1.4548242989266267 -3.786224455799946
41.25 1.453213442646114 -3.7893500837030274
41.3 1.4517131118770368 -3.7921248692631746
41.35 1.4505555539128985 -3.7941684461455436
41.4 1.449505136481438 -3.7959535137257383
41.45 1.4488469686706147 -3.797033249507266
41.5 1.4483857691980975 -3.7977716707554583
41.55 1.4482646181798438 -3.7979587309768097
41.6 1.4481815223939154 -3.7980853044104737
41.65 1.4481105306669226 -3.7982444520229195
41.7 1.4481203483285363 -3.7982634663797903
41.75 1.4481203483285363 -3.7982634663797903
41.8 1.4481203483285363 -3.7982634663797903
41.85 1.4481203483285363 -3.7982634663797903
41.9 1.4481203483285363 -3.7982634663797903
41.95 1.4481203483285363 -3.7982634663797903
42.0 1.4481203483285363 -3.7982634663797903
42.05 1.4479842366871691 -3.798473279618654
42.1 1.4474394501354677 -3.7993118548740568
42.15 1.446736675526237 -3.8003936166230403
42.2 1.445647101988727 -3.80207076634624
42.25 1.4444088018007997 -3.803976846285169
42.3 1.4423130068799446 -3.807202841443986
42.35 1.4401224189141693 -3.8105747487646235
42.4 1.437439888427628 -3.814703888623
42.45 1.4342283697372202 -3.8196472843901015
42.5 1.4309482078064997 -3.824696340682717
42.55 1.4271842751106605 -3.8304900509769886
42.6 1.423223674380471 -3.8365864865309454
42.65 1.418865378942789 -3.843295081830583
42.7 1.4143490954890452 -3.850246863337976
42.75 1.4094460130652893 -3.857794033099757
42.8 1.404330463922177 -3.8656682465224654
42.85 1.3988825945081687 -3.874053990744866
42.9 1.3934347251023231 -3.882439734934807
42.95 1.38798685570051 -3.8908254790990013
43.0 1.3825389862997017 -3.8992112232423866
43.05 1.3770911168976523 -3.907596967368638
43.1 1.3716432474926816 -3.915982711480504
43.15 1.3661953780835192 -3.924368455580074
43.2 1.3607475085038792 -3.9327541996550157
43.25 1.3552996387247562 -3.941139943720644
43.3 1.3498517689820984 -3.9495256878050835
43.35 1.34440389927612 -3.9579114319097015
43.4 1.339242276668618 -3.9657899266507464
43.45 1.3342163269384775 -3.9732424175663255
43.5 1.3294865787471017 -3.980402797582493
43.55 1.3248818112104483 -3.987312774288159
43.6 1.320550627467077 -3.993703595197454
43.65 1.3163278296640648 -3.9998018196905196
43.7 1.3123797265910868 -4.005361990307148
43.75 1.308523428161506 -4.010633057862514
43.8 1.3049551227082292 -4.015351825374648
43.85 1.3014703490680466 -4.019788389927954
43.9 1.2984655216733558 -4.023462572254335
43.95 1.2957378315319974 -4.0266544488802705
44.0 1.293456161636469 -4.029221393859065
44.05 1.291278651927938 -4.0315873616261255
44.1 1.289644833532239 -4.033310654389733
44.15 1.2878068973238324 -4.035204020957442
44.2 1.2854845617500679 -4.037552153699994
44.25 1.2830153466608947 -4.040191666703709
44.3 1.28035431534701 -4.0432339363039524
44.35 1.277067688505023 -4.046688042523271
44.4 1.2735124287499542 -4.050206796387884
44.45 1.2693644342049912 -4.054274993743709
44.5 1.2650415240763915 -4.0585147416224885
44.55 1.2600760673251872 -4.063384675110749
44.6 1.254981387414621 -4.068381345833829
44.65 1.2488807652785836 -4.0743646069364425
44.7 1.2418063278205707 -4.081302949562327
44.75 1.2346669215923742 -4.088305011132621
44.8 1.2275275153967478 -4.095307072685484
44.85 1.220388109227534 -4.102309134227329
44.9 1.2132487030802275 -4.109311195762868
44.95 1.2061092969515017 -4.1163132572955945
45.0 1.198969890838871 -4.123315318828124
45.05 1.1918304847404573 -4.130317380362435
45.1 1.1846910786548452 -4.137319441900019
45.15 1.177551672552848 -4.144321503768842
45.2 1.1704122664161662 -4.15132356583302
45.25 1.1632728602552114 -4.158325627869298
45.3 1.156382822447529 -4.165081916661268
45.35 1.149808647641807 -4.171510281054157
45.4 1.1435475477061574 -4.177590170342993
45.45 1.137560866417581 -4.183337438170436
45.5 1.1318745429797348 -4.188713060153664
45.55 1.1264488603053076 -4.1937399208624635
45.6 1.1213263648264462 -4.19837396578262
45.65 1.1164462802114157 -4.202662372593528
45.7 1.1120186429423697 -4.206427747237861
45.75 1.1076727095660697 -4.209985882418583
45.8 1.1040731456826915 -4.212812826966873
45.85 1.1007754405215422 -4.2152907441273255
45.9 1.0980825291323337 -4.217233120346318
45.95 1.0956330642018735 -4.21893994036761
46.0 1.0936450255341816 -4.22029635290955
46.05 1.0908511434201946 -4.22218066857652
46.1 1.0876810404829627 -4.224279731247344
46.15 1.084163118377103 -4.226679508650431
46.2 1.0804684298729355 -4.229250941173034
46.25 1.0763197987506368 -4.231977954720053
46.3 1.0716394527798196 -4.234920321649393
46.35 1.0665572549456646 -4.238109562342807
46.4 1.0610430706020029 -4.241569888410023
46.45 1.0551138396934285 -4.245290669346382
46.5 1.0485959213450506 -4.249380870461829
46.55 1.0405872248043282 -4.25440658236991
46.6 1.0321168946768657 -4.259721984027055
46.65 1.0236465646008173 -4.265037385688846
46.7 1.0151762345676252 -4.270352787361227
46.75 1.0067059045710627 -4.275668189048558
46.8 0.9982355746065472 -4.280983590754062
46.85 0.9897652446253031 -4.2862989927816075
46.9 0.9812949146269861 -4.291614394900267
46.95 0.9728245846212321 -4.296929796994822
47.0 0.9643542546059319 -4.302245199064916
47.05 0.9558839245795022 -4.307560601110254
47.1 0.9474135945407323 -4.312876003130573
47.15 0.9389432644887029 -4.3181914051256625
47.2 0.9304729344227093 -4.323506807095346
47.25 0.9220026043422105 -4.328822209039493
47.3 0.9135322742467905 -4.334137610957992
47.35 0.9050619437586641 -4.339453012845333
47.4 0.8965916130125363 -4.344768414722967
47.45 0.8881212822674812 -4.3500838166000095
47.5 0.8796669872589759 -4.355389142308012
47.55 0.8718354905112272 -4.360297674318395
47.6 0.8640870296892558 -4.365127613452578
47.65 0.8569912387493754 -4.3695058405324545
47.7 0.8499573919585462 -4.3737812888183365
47.75 0.8435670956717938 -4.3775888555552545
47.8 0.8372403309694779 -4.381265869654485
47.85 0.8315525509828054 -4.384472601965505
47.9 0.8260662294788383 -4.387458534254697
47.95 0.8210618243794479 -4.390069252837329
48.0 0.8163451985871859 -4.392416817915914
48.05 0.8127149764597525 -4.3941270405830535
48.1 0.8103667351434853 -4.39516469000321
48.15 0.8090404692708061 -4.395705612214476
48.2 0.8075634163112159 -4.396259743657844
48.25 0.8058891476931054 -4.396832663165215
48.3 0.8042849602501947 -4.397324672915833
48.35 0.8027861097523943 -4.397728669129142
48.4 0.8013930714621215 -4.398050591743112
48.45 0.800105976807015 -4.39829691973313
48.5 0.7989245420090387 -4.398474591634213
48.55 0.7978480069181646 -4.398590915634901
48.6 0.7968750855328314 -4.398653471176626
48.65 0.7960039290986929 -4.3986700042832565
48.7 0.795232859848075 -4.398648336870555
48.75 0.7945633314050744 -4.398596458944823
48.8 0.7932116868793916 -4.398451008753661
48.85 0.7917005163215861 -4.39823124892596
48.9 0.7896336888419053 -4.397804053135978
48.95 0.7875295922826876 -4.39727258437971
49.0 0.7847324058752012 -4.396444332205411
49.05 0.7818098770969596 -4.395447834952195
49.1 0.7782904674825394 -4.394098758615733
49.15 0.774468910104641 -4.392464778699718
49.2 0.7703452349372637 -4.390530807525071
49.25 0.7658599522602724 -4.388236356683145
49.3 0.7602316680990269 -4.385128232045316
49.35 0.753642302567753 -4.381224329318323
49.4 0.7462836411838302 -4.37657785761067
49.45 0.739246756986194 -4.37186276945602
49.5 0.732468841481357 -4.367068860083707
49.55 0.7257074305513511 -4.362047562006043
49.6 0.7189405300654802 -4.3567966076772064
49.65 0.7121629535135827 -4.351326567516955
49.7 0.705368535061899 -4.34564850550226
49.75 0.6985500800256468 -4.339773897592532
49.8 0.6916992998161517 -4.333714544149842
49.85 0.6848067748285097 -4.327482519679886
49.9 0.6778620767805654 -4.321090276925118
49.95 0.6708541244808736 -4.314550909730367
50.0 0.6637706719836785 -4.3078776821586064
50.05 0.6565986361740115 -4.301084363647603
50.1 0.6493492827709051 -4.294207520894106
50.15 0.6420943397778025 -4.287325239591379
50.2 0.6348393968152848 -4.2804429582599175
50.25 0.6275844538832321 -4.273560676898966
50.3 0.6203295109815805 -4.26667839550796
50.35 0.6130745681102797 -4.259796114086471
50.4 0.6058196252693089 -4.2529138326341664
50.45 0.5985646824586526 -4.246031551150791
50.5 0.5913097396782995 -4.239149269636145
50.55 0.5840547969282435 -4.232266988090082
50.6 0.5767998542084772 -4.225384706512492
50.65 0.5695449115190048 -4.21850242490328
50.7 0.5622899688598153 -4.21162014326238
50.75 0.5550350262309097 -4.204737861589737
50.8 0.5477800836323153 -4.19785557988532
50.85 0.5405251410639695 -4.190973298149103
50.9 0.5332701985259355 -4.184091016381037
50.95 0.5260152560182156 -4.177208734581115
51.0 0.5187603135407176 -4.170326452749333
51.05 0.511505371093524 -4.163444170885661
51.1 0.5042504286841101 -4.156561888876537
51.15 0.49699548631333385 -4.149679606460106
51.2 0.48974054394328503 -4.142797324044561
51.25 0.48248560157367476 -4.135915041629577
51.3 0.4752306592043309 -4.129032759214965
51.35 0.46797571683515066 -4.122150476800602
51.4 0.4607207744660676 -4.1152681943864
51.45 0.45346583209703895 -4.108385911972301
51.5 0.44621088972805134 -4.101503629558286
51.55 0.4389559473590889 -4.094621347144326
51.6 0.43170100499014535 -4.087739064730408
51.65 0.4244460626212005 -4.080856782316512
51.7 0.41719112025225574 -4.073974499902634
51.75 0.4099361778833105 -4.06709221748876
51.8 0.4026812355143672 -4.060209935074893
51.85 0.3954262931454295 -4.053327652661043
51.9 0.38817135077649206 -4.0464453702471985
51.95 0.3809164084075594 -4.039563087833366
52.0 0.3736614660386261 -4.032680805419532
52.05 0.366406523669693 -4.025798523005704
52.1 0.3591515813007593 -4.018916240591874
52.15 0.3518966389318314 -4.012033958178045
52.2 0.3446416965628877 -4.005151675764211
52.25 0.3373867541939471 -3.9982693933503772
52.3 0.3301318118250079 -3.9913871109365404
52.35 0.32287686945607547 -3.984504828522711
52.4 0.3156219270871492 -3.977622546108882
52.45 0.308366984718225 -3.97074026369505
52.5 0.3011120423493104 -3.9638579812812234
52.55 0.293857099980394 -3.956975698867394
52.6 0.28660215761147473 -3.95009341645356
52.65 0.27934721524255374 -3.9432111340397213
52.7 0.2720922728736355 -3.936328851625883
52.75 0.2648373305047164 -3.9294465692120433
52.8 0.2575823881357962 -3.922564286798197
52.85 0.25032744576688143 -3.9156820043843505
52.9 0.24307250339796663 -3.908799721970506
52.95 0.23581756102905593 -3.901917439556662
53.0 0.22856261866014746 -3.895035157142818
53.05 0.22130767629124143 -3.888152874728976
53.1 0.21405273392233676 -3.881270592315136
53.15 0.20679779155342837 -3.874388309901286
53.2 0.19954284918452325 -3.8675060274874373
53.25 0.19228790681561625 -3.8606237450735845
53.3 0.18503296444670347 -3.853741462659724
53.35 0.17777802207779533 -3.846859180245865
53.4 0.1705230797088932 -3.8399768978320084
53.45 0.16326813733999251 -3.833094615418152
53.5 0.1560131949710979 -3.8262123330042987
53.55 0.14875825260220465 -3.8193300505904446
53.6 0.14150331023331253 -3.8124477681765896
53.65 0.13424836786442026 -3.8055654857627292
53.7 0.12699342549552894 -3.7986832033488684
53.75 0.11973848312663263 -3.791800920934999
53.8 0.11248354075773688 -3.784918638521127
53.85 0.10522859838884216 -3.7780363561072567
53.9 0.09797365601994831 -3.7711540736933853
53.95 0.09071871365105877 -3.764271791279515
54.0 0.08346377128217666 -3.757389508865651
54.05 0.07620882891329266 -3.7505072264517803
54.1 0.06895388654441537 -3.7436249440379146
54.15 0.061698944175533385 -3.736742661624044
54.2 0.054444001806655526 -3.729860379210174
54.25 0.047189059437770464 -3.722978096796294
54.3 0.03993411706888593 -3.716095814382415
54.35 0.032679174700002506 -3.7092135319685324
54.4 0.025424232331121642 -3.7023312495546485
54.45 0.018169289962242038 -3.6954489671407647
54.5 0.010914347593365159 -3.688566684726881
54.55 0.003659405224495381 -3.681684402313
54.6 -0.0035955371443748304 -3.6748021198991165
54.65 -0.010850479513242169 -3.6679198374852335
54.7 -0.018105421882108338 -3.66103755507135
54.75 -0.02536036425097651 -3.654155272657462
54.8 -0.03261530661984729 -3.6472729902435708
54.85 -0.03987024898872015 -3.640390707829675
54.9 -0.04712519135758799 -3.6335084254157817
54.95 -0.05438013372645483 -3.626626143001884
55.0 -0.06163507609531681 -3.6197438605879912
55.05 -0.06889001846418033 -3.6128615781740927
55.1 -0.07614496083303629 -3.6059792957601995
55.15 -0.08339990320189164 -3.599097013346305
55.2 -0.09065484557074927 -3.592214730932408
55.25 -0.0979097879396083 -3.585332448518508
55.3 -0.10516473030847018 -3.578450166104601
55.35 -0.11241967267732944 -3.571567883690695
55.4 -0.11967461504618863 -3.564685601276789
55.45 -0.1269295574150448 -3.557803318862881
55.5 -0.13418449978390026 -3.5509210364489707
55.55 -0.1414394421527532 -3.544038754035061
55.6 -0.14869438452159794 -3.5371564716211563
55.65 -0.1559493268904466 -3.530274189207244
55.7 -0.16320426925929157 -3.523391906793334
55.75 -0.1704592116281337 -3.5165096243794243
55.8 -0.17771415399697707 -3.5096273419655066
55.85 -0.1849690963658234 -3.5027450595515837
55.9 -0.19222403873466604 -3.4958627771376602
55.95 -0.19947898110351092 -3.4889804947237377
56.0 -0.20673392347234928 -3.482098212309815
56.05 -0.2139888658411881 -3.475215929895891
56.1 -0.22124380821002376 -3.468333647481966
56.15 -0.22849875057885377 -3.461451365068045
56.2 -0.23575369294768564 -3.454569082654123
56.25 -0.2430086353165162 -3.4476868002402004
56.3 -0.25026357768534724 -3.4408045178262734
56.35 -0.2575185200541835 -3.433922235412338
56.4 -0.26477346242302124 -3.4270399529984013
56.45 -0.27202840479185514 -3.420157670584464
56.5 -0.2792833471606885 -3.4132753881705264
56.55 -0.28653828952951566 -3.406393105756591
56.6 -0.2937932318983394 -3.3995108233426583
56.65 -0.30104817426715996 -3.3926285409287225
56.7 -0.3083031166359773 -3.3857462585147884
56.75 -0.3155580590047956 -3.3788639761008494
56.8 -0.32281300137361524 -3.371981693686908
56.85 -0.33006794374243364 -3.365099411272966
56.9 -0.33732288611125516 -3.358217128859017
56.95 -0.3445778284800762 -3.3513348464450665
57.0 -0.35183277084889436 -3.3444525640311156
57.05 -0.35908771321770816 -3.337570281617168
57.1 -0.3663426555865208 -3.3306879992032203
57.15 -0.37359759795533054 -3.3238057167892707
57.2 -0.3808525403241339 -3.316923434375325
57.25 -0.38810748269294026 -3.3100411519613755
57.3 -0.3953624250617505 -3.303158869547421
57.35 -0.40261736743055776 -3.296276587133469
57.4 -0.40987230979936634 -3.2893943047195116
57.45 -0.4171272521681766 -3.2825120223055504
57.5 -0.42438219453698434 -3.2756297398915932
57.55 -0.43163713690578825 -3.268747457477636
57.6 -0.4388920792745897 -3.2618651750636767
57.65 -0.44614702164338643 -3.2549828926497173
57.7 -0.45340196401218363 -3.2481006102357575
57.75 -0.4606569063809817 -3.2412183278217936
57.8 -0.46791184874977804 -3.234336045407828
57.85 -0.4751667911185717 -3.2274537629938624
57.9 -0.4824217334873702 -3.2205714805798906
57.95 -0.4896766758561657 -3.2136891981659192
58.0 -0.49693161822496335 -3.206806915751943
58.05 -0.5041865605937587 -3.1999246333379676
58.1 -0.511441502962548 -3.193042350923995
58.15 -0.5186964453313331 -3.1861600685100226
58.2 -0.5259513877001186 -3.17927778609605
58.25 -0.5332063300688996 -3.1723955036820826
58.3 -0.540461272437685 -3.1655132212681076
58.35 -0.5477162148064688 -3.158630938854133
58.4 -0.5549711571752556 -3.151748656440153
58.45 -0.5622260995440378 -3.144866374026174
58.5 -0.5694810419128232 -3.13798409161219
58.55 -0.5767359842816068 -3.1311018091982064
58.6 -0.5839909266503863 -3.124219526784222
58.65 -0.5912458690191646 -3.117337244370234
58.7 -0.5985008113879383 -3.110454961956247
58.75 -0.6057557537567092 -3.103572679542262
58.8 -0.6130106961254789 -3.096690397128273
58.85 -0.6202656384942508 -3.0898081147142786
58.9 -0.6275205808630212 -3.0829258323002846
58.95 -0.6347755232317942 -3.076043549886284
59.0 -0.6420304656005623 -3.0691612674722837
59.05 -0.6492854079693313 -3.0622789850582794
59.1 -0.6565403503380972 -3.0553967026442774
59.15 -0.6637952927068564 -3.0485144202302785
59.2 -0.6710502350756116 -3.0416321378162805
59.25 -0.6783051774443678 -3.0347498554022794
59.3 -0.6855601198131239 -3.0278675729882765
59.35 -0.6928150621818785 -3.020985290574274
59.4 -0.7000700045506347 -3.014103008160268
59.45 -0.7073249469193938 -3.0072207257462567
59.5 -0.7145798892881496 -3.000338443332245
59.55 -0.7218348316569057 -2.9934561609182286
59.6 -0.7290897740256592 -2.9865738785042133
59.65 -0.7363447163944131 -2.9796915960901957
59.7 -0.7435996587631604 -2.9728093136761826
59.75 -0.7508546011319056 -2.9659270312621686
59.8 -0.7581095435006475 -2.959044748848157
59.85 -0.7653644858693918 -2.952162466434139
59.9 -0.7726194282381332 -2.9452801840201195
59.95 -0.7798743706068781 -2.938397901606095
60.0 -0.7871293129756245 -2.931515619192068
60.05 -0.7943842553443672 -2.9246333367780397
60.1 -0.8016391977131114 -2.9177510543640057
60.15 -0.8088941400818499 -2.9108687719499735
60.2 -0.8161490824505861 -2.903986489535942
60.25 -0.8234040248193193 -2.8971042071219104
60.3 -0.8306589671880497 -2.8902219247078786
60.35 -0.8379139095567779 -2.883339642293848
60.4 -0.8451688519255107 -2.876457359879812
60.45 -0.8524237942942414 -2.869575077465776
60.5 -0.8596787366629733 -2.8626927950517373
60.55 -0.8669336790317036 -2.8558105126376985
60.6 -0.8741886214004339 -2.8489282302236516
60.65 -0.881443563769163 -2.842045947809607
60.7 -0.8886985061378874 -2.8351636653955645
60.75 -0.8959534485066046 -2.828281382981527
60.8 -0.9032083908753207 -2.8213991005674877
60.85 -0.910463333244037 -2.814516818153447
60.9 -0.9177182756127542 -2.8076345357394046
60.95 -0.9249732179814713 -2.8007522533253617
61.0 -0.9322281603501906 -2.793869970911311
61.05 -0.93948310271891 -2.7869876884972538
61.1 -0.9467380450876292 -2.780105406083198
61.15 -0.9539929874563472 -2.77322312366914
61.2 -0.9612479298250598 -2.766340841255083
61.25 -0.9685028721937678 -2.759458558841026
61.3 -0.9757578145624739 -2.752576276426971
61.35 -0.9830127569311808 -2.7456939940129144
61.4 -0.990267699299884 -2.738811711598859
61.45 -0.9975226416685878 -2.731929429184802
61.5 -1.0047775840372932 -2.72504714677074
61.55 -1.0120325264060024 -2.7181648643566723
61.6 -1.0192874687747087 -2.7112825819426036
61.65 -1.0265424111434152 -2.7044002995285403
61.7 -1.0337973535121183 -2.6975180171144735
61.75 -1.0410522958808202 -2.690635734700406
61.8 -1.048307238249518 -2.683753452286337
61.85 -1.0555621806182083 -2.6768711698722703
61.9 -1.0628171229868988 -2.6699888874582007
61.95 -1.07007206535559 -2.6631066050441294
62.0 -1.0773270077242834 -2.6562243226300524
62.05 -1.084581950092978 -2.6493420402159713
62.1 -1.0918368924616726 -2.642459757801888
62.15 -1.0990918348303675 -2.635577475387801
62.2 -1.1063467771990585 -2.6286951929737143
62.25 -1.113601719567743 -2.62181291055963
62.3 -1.120856661936427 -2.614930628145543
62.35 -1.1281116043051072 -2.608048345731459
62.4 -1.1353665466737866 -2.601166063317375
62.45 -1.1426214890424662 -2.5942837809032895
62.5 -1.1498764314111471 -2.587401498489201
62.55 -1.1571313737798257 -2.580519216075113
62.6 -1.1643863161485095 -2.5736369336610183
62.65 -1.1716412585171911 -2.566754651246924
62.7 -1.1788962008858683 -2.55987236883283
62.75 -1.1861511432545393 -2.552990086418735
62.8 -1.1934060856232143 -2.546107804004635
62.85 -1.2006610279918841 -2.539225521590538
62.9 -1.2079159703605524 -2.53234323917644
62.95 -1.215170912729219 -2.525460956762341
63.0 -1.22242585509789 -2.518578674348236
63.05 -1.2296807974665576 -2.5116963919341315
63.1 -1.2369357398352239 -2.504814109520022
63.15 -1.2441906822038902 -2.497931827105911
63.2 -1.2514456245725558 -2.491049544691795
63.25 -1.2587005669412172 -2.4841672622776825
63.3 -1.2659555093098736 -2.4772849798635734
63.35 -1.2732104516785305 -2.4704026974494626
63.4 -1.2804653940471855 -2.4635204150353536
63.45 -1.2877203364158394 -2.456638132621244
63.5 -1.2949752787844948 -2.449755850207126
63.55 -1.3022302211531456 -2.4428735677930073
63.6 -1.3094851635217983 -2.4359912853788863
63.65 -1.316740105890452 -2.4291090029647604
63.7 -1.323995048259105 -2.422226720550639
63.75 -1.3312499906277555 -2.4153444381365152
63.8 -1.3385049329964036 -2.4084621557223893
63.85 -1.345759875365047 -2.4015798733082683
63.9 -1.3530148177336896 -2.3946975908941455
63.95 -1.3602697601023286 -2.3878153084800227
64.0 -1.367524702470966 -2.380933026065896
64.05 -1.3747796448396057 -2.3740507436517646
64.1 -1.382034587208246 -2.3671684612376325
64.15 -1.3892895295768868 -2.3602861788234955
64.2 -1.3965444719455304 -2.353403896409355
64.25 -1.4037994143141668 -2.3465216139952223
64.3 -1.4110543566828038 -2.339639331581085
64.35 -1.4183092990514392 -2.332757049166949
64.4 -1.4255642414200707 -2.325874766752814
64.45 -1.4328191837886974 -2.3189924843386818
64.5 -1.4400741261573236 -2.312110201924544
64.55 -1.4473290685259472 -2.3052279195104064
64.6 -1.4545840108945745 -2.2983456370962654
64.65 -1.4618389532632055 -2.2914633546821217
64.7 -1.469093895631839 -2.2845810722679736
64.75 -1.476348838000469 -2.277698789853824
64.8 -1.4836037803690938 -2.270816507439677
64.85 -1.4908587227377184 -2.263934225025529
64.9 -1.4981136651063427 -2.2570519426113793
64.95 -1.5053686074749602 -2.2501696601972303
65.0 -1.512623549843576 -2.243287377783079
65.05 -1.5198784922121926 -2.236405095368926
65.1 -1.5271334345808087 -2.2295228129547695
65.15 -1.5343883769494258 -2.222640530540611
65.2 -1.541643319318043 -2.2157582481264484
65.25 -1.54889826168666 -2.2088759657122807
65.3 -1.5561532040552761 -2.201993683298112
65.35 -1.5634081464238865 -2.195111400883947
65.4 -1.5706630887924897 -2.1882291184697844
65.45 -1.5779180311610923 -2.181346836055622
65.5 -1.5851729735296927 -2.174464553641461
65.55 -1.5924279158982964 -2.167582271227296
65.6 -1.5996828582668952 -2.160699988813132
65.65 -1.6069378006355008 -2.1538177063989608
65.7 -1.6141927430041063 -2.146935423984788
65.75 -1.6214476853727111 -2.1400531415706143
65.8 -1.6287026277413137 -2.133170859156438
65.85 -1.6359575701099172 -2.1262885767422617
65.9 -1.643212512478513 -2.1194062943280865
65.95 -1.6504674548471052 -2.112524011913912
66.0 -1.6577223972156991 -2.105641729499734
66.05 -1.66497733958429 -2.0987594470855577
66.1 -1.672232281952877 -2.091877164671381
66.15 -1.6794872243214694 -2.0849948822571944
66.2 -1.6867421666900628 -2.078112599843004
66.25 -1.6939971090586547 -2.071230317428814
66.3 -1.7012520514272456 -2.0643480350146204
66.35 -1.7085069937958284 -2.0574657526004314
66.4 -1.7157619361644123 -2.05058347018624
66.45 -1.7230168785329938 -2.04370118777205
66.5 -1.7302718209015728 -2.036818905357862
66.55 -1.7375267632701503 -2.0299366229436715
66.6 -1.7447817056387283 -2.023054340529479
66.65 -1.75203664800731 -2.0161720581152807
66.7 -1.7592915903758883 -2.009289775701085
66.75 -1.7665465327444685 -2.0024074932868907
66.8 -1.7738014751130495 -1.99552521087269
66.85 -1.7810564174816235 -1.9886429284584908
66.9 -1.7883113598501956 -1.9817606460442903
66.95 -1.7955663022187633 -1.9748783636300922
67.0 -1.8028212445873333 -1.967996081215891
67.05 -1.8100761869558961 -1.961113798801692
67.1 -1.8173311293244627 -1.9542315163874888
67.15 -1.8245860716930296 -1.9473492339732839
67.2 -1.8318410140615977 -1.9404669515590764
67.25 -1.8390959564301685 -1.9335846691448624
67.3 -1.8463508987987334 -1.9267023867306483
67.35 -1.8536058411672969 -1.9198201043164325
67.4 -1.8608607835358595 -1.9129378219022168
67.45 -1.8681157259044197 -1.9060555394880019
67.5 -1.8753706682729776 -1.899173257073787
67.55 -1.8826256106415344 -1.8922909746595709
67.6 -1.8898805530100882 -1.8854086922453561
67.65 -1.8971354953786468 -1.8785264098311358
67.7 -1.9043904377472032 -1.8716441274169138
67.75 -1.9116453801157587 -1.8647618450026893
67.8 -1.9189003224843106 -1.8578795625884639
67.85 -1.9261552648528675 -1.8509972801742327
67.9 -1.9334102072214179 -1.8441149977600058
67.95 -1.9406651495899667 -1.8372327153457777
68.0 -1.9479200919585113 -1.8303504329315514
68.05 -1.955077818312745 -1.8235603728994212
68.1 -1.9623255055000615 -1.8166849729923065
68.15 -1.9695804478697954 -1.8098026905776161
68.2 -1.9768353902392595 -1.8029204081631593
68.25 -1.9840903326085353 -1.7960381257488625
68.3 -1.9913452749776872 -1.7891558433346697
68.35 -1.998600217346751 -1.7822735609205518
68.4 -2.0058551597157552 -1.775391278506481
68.45 -2.013110102084711 -1.76850899609245
68.5 -2.020365044453633 -1.761626713678447
68.55 -2.027619986822533 -1.7547444312644611
68.6 -2.034874929191417 -1.7478621488504884
68.65 -2.0421298715602894 -1.7409798664365257
68.7 -2.049384813929145 -1.7340975840225747
68.75 -2.0566397562979977 -1.7272153016086293
68.8 -2.0638946986668425 -1.7203330191946877
68.85 -2.071149641035683 -1.7134507367807499
68.9 -2.0784045834045286 -1.7065684543668092
68.95 -2.085659525773361 -1.6996861719528789
69.0 -2.092914468142194 -1.6928038895389461
69.05 -2.100169410511038 -1.685921607125003
69.1 -2.1074243528798773 -1.6790393247110669
69.15 -2.1146792952487035 -1.67215704229714
69.2 -2.1219342376175234 -1.665274759883223
69.25 -2.129189179986355 -1.6583924774692933
69.3 -2.136444122355182 -1.651510195055359
69.35 -2.1436990647240046 -1.6446279126414263
69.4 -2.1509540070928357 -1.637745630227486
69.45 -2.15820894946166 -1.6308633478135477
69.5 -2.165463891830483 -1.6239810653996096
69.55 -2.172537460929078 -1.6172708397776256
69.6 -2.1790669096356954 -1.6110767850475483
69.65 -2.1852843958549193 -1.6051786684264049
69.7 -2.1910883503106184 -1.5996728419324138
69.75 -2.19649328297702 -1.5945455409329476
69.8 -2.201571743187555 -1.5897279426745996
69.85 -2.206236671727432 -1.5853026344751262
69.9 -2.210587461218138 -1.581175329135244
69.95 -2.214325933610228 -1.5776288884024885
70.0 -2.2178424047642755 -1.5742930455099522
70.05 -2.2211165607326993 -1.571187070939435
70.1 -2.2247440324658103 -1.5677459291440974
70.15 -2.2289446445574628 -1.5637610870977263
70.2 -2.2334086106147235 -1.5595264187378601
70.25 -2.2384848931636983 -1.5547108862177565
70.3 -2.243918844147342 -1.5495560573832838
70.35 -2.2497227974897367 -1.544050231873786
70.4 -2.255940282270393 -1.538152116525893
70.45 -2.2624697298689163 -1.5319580627668472
70.5 -2.2684946596546824 -1.52624260882819
70.55 -2.273770895917536 -1.521232647343807
70.6 -2.278814189961558 -1.516421631761934
70.65 -2.2833868108928033 -1.5120198293512306
70.7 -2.287488755991398 -1.508019268027104
70.75 -2.2913655318893733 -1.5041711512521148
70.8 -2.294650179702275 -1.5008381896676233
70.85 -2.297720801908197 -1.4976414965130587
70.9 -2.3003013699340604 -1.4948697108696236
70.95 -2.3023760132145386 -1.4925656465432695
71.0 -2.3033501286002296 -1.4914366929714569
71.05 -2.304178416721377 -1.4904284538676646
71.1 -2.305135369313517 -1.4892068671520626
71.15 -2.3062080096896103 -1.4877632961353606
71.2 -2.3073146085128293 -1.4861850129070493
71.25 -2.308298566011027 -1.484686089518389
71.3 -2.309158655001278 -1.4832772201030782
71.35 -2.3098999254212824 -1.4819617997398695
71.4 -2.310528332271546 -1.4807431887287217
71.45 -2.3110507217780545 -1.4796245759946307
71.5 -2.3114747967353435 -1.4786088403898932
71.55 -2.3118090594967264 -1.4776984141745306
71.6 -2.312062732148143 -1.4768951532749628
71.65 -2.312245654594145 -1.4762002189453838
71.7 -2.3123680641079685 -1.4756144487555065
71.75 -2.312425527835657 -1.475099028739762
71.8 -2.312450064030422 -1.474581706798778
71.85 -2.3124479622743475 -1.4743397724551803
71.9 -2.312440297343702 -1.4742486594210362
71.95 -2.3124283554709346 -1.4735885817568606
72.0 -2.3123940194694397 -1.4729956469773913
72.05 -2.31228654129476 -1.4717966950493038
72.1 -2.3121184439174054 -1.470447086584444
72.15 -2.3117526524865184 -1.4681737278276845
72.2 -2.3111879745733175 -1.4652499745571728
72.25 -2.310453809014904 -1.462049344287178
72.3 -2.309467026229635 -1.4582975492092085
72.35 -2.308252858926182 -1.454185132307264
72.4 -2.3067785917173462 -1.4496890653986234
72.45 -2.3049725852415848 -1.444652121260698
72.5 -2.302735107650408 -1.4388823152096284
72.55 -2.3002046583385263 -1.4328088319518764
72.6 -2.2970290443899386 -1.4256508909193684
72.65 -2.2934020896945024 -1.4179173625486299
72.7 -2.289566622322589 -1.4101385717792017
72.75 -2.2855333621978384 -1.4023109777680118
72.8 -2.2813136530019515 -1.3944303328095031
72.85 -2.2769193947647532 -1.3864916013459507
72.9 -2.2723629812888326 -1.3784888760090783
72.95 -2.2676572729380986 -1.370415339202378
73.0 -2.2628156196980327 -1.3622632977134497
73.05 -2.25785192770618 -1.3540242879501942
73.1 -2.252780744754854 -1.3456892228593713
73.15 -2.247617334976868 -1.3372485392158138
73.2 -2.242396248974129 -1.328725271493024
73.25 -2.2371726646458843 -1.3201980121642114
73.3 -2.231949080309266 -1.311670752844112
73.35 -2.226725495963682 -1.3031434935322208
73.4 -2.2215019116086925 -1.2946162342281737
73.45 -2.2162783272439497 -1.2860889749316902
73.5 -2.211054742869198 -1.2775617156425672
73.55 -2.2058311584842287 -1.2690344563606373
73.6 -2.200607574088891 -1.260507197085784
73.65 -2.195383989683061 -1.2519799378179093
73.7 -2.1901604052666444 -1.243452678556936
73.75 -2.1849368208395843 -1.2349254193028367
73.8 -2.179713236373033 -1.226398159516249
73.85 -2.174489651690722 -1.2178708996250271
73.9 -2.1692660667714656 -1.2093436397676447
73.95 -2.164042481853048 -1.2008163799114877
74.0 -2.1588188969351685 -1.192289120056099
74.05 -2.1535953120176425 -1.1837618602012003
74.1 -2.148371727100348 -1.1752346003466083
74.15 -2.1431481421832057 -1.1667073404922135
74.2 -2.13792455726617 -1.1581800806379488
74.25 -2.132700972349207 -1.1496528207837706
74.3 -2.1274773874322945 -1.1411255609296496
74.35 -2.122253802515419 -1.1325983010755702
74.4 -2.1170302175985696 -1.1240710412215151
74.45 -2.1118066326817417 -1.1155437813674856
74.5 -2.1065830477649254 -1.1070165215134657
74.55 -2.101359462848119 -1.098489261659453
74.6 -2.0961358779313195 -1.089962001805449
74.65 -2.0909122930145267 -1.0814347419514536
74.7 -2.085688708097738 -1.072907482097461
74.75 -2.080465123180953 -1.06438022224347
74.8 -2.0752415382641614 -1.0558529623894781
74.85 -2.070017953347375 -1.0473257025354898
74.9 -2.064794368430605 -1.038798442681519
74.95 -2.059570783513832 -1.0302711828275408
75.0 -2.054347198597049 -1.0217439229735485
75.05 -2.049123613680265 -1.0132166631195547
75.1 -2.0439000287634834 -1.004689403265567
75.15 -2.0386764438467093 -0.9961621434115845
75.2 -2.033452858929934 -0.9876348835576014
75.25 -2.028229274013155 -0.979107623703618
75.3 -2.023005689096376 -0.970580363849639
75.35 -2.017782104179589 -0.9620531039956519
75.4 -2.012558519262802 -0.953525844141667
75.45 -2.007334934346014 -0.9449985842876867
75.5 -2.002111349429223 -0.9364713244337054
75.55 -1.9968877645124328 -0.9279440645797292
75.6 -1.9916641795956445 -0.9194168047257598
75.65 -1.9864405946788533 -0.9108895448717912
75.7 -1.981217009762057 -0.9023622850178183
75.75 -1.9759934248452595 -0.8938350251638459
75.8 -1.9707698399284597 -0.885307765309874
75.85 -1.9655462550116551 -0.8767805054559
75.9 -1.9603226700948468 -0.8682532456019254
75.95 -1.9550990851780392 -0.8597259857479549
76.0 -1.949875500261232 -0.8511987258939873
76.05 -1.9446519153444255 -0.8426714660400233
76.1 -1.9394283304276192 -0.8341442061860616
76.15 -1.9342047455108136 -0.8256169463321023
76.2 -1.9289811605940046 -0.8170896864781413
76.25 -1.923757575677196 -0.8085624266241844
76.3 -1.9185339907603807 -0.8000351667702204
76.35 -1.9133104058435646 -0.7915079069162579
76.4 -1.9080868209267445 -0.7829806470622929
76.45 -1.9028632360099245 -0.7744533872083305
76.5 -1.8976396510931035 -0.7659261273543689
76.55 -1.8924160661762843 -0.7573988675004152
76.6 -1.8871924812594647 -0.7488716076464632
76.65 -1.8819688963426435 -0.7403443477925129
76.7 -1.8767453114258217 -0.7318170879385649
76.75 -1.8715217265089967 -0.7232898280846174
76.8 -1.866298141592168 -0.7147625682306655
76.85 -1.8610745566753362 -0.7062353083767102
76.9 -1.855850971758502 -0.6977080485227549
76.95 -1.850627386841666 -0.6891807886688007
77.0 -1.8454038019248302 -0.6806535288148506
77.05 -1.840180217007994 -0.6721262689609014
77.1 -1.8349566320911588 -0.6635990091069593
77.15 -1.8297330471743212 -0.6550717492530163
77.2 -1.824509462257484 -0.6465444893990753
77.25 -1.8192858773406446 -0.6380172295451327
77.3 -1.8140622924238015 -0.6294899696911868
77.35 -1.808838707506956 -0.6209627098372419
77.4 -1.8036151225901071 -0.6124354499832949
77.45 -1.7983915376732553 -0.6039081901293487
77.5 -1.793167952756402 -0.5953809302754024
77.55 -1.7879443678395501 -0.5868536704214613
77.6 -1.7827207829226976 -0.5783264105675225
77.65 -1.7774971980058456 -0.5697991507135886
77.7 -1.7722736130889936 -0.561271890859658
77.75 -1.7670500281721386 -0.5527446310057265
77.8 -1.7618264432552782 -0.5442173711517924
77.85 -1.756602858338417 -0.5356901112978589
77.9 -1.7513792734215512 -0.5271628514439215
77.95 -1.7461556885046852 -0.5186355915899863
78.0 -1.7409321035878174 -0.5101083317360522
78.05 -1.7357085186709504 -0.5015810718821234
78.1 -1.7304849337540842 -0.4930538120281984
78.15 -1.7252613488372175 -0.48452655217427554
78.2 -1.7200377639203481 -0.475999292320353
78.25 -1.714814179003478 -0.46747203246643226
78.3 -1.7095905940866087 -0.45894477261251415
78.35 -1.7043670091697338 -0.4504175127585878
78.4 -1.699143424252857 -0.4418902529046601
78.45 -1.693919839335978 -0.4333629930507322
78.5 -1.688696254419096 -0.42483573319680484
78.55 -1.6834726695022135 -0.41630847334288074
78.6 -1.6782490845853302 -0.4077812134889605
78.65 -1.67302549966845 -0.3992539536350466
78.7 -1.6678019147515677 -0.3907266937811324
78.75 -1.6625783298346837 -0.38219943392721933
78.8 -1.6573547449177968 -0.3736721740733065
78.85 -1.6521311600009048 -0.3651449142193902
78.9 -1.646907575084012 -0.3566176543654775
78.95 -1.6416839901671152 -0.34809039451156
79.0 -1.636460405250216 -0.33956313465764354
79.05 -1.631236820333319 -0.3310358748037316
79.1 -1.626013235416422 -0.3225086149498211
79.15 -1.62078965049952 -0.3139813550959083
79.2 -1.6155660655826234 -0.3054540952420072
79.25 -1.610342480665725 -0.2969268353881059
79.3 -1.6051188957488234 -0.2883995755342036
79.35 -1.599895310831917 -0.2798723156802964
79.4 -1.5946717259150085 -0.271345055826389
79.45 -1.5894481409980972 -0.26281779597247845
79.5 -1.5842245560811852 -0.2542905361185707
79.55 -1.5790009711642718 -0.24576327626466465
79.6 -1.573777386247358 -0.23723601641076236
79.65 -1.5685538013304432 -0.2287087565568621
79.7 -1.5633302164135292 -0.2201814967029667
79.75 -1.5581066314966159 -0.21165423684907547
79.8 -1.5528830465797012 -0.20312697699518456
79.85 -1.5476594616627848 -0.19459971714129376
79.9 -1.5424358767458637 -0.1860724572874
79.95 -1.5372122918289386 -0.17754519743350336
80.0 -1.5319887069120068 -0.16901793757960043
80.05 -1.5267651219950777 -0.16049067772570622
80.1 -1.521541537078144 -0.1519634178718077
80.15 -1.5163179521612136 -0.14343615801791595
80.2 -1.5110943672442885 -0.1349088981640337
80.25 -1.5058707823273605 -0.1263816383101498
80.3 -1.5006471974104283 -0.11785437845626438
80.35 -1.4954236124934972 -0.10932711860238244
80.4 -1.4902000275765643 -0.10079985874850106
80.45 -1.4849764426596237 -0.09227259889461041
80.5 -1.479752857742682 -0.08374533904072064
80.55 -1.474529272825739 -0.0752180791868315
80.6 -1.4693056879087953 -0.06669081933294466
80.65 -1.4644634242982517 -0.05878604875749694
80.7 -1.4597621974504558 -0.051111514210326066
80.75 -1.4554631866495882 -0.04409357859319434
80.8 -1.451295287837991 -0.037289677248540924
80.85 -1.4475912433701634 -0.031242996545959873
80.9 -1.443937867684425 -0.025279030304012937
80.95 -1.4407326755833851 -0.020046702899165717
81.0 -1.437603747829929 -0.014938873538899793
81.05 -1.4349292719603697 -0.010572915736959915
81.1 -1.4323362840208371 -0.006339983219132529
81.15 -1.4302123740020933 -0.002872798623609729
81.2 -1.428146445778916 0.0004997333785959858
81.25 -1.4265506401915402 0.0031048119960520007
81.3 -1.4250070704548157 0.0056246180097751525
81.35 -1.4239336233513462 0.007376970637116619
81.4 -1.4229599467162488 0.008966452625486995
81.45 -1.4224344536606814 0.009824295654985986
81.5 -1.4219669423921095 0.010587486147007866
81.55 -1.4219596293376802 0.010599424382076346
81.6 -1.4219596293376802 0.010599424382076346
81.65 -1.4219596293376802 0.010599424382076346
81.7 -1.4219596293376802 0.010599424382076346
81.75 -1.4219596293376802 0.010599424382076346
81.8 -1.4219596293376802 0.010599424382076346
81.85 -1.4219596293376802 0.010599424382076346
81.9 -1.4219596293376802 0.010599424382076346
81.95 -1.4219596293376802 0.010599424382076346
82.0 -1.4219596293376802 0.010599424382076346
82.05 -1.4219596293376802 0.010599424382076346
82.1 -1.4219596293376802 0.010599424382076346
82.15 -1.4219596293376802 0.010599424382076346
82.2 -1.4219596293376802 0.010599424382076346
82.25 -1.4219596293376802 0.010599424382076346
82.3 -1.4219596293376802 0.010599424382076346
82.35 -1.4219596293376802 0.010599424382076346
82.4 -1.4219596293376802 0.010599424382076346
82.45 -1.4219596293376802 0.010599424382076346
82.5 -1.4219596293376802 0.010599424382076346
82.55 -1.4219596293376802 0.010599424382076346
82.6 -1.4219596293376802 0.010599424382076346
82.65 -1.4219596293376802 0.010599424382076346
82.7 -1.4219596293376802 0.010599424382076346
82.75 -1.4219596293376802 0.010599424382076346
82.8 -1.4219596293376802 0.010599424382076346
82.85 -1.4219596293376802 0.010599424382076346
82.9 -1.4219596293376802 0.010599424382076346
82.95 -1.4219596293376802 0.010599424382076346
83.0 -1.4219596293376802 0.010599424382076346
83.05 -1.4219596293376802 0.010599424382076346
83.1 -1.4219596293376802 0.010599424382076346
83.15 -1.4219596293376802 0.010599424382076346
83.2 -1.4219596293376802 0.010599424382076346
83.25 -1.4219596293376802 0.010599424382076346
83.3 -1.4219596293376802 0.010599424382076346
83.35 -1.4219596293376802 0.010599424382076346
