5.048 1.0087139954462603 -0.5496361252923293
5.139 0.9945774712103163 -0.5501104981197036
5.233 0.988147160879948 -0.5502032189553544
5.331 0.9974707767315724 -0.5497869621029144
5.42 0.9802678579000612 -0.5501748805002229
5.514 0.990208767234117 -0.5497272524727699
5.629 0.9967329959685959 -0.5493973682334745
5.715 0.9986418049573796 -0.5492646825783094
5.812 0.9960225507087155 -0.549102950284973
5.904 0.9950415942301757 -0.5489329509991542
5.952 0.9909172955721987 -0.5490280496714789
6.042 0.9978459165073795 -0.5488094976821637
6.12 1.003237555807484 -0.548522074326236
6.231 1.013119937672362 -0.548107134498868
6.241 1.013351252794429 -0.5481054876536741
6.339 1.0345370925527175 -0.5475043204570257
6.44 1.0561869602382075 -0.5465985141689998
6.479 1.0611084765743612 -0.5465193996905535
6.574 1.0776480126478183 -0.5456479334273684
6.667 1.0962651133987198 -0.5446905535754987
6.764 1.1285896743054018 -0.5442929019646812
6.786 1.134310428046644 -0.5440945840680835
6.884 1.1385759080612763 -0.5444132316297497
6.9830000000000005 1.1378354876138106 -0.544338851992292
7.074 1.15631765151964 -0.5432474366139898
7.11 1.1643254767651987 -0.5426585038511866
7.204 1.1806581251170782 -0.5422251200687189
7.303 1.2039439958962457 -0.5412213918337235
7.401 1.2191857217511315 -0.5413070746425468
7.442 1.2300544253375214 -0.5409556624440206
7.543 1.2690049786240438 -0.5410190561466152
7.641 1.2968533798480968 -0.5411156685725144
7.741 1.2914766035717211 -0.541574698573272
7.832 1.3088754529315196 -0.5410544380748534
7.846 1.3126647852309232 -0.5410021403180078
7.942 1.343281561993476 -0.540295701248251
8.032 1.3508105747732377 -0.5403532534348747
8.115 1.3663155647717913 -0.5397577012372237
8.209 1.377871017305386 -0.5388489462815699
8.308 1.4147762538460131 -0.5038237683904665
8.408 1.4273553348774117 -0.5072955614053465
8.482 1.444999923568105 -0.5061127949581941
8.581 1.470523202613499 -0.5081748855821641
8.678 1.4905717972781205 -0.5101442327770033
8.773 1.5057351836076691 -0.5118086010632441
8.797 1.5112934051298081 -0.511486032899995
8.885 1.5438868416291747 -0.5114189464129016
8.981 1.5476372463102686 -0.5133789013692419
9.061 1.5645317736739428 -0.513263968152533
9.114 1.5609197995924606 -0.5139476183311876
9.205 1.5870497700291806 -0.5125608360742788
9.305 1.5864684645309606 -0.5123746711927758
9.406 1.5932792344359006 -0.5116097147207974
9.508 1.6012359568499162 -0.510180179162801
9.575 1.6116997952833367 -0.5093835941214397
9.671 1.632677794054766 -0.5064371195675107
9.767 1.6640126302031486 -0.5027614759753
9.862 1.679013035822142 -0.500551164692854
9.887 1.6870799106747227 -0.49977887303165264
9.983 1.706235838123089 -0.4972151335875304
10.077 1.7095114661883768 -0.4959314202276001
10.158 1.728936911130681 -0.4929593073441225
10.227 1.7494928921692599 -0.4907207374754441
10.314 1.7714442004765425 -0.4894067671074343
10.407 1.8051580603320978 -0.48849912624594655
10.507 1.8297644361941876 -0.48966773688188536
10.609 1.8396249684136485 -0.4874384646373567
10.678 1.8463602542855162 -0.48695645706424506
10.776 1.8703741356111843 -0.4851247705697539
10.869 1.89919759173726 -0.4839756285206401
10.933 1.9075066989145724 -0.48272262586170495
11.017 1.9241438099758792 -0.4819002264516049
11.125 1.9341347868580228 -0.4803232671456602
11.128 1.9343995710802309 -0.4803141834724318
11.231 1.9587091171059685 -0.47821208870444143
11.331 1.9839847878041077 -0.47583136369863727
11.431000000000001 2.0041644583348908 -0.47358076442774283
11.531 2.016652928334033 -0.47168966266434775
11.594 2.0261294704190322 -0.47104812796482437
11.695 2.039229998147293 -0.4688092050885033
11.795 2.04873604176311 -0.466834361912568
11.895 2.0845933080510526 -0.4621855500191661
11.991 2.110262883424353 -0.4591169018409435
12.083 2.122200436735224 -0.45779231399430337
12.184 2.147016809940416 -0.4549889043399698
12.283 2.150291771252429 -0.4542013114678368
12.375 2.152664671821548 -0.452998806847667
12.469 2.1565822296338104 -0.45142211951169686
12.567 2.174416217386538 -0.4488495544918493
12.664 2.164077401499537 -0.44791891538245876
12.687 2.16641385207922 -0.44777973830425577
12.787 2.188824106602622 -0.44468851343325183
12.878 2.195292749096454 -0.4430606073639819
12.976 2.2261764465216456 -0.4399923070713091
13.073 2.238138597233581 -0.43907251961058463
13.159 2.246094874854719 -0.43840594030878155
13.262 2.25709723338421 -0.4373143640961699
13.363 2.2711479285123817 -0.4359879619161353
13.461 2.268278532733801 -0.43600924030257926
13.561 2.2855962363599716 -0.43447789540873266
13.66 2.2853082528779836 -0.4345516569211762
13.76 2.2857056816118377 -0.4345226106479226
13.857 2.285135933936692 -0.4346014003847029
13.915 2.292276504357177 -0.4342894482101644
14.004 2.2868942415676545 -0.43533225130117664
14.096 2.2804641306332543 -0.4357993075650656
14.184 2.29258785068613 -0.4354250191587156
14.28 2.3034229037471072 -0.43524924713832663
14.379 2.3162899887209867 -0.43526399432341917
14.447 2.318643944853593 -0.43501828299590733
14.551 2.3275257020283466 -0.4358178781998373
14.643 2.319506686813693 -0.4350594763707353
14.738 2.3267346454710554 -0.4368460149103862
14.838000000000001 2.3291730268985056 -0.4383382581616733
14.93 2.3170502042132934 -0.4358299075050403
15.016 2.3173504069812974 -0.4366900061790397
15.111 2.327182207958715 -0.4416008299014996
15.203 2.3214964740158175 -0.4397341407095259
15.287 2.31612772323123 -0.436878128006747
15.388 2.310574074949159 -0.43395418942968805
15.46 2.314925409596292 -0.43651825747417733
15.546 2.3018305199037865 -0.42775784843807757
15.651 2.29720442920403 -0.4236818644176497
15.743 2.310058496506469 -0.4319576253194803
15.797 2.3123104631685005 -0.4335183893294778
15.899000000000001 2.3199989977202 -0.43904984967746824
15.994 2.3243357916645286 -0.44263212708885424
16.08 2.316391220991195 -0.43711842783918614
16.183 2.325010303346382 -0.4445623183308659
16.283 2.31026870495625 -0.43145203604516796
16.382 2.313181853003265 -0.43409117518343354
16.482 2.3063327394336723 -0.4263770332825485
16.578 2.30492814541866 -0.4239756536360072
16.672 2.2998573360602115 -0.41703026960740786
16.737000000000002 2.302702970314632 -0.41923157863021154
16.83 2.302098138123167 -0.4173717557106452
16.897 2.3096014918205094 -0.4264913555108094
16.992 2.3170102309048004 -0.4350143814499022
17.008 2.3201756828177236 -0.438612246325414
17.096 2.3292677706178977 -0.44985236417340235
17.19 2.3382848800071647 -0.46105213101381853
17.293 2.3524832853846167 -0.478579770890629
17.394 2.3627826840196455 -0.49167167117182
17.475 2.3688523950154625 -0.4992208851394398
17.562 2.3733854560906327 -0.5047505810627994
17.661 2.3921322172644763 -0.5279166913119084
17.694 2.399932652177664 -0.5375212830908268
17.791 2.407037365782317 -0.546045248554539
17.869 2.415996208324631 -0.5571045984718994
17.963 2.426257542772366 -0.5695744392050938
18.007 2.4345595202761934 -0.5797765949469714
18.111 2.446190453626982 -0.59390580007528
18.21 2.455917557801516 -0.6056609972468746
18.295 2.465181928071656 -0.6166589336639217
18.376 2.4873763773846025 -0.6432965215514436
18.46 2.489794734454181 -0.64648046512602
18.56 2.508259345918861 -0.6685782372334457
18.563 2.5087194328070628 -0.6691054740534826
18.663 2.5051892546720564 -0.6653446665496244
18.762 2.524963031798068 -0.6889699401221347
18.859 2.5448898585161865 -0.7128945858303575
18.893 2.551910863616766 -0.7212634200217575
18.993 2.5697003289477314 -0.7425843999578833
19.092 2.5819505378063257 -0.7574556660090936
19.183 2.598163131675199 -0.7770763697723038
19.193 2.6001874972483043 -0.7795169624670285
19.277 2.600843848553326 -0.7803892416385315
19.368 2.618619922133564 -0.8018029290382523
19.467 2.6358608035070725 -0.8224585836819569
19.49 2.6401653643427103 -0.827600871602076
19.587 2.646475559992425 -0.8351747232503004
19.69 2.654421337226253 -0.844064118640945
19.745 2.654811056757939 -0.8441611048496376
19.841 2.674646233717404 -0.8672964544336409
19.916 2.682780332181782 -0.8767891951577877
20.004 2.6882901895183036 -0.8830908965282894
20.033 2.693817640170036 -0.8897422842871205
20.118 2.70369633546966 -0.9018083276708185
20.205 2.709554223138975 -0.9085628005560482
20.251 2.716779327656741 -0.9174238032167091
20.35 2.7307057583317706 -0.9344077151224283
20.437 2.742837325579077 -0.949307810285542
20.454 2.746148127373975 -0.9534219703374343
20.555 2.7589084010650238 -0.968902259558734
20.657 2.7801153673764483 -0.9950408307364101
20.744 2.787515237797183 -1.0040243476837898
20.824 2.801748114781854 -1.0212835586580677
20.932 2.8173625012573353 -1.0400195329165924
20.977 2.8270475678901397 -1.0516964875463142
21.071 2.841682994621054 -1.0694959206374224
21.17 2.849454705062806 -1.080225624104173
21.265 2.849888150730586 -1.0815970462767754
21.359 2.8696545206193305 -1.1066154387416614
21.459 2.878875104257508 -1.1184296842323322
21.559 2.8839901605915115 -1.1234202836741842
21.651 2.895259191708187 -1.1356683099956861
21.745 2.892083020768942 -1.127784693475965
21.844 2.9014925785744587 -1.1341636488525593
21.942 2.9081249613904596 -1.1388333311435859
21.953 2.9083369622976005 -1.1390812143852596
22.053 2.9115163194168776 -1.140114256405299
22.15 2.9189148561524525 -1.1464929019633785
22.251 2.919308207950239 -1.145037837420123
22.349 2.908645775083434 -1.1286111384903434
22.449 2.916706866485109 -1.1387213071819637
22.464 2.916583122674183 -1.1385274184966878
22.543 2.919095302830821 -1.1404283507388588
22.644 2.915783217350636 -1.1309324936739158
22.655 2.9151364836831846 -1.1297066860776581
22.744 2.9198930001322103 -1.136916213359214
22.805 2.922903307682896 -1.147456350398183
22.898 2.9214030884876028 -1.1429622691739634
22.942 2.9232331261122155 -1.145092660724675
23.04 2.92586821198106 -1.1596349990432175
23.135 2.9272598965138794 -1.1707972879792268
23.155 2.9272664940417776 -1.1709234116840528
23.253 2.9286372698434033 -1.1635020651373214
23.354 2.9335052894775973 -1.1459374792029087
23.449 2.9336194462557112 -1.158914848964749
23.546 2.935324332098743 -1.172260682434242
23.648 2.9401376277366436 -1.1600903775029794
23.724 2.935776843378162 -1.16736855542972
23.805 2.9386876192638467 -1.1605432645443174
23.906 2.943929197312874 -1.1518152933659074
23.92 2.944195020577516 -1.1514378905612042
24.003 2.9467352193586183 -1.1490877722988673
24.099 2.933532111644271 -1.1655097899805091
24.168 2.9348789014542844 -1.163109937377804
24.27 2.9333702475097754 -1.1643875755067474
24.361 2.9347028139490856 -1.1630798007970955
24.368 2.9337626494789784 -1.1639623447567897
24.462 2.9271880432212067 -1.1699775067826819
24.563 2.9134112396135152 -1.1817024061613572
24.626 2.919036068184527 -1.1779524728701456
24.727 2.9102823368867523 -1.1875887105505352
24.826 2.87847907364134 -1.2132780527423912
24.866 2.8738661236152 -1.2168224807099568
24.961 2.8800891483163964 -1.2129047381228046
25.042 2.8723538584720063 -1.2204277502049499
25.123 2.8573201383044453 -1.2325509824628613
25.23 2.8397743608222 -1.2454955215735592
25.335 2.8232738195329716 -1.2571783692439518
25.437 2.8091370418977486 -1.2668002573395325
25.528 2.7939988353298335 -1.2768048761380122
25.626 2.7744426924242496 -1.2897245961226775
25.647 2.7698712111341113 -1.2928196788468527
25.745 2.764277536940839 -1.2959588692965212
25.826 2.764935835860182 -1.2949735796419344
25.9 2.7564988123896095 -1.3010428254846824
25.986 2.744526164150643 -1.3093622145668857
26.076 2.725403580981079 -1.3240548566862347
26.165 2.716532244575791 -1.331044670751281
26.264 2.714925880208099 -1.3321080190245342
26.36 2.7259503786835557 -1.3195618031173861
26.402 2.724653299173636 -1.3210258732321312
26.499 2.72547557585873 -1.3200044287756574
26.589 2.722797077046868 -1.3235662784787594
26.688 2.718486679060949 -1.3299268626368776
26.76 2.720251821283279 -1.3279456551773299
26.859 2.7115355450838323 -1.3409661933456696
26.959 2.711451164832873 -1.3422836736094743
26.989 2.7068464228009095 -1.3492954528722492
27.076 2.7057068897815975 -1.3514787937805333
27.126 2.6949694714047783 -1.3683988204196103
27.23 2.6909911454188338 -1.3748682020453358
27.313 2.6823806723841717 -1.3883831210372564
27.402 2.6683383019029594 -1.4106297611713388
27.482 2.6568512010610554 -1.4286990808197555
27.488 2.6563846655937584 -1.429444287688903
27.586 2.6448002877713632 -1.448170698548534
27.686 2.6346850872435166 -1.464794904390463
27.783 2.617519877895072 -1.4926199975806447
27.855 2.6148959599737207 -1.496548689104962
27.946 2.6017266468672346 -1.5176650954355557
28.025 2.6003106192778818 -1.5197529221931394
28.118 2.588801782104095 -1.5380840179711763
28.199 2.5815053711271734 -1.5499442300543642
28.22 2.579306309023759 -1.5533412725805609
28.291 2.5731957970061363 -1.5632993179540524
28.358 2.5637241357385125 -1.5783457592731533
28.448 2.5610129087486015 -1.5823216934491595
28.539 2.557659085542493 -1.5873794373631496
28.616 2.5435185895498735 -1.6102686967162079
28.616 2.5435185895498735 -1.6102686967162079
28.713 2.5301602274440835 -1.6348253116728744
28.785 2.525581825341814 -1.6421950282136175
28.879 2.5172955269156736 -1.656723127778173
28.97 2.5066069114464664 -1.6738888725354646
28.991 2.505845002459184 -1.6751508698008863
29.092 2.4904669204288084 -1.6998523326896866
29.184 2.490262203563489 -1.6998358586271087
29.284 2.4713403452621647 -1.7309907483124574
29.372 2.4611435972612297 -1.7471506647921236
29.383 2.4588362722313213 -1.750963684481534
29.474 2.4539653760969986 -1.7596219871111867
29.562 2.44647079382601 -1.7736333925498962
29.619 2.4425710168267694 -1.7799130446278033
29.71 2.4367040747267303 -1.7897207141708231
29.807 2.432193161150375 -1.7979530474479999
29.852 2.423590038687772 -1.8118527773373514
29.937 2.40977493489905 -1.8345157317602336
30.038 2.4036241971463608 -1.8451858330523743
30.133 2.3923437151394205 -1.8636624230018999
30.234 2.375912389352103 -1.8896333422091336
30.325 2.361888970188572 -1.9117995300951194
30.396 2.3501297502881373 -1.9303551954060443
30.492 2.3426229833767436 -1.9421945995749461
30.573 2.337833714736324 -1.9502211536702783
30.671 2.330029348959498 -1.962929797434985
30.772 2.3294265751550216 -1.9637651123299875
30.871 2.3237604958693683 -1.9729896221804366
30.965 2.31359519709003 -1.9896727109050167
31.024 2.3158636565836783 -1.9857779524870942
31.121 2.3076469153344488 -1.9993498346731955
31.202 2.3015874219603627 -2.0099397607118004
31.28 2.296826292038596 -2.0183810713120423
31.38 2.294317435036845 -2.023000175478452
31.474 2.2944574108515643 -2.0233646431035206
31.478 2.294384704373512 -2.0235198871179305
31.57 2.297951797160832 -2.0156389614877686
31.663 2.3010952619646736 -2.0089758391197816
31.743 2.2956754342481207 -2.022108334195366
31.801 2.29435152401003 -2.026908337799987
31.897 2.2874363349661317 -2.0457960735625242
31.986 2.284193110020851 -2.057315247266973
32.075 2.2843431690468776 -2.0596923623579797
32.078 2.28388747829205 -2.0609692632471877
32.178 2.2817403638822378 -2.068413835956168
32.275 2.2730613513738374 -2.096232086965639
32.373 2.2650724784091287 -2.1222521071183356
32.473 2.26370596002328 -2.1260136830354748
32.57 2.257532499396982 -2.146210434053762
32.598 2.25611318235522 -2.1508607508625563
32.639 2.2514024443048393 -2.166118753411039
32.647 2.2509605624892566 -2.167561181996082
32.67 2.250619938332284 -2.168666832194333
32.699 2.249954477724802 -2.170828560762274
32.741 2.245450686619361 -2.185423176993442
32.758 2.245250654293554 -2.1860715154710246
32.789 2.244169215184823 -2.1895557357805138
32.888 2.236322316076808 -2.2151601290009157
32.979 2.236046762542474 -2.215793155588916
33.071 2.2336710847819323 -2.2235061866915173
33.106 2.230514839201196 -2.2337923653157308
33.188 2.224643365488592 -2.253194292635471
33.275 2.216852442215595 -2.2790186177567278
33.367 2.2116346583211732 -2.2986075440945286
33.465 2.203438548954249 -2.3267463958731347
33.561 2.1968664049929565 -2.3467935098782737
33.648 2.194099394339665 -2.3537320903480943
33.732 2.1898964671467978 -2.3659621609018884
33.759 2.1892253092297222 -2.368221546429041
33.863 2.1810401247336446 -2.393725285787531
33.94 2.17409800026064 -2.414956158662196
34.049 2.160412802159606 -2.460964889127113
34.127 2.15734878123198 -2.4698034524858126
34.221 2.152119872692797 -2.487898819501653
34.239 2.151003343855738 -2.4918449527763036
34.262 2.1490911587508736 -2.4986514783477363
34.291 2.1473239956464445 -2.504993026864174
34.317 2.1468044369878143 -2.505916102810414
34.404 2.1404992196217885 -2.527127927174215
34.494 2.135661014462456 -2.5438913060620676
34.553 2.134751262616589 -2.545831123522051
34.651 2.129323345253897 -2.5633321762074015
34.75 2.1312043362194446 -2.5574715673465005
34.845 2.1228732595450484 -2.584707760945431
34.921 2.115916249160036 -2.6074515559180855
35.015 2.1121824892870875 -2.620296588656679
35.059 2.1084092817974645 -2.6319970865987794
35.155 2.1018952722745223 -2.6531611138514517
35.21 2.099560761087448 -2.6596947961061113
35.314 2.093534408750528 -2.681059743922986
35.365 2.089938441071549 -2.6928953804132068
35.466 2.084854916402423 -2.7087910399608846
35.562 2.0816010207323066 -2.718592074564681
35.655 2.0794347891034786 -2.7251007666874854
35.663 2.0788352216689505 -2.7269680436286134
35.756 2.075313809505987 -2.7444985070812895
35.803 2.071102629055879 -2.7609311923889943
35.901 2.0608186732902802 -2.793522842075667
35.945 2.058649221825661 -2.80006633656322
36.027 2.0532442797058037 -2.8177935084170893
36.052 2.0516769445586776 -2.822365189098069
36.151 2.041786722199773 -2.852282303953676
36.182 2.039510042113934 -2.858635971503251
36.264 2.033652864514612 -2.876762609051257
36.283 2.031111540582726 -2.8839058344512494
36.376 2.026895496543109 -2.8972806608215205
36.466 2.0194924841825275 -2.9203352265374174
36.496 2.0175143917507814 -2.926249790463761
36.579 2.012637582159102 -2.9426113022168043
36.635 2.0103212214050954 -2.951812217239417
36.732 2.0084100143497428 -2.9610787859050403
36.776 2.0059992765621164 -2.9686929054562725
36.865 2.0062898568346648 -2.972833407422591
36.907 2.0068009894026964 -2.9779183084908767
37.003 2.002548533432532 -2.9988128855429856
37.049 2.0005887744916713 -3.00509910306988
37.149 1.9835801173039074 -3.0524232149359376
37.216 1.981586270762865 -3.0519377719326712
37.315 1.9796244990874243 -3.0542029284827996
37.36 1.9776413815469922 -3.06021046159298
37.459 1.972935408917615 -3.071401619533405
37.534 1.9687581961010059 -3.082568000617936
37.615 1.9593104574405817 -3.1107449844556845
37.653 1.9580839229349492 -3.1146923263304696
37.75 1.954987047586395 -3.124695539630416
37.801 1.9489130635614476 -3.1416028606400745
37.893 1.9504705621291156 -3.1368707376639633
37.981 1.9417691725287267 -3.1636689129412208
38.08 1.9332109097566053 -3.185891581163703
38.132 1.9281222605574562 -3.1992805962078115
38.238 1.9184109164892504 -3.227257151782307
38.294 1.914018437567748 -3.2406602364755024
38.392 1.9091139815853038 -3.256080238947319
38.442 1.908015870107606 -3.259936191444622
38.527 1.9025111225796532 -3.2771975577629564
38.578 1.8974020277785675 -3.292657406142178
38.676 1.8902742317444432 -3.31543283593502
38.745 1.8860974231961172 -3.329357101890173
38.831 1.881609196455702 -3.3437794444974527
38.898 1.8827963209553307 -3.3401026826575553
38.994 1.8808750647848436 -3.3462413621610936
39.066 1.8715013083773229 -3.375510281955268
39.146 1.8643102648143632 -3.3985332828991863
39.202 1.8612883372163982 -3.40966641116456
39.302 1.852472870691824 -3.4404190852155376
39.399 1.8436954287598737 -3.4679843332991505
39.445 1.8440148713161233 -3.469753697416456
39.524 1.8349579707023882 -3.497676956748701
39.607 1.8319852946981987 -3.5064957031590054
39.701 1.8238574201382645 -3.5305567841209715
39.796 1.8146803490508348 -3.5598411194041772
39.883 1.812992205789704 -3.5629876295927603
39.975 1.8110496875912687 -3.567643497352279
40.065 1.8070835061609027 -3.579824073519011
40.168 1.807969214644897 -3.576153353303413
40.229 1.805314307685931 -3.584185798460309
40.334 1.7996330821984374 -3.6014749704038334
40.435 1.7924137530168827 -3.6237908661133074
40.523 1.7847793712616042 -3.6477121089076077
40.595 1.7800709914510973 -3.663171388370156
40.689 1.7726226430889251 -3.686544352211067
40.727 1.770034826280579 -3.694258061618707
40.819 1.7653941736860184 -3.7083771899733033
40.906 1.7660785868067153 -3.7058189182056305
40.996 1.7657260838292912 -3.706787282038381
41.092 1.762541795069764 -3.7147095402475516
41.192 1.75568650817941 -3.7315726418945685
41.291 1.746337863953774 -3.75218639702475
41.383 1.7452927672988452 -3.7554824893675924
41.474 1.7468617607085335 -3.7522019266613955
41.575 1.7538650663842976 -3.738620816397198
41.65 1.7516800615567356 -3.7424959385340584
41.766 1.7617692221527352 -3.7227927913921204
41.861 1.7582279969618657 -3.729184721887517
41.956 1.7560820990977564 -3.732157197915708
42.031 1.7537164749035299 -3.735420384876017
42.136 1.7546308141354505 -3.732542479862146
42.226 1.7577156052705336 -3.72484432459092
42.256 1.7549819911601896 -3.7298930931276892
42.344 1.7497312973181374 -3.736641341620171
42.394 1.7490379332397374 -3.7379353630841075
42.493 1.7351543426647074 -3.760275024579358
42.576 1.72243057802678 -3.7809925188730724
42.674 1.7115981603855654 -3.799370659170677
42.77 1.7098565893687039 -3.8019168156733643
42.835 1.7019374480495033 -3.8143840730454066
42.936 1.6900309977284693 -3.8343763119461602
43.036 1.6748481501973476 -3.8614313032203067
43.092 1.67181832604747 -3.8671024319769107
43.186 1.6543981003981514 -3.8987308266818577
43.26 1.6541215032778254 -3.8990616675522825
43.356 1.6440807884530009 -3.91705041686442
43.36 1.6435349207505867 -3.91804477048124
43.461 1.6331829309128534 -3.9371170023417297
43.561 1.6189162134666601 -3.963529970544738
43.66 1.60825340837396 -3.982901361850335
43.762 1.5944769889068822 -4.005741678980526
43.858 1.5935341023412979 -4.006874934499409
43.948 1.5799208334159154 -4.0246399441363705
44.047 1.5818600958225686 -4.020998587289539
44.119 1.581923224681968 -4.020078191814015
44.226 1.580434862224387 -4.020668576388963
44.303 1.5797658473344132 -4.020606671142264
44.399 1.58510164933768 -4.014197441000495
44.489 1.5813402171178024 -4.018741896738779
44.58 1.5606825343275117 -4.0432222775631335
44.613 1.5582322555654176 -4.045476013041399
44.648 1.557086202324679 -4.0468272715365625
44.674 1.5518811694237404 -4.052955210197636
44.704 1.5507141583714246 -4.056059889318987
44.737 1.5459828267145594 -4.061578069464286
44.759 1.5431955551624732 -4.064846390981799
44.788 1.5398274769086986 -4.0687939252206275
44.83 1.5319215176188863 -4.079487487314209
44.848 1.530180025064235 -4.081508464520996
44.872 1.526361286840059 -4.085942691217008
44.904 1.5237617836230202 -4.089837424628279
44.943 1.5191313960540143 -4.095116183031207
44.962 1.5176242218266855 -4.096824828724494
44.992 1.5150647126451657 -4.09972809091568
45.092 1.4985523178863855 -4.1180616196172695
45.187 1.494262110805896 -4.122644871878553
45.27 1.485601418315872 -4.132282592682179
45.369 1.4795020202260267 -4.139485039691809
45.468 1.4736443104710424 -4.146315482988433
45.567 1.4601512193295592 -4.16103005015064
45.653 1.443270773345014 -4.178314667907003
45.755 1.4254943772095006 -4.195217193034384
45.837 1.408985888788728 -4.2091921211284635
45.93 1.4013436578018668 -4.215886454568518
45.984 1.3954634907642427 -4.220292216054886
46.065 1.3944740755556153 -4.2217859264773265
46.163 1.3902658692062646 -4.225670290823048
46.263 1.3913396389850001 -4.226070616753876
46.364 1.3969572210509014 -4.223254174530412
46.458 1.3834670058953453 -4.234769384800062
46.49 1.3814278686911559 -4.236349098413366
46.514 1.3773244555695174 -4.23991894205365
46.542 1.37289042918789 -4.243321813536372
46.572 1.3704861496063652 -4.245166850754907
46.602 1.3693224419168706 -4.2467456029293045
46.628 1.3662417652430108 -4.249103225589123
46.655 1.3645595909828898 -4.250383683172377
46.684 1.3575001424752748 -4.255732560364131
46.719 1.3543357200482224 -4.258452147932659
46.738 1.3509149753641152 -4.2610368928860884
46.769 1.3472303522685507 -4.26381270609608
46.8 1.3447656886652724 -4.265667477473735
46.825 1.3411437809245792 -4.268231008682508
46.865 1.3354633116360572 -4.272487974130987
46.885 1.3317268378937173 -4.275297363056231
46.909 1.3287918354814203 -4.277083263258313
46.939 1.3254428120223785 -4.279612542987229
46.967 1.3199070656381475 -4.2837940172485185
46.994 1.3104244207570548 -4.290963768788186
47.02 1.3060198338856828 -4.293405127256746
47.035 1.3039693764976574 -4.294951927394267
47.059 1.3000699594887986 -4.297884770965218
47.093 1.2870364570552772 -4.307639188652177
47.124 1.2792343404137583 -4.312238425769166
47.15 1.273411036240777 -4.316549098849964
47.179 1.2674822010000903 -4.320901569352184
47.211 1.260330501761166 -4.325027011612896
47.241 1.2491417133600868 -4.3331362741068675
47.289 1.245034854141353 -4.336102137625859
47.3 1.2439340205033047 -4.33689913367305
47.325 1.2382449445911528 -4.340119742546769
47.431 1.2307382720715168 -4.345053649441414
47.493 1.227905041156003 -4.3470942102352
47.592 1.1990283111140165 -4.367625877045046
47.691 1.1847522838076534 -4.377865635371983
47.793 1.176612775888958 -4.383950006924397
47.877 1.1478078502430968 -4.402279659505647
47.972 1.1259209155408547 -4.415259627293248
48.004 1.1278565322076486 -4.414392270819383
48.041 1.12006801220254 -4.41843320273811
48.064 1.1209501108073334 -4.418003967078248
48.093 1.1270973496413894 -4.41518827295744
48.123 1.1308170145430674 -4.414131499470344
48.153 1.1316867248455384 -4.413776528610324
48.183 1.1277927701817054 -4.4152268090565245
48.199 1.1270263157294145 -4.415491909945955
48.236 1.1242023382708557 -4.417661639559831
48.251 1.12373814381218 -4.417802593247395
48.28 1.1285641734515366 -4.416455049545435
48.31 1.1278905735637828 -4.417896821046353
48.411 1.1286211663608468 -4.418016177774759
48.508 1.1232449326061145 -4.420101830794535
48.604 1.114713375704209 -4.420834845945102
48.705 1.099371416012725 -4.421295173070693
48.754 1.099652830483128 -4.421313959066948
48.841 1.0957313209743886 -4.419750358414056
48.957 1.0939057975063982 -4.419116709263046
49.037 1.100925361985414 -4.419900672553826
49.119 1.0954592737643043 -4.417715782854673
49.216 1.0846877402025654 -4.4121105518188335
49.247 1.0813457604965584 -4.410771128180552
49.277 1.074155597435871 -4.407788278358178
49.309 1.0761718828649973 -4.405561155968317
49.345 1.0671194356179219 -4.401575689370549
49.365 1.0629028261079279 -4.399717642124264
49.395 1.0585128678296498 -4.3977869099962525
49.44 1.051378653067595 -4.391151088245535
49.455 1.0483955868362567 -4.389808936849329
49.484 1.0465753379465608 -4.388988715377834
49.512 1.0503027877322233 -4.387023630106228
49.542 1.046595442688928 -4.385320573956268
49.573 1.0402067777380248 -4.382372803931735
49.602 1.0400686653216746 -4.378591604600648
49.63 1.033826980015335 -4.375526184712499
49.657 1.0263683766051597 -4.371851183024369
49.68 1.0196825477442073 -4.368547623075116
49.705 1.018059352564963 -4.363425277990134
49.731 1.011785339216002 -4.360219288341061
49.757 1.0040354251706252 -4.3562632832507635
49.786 0.9983041256463372 -4.35332680085039
49.812 1.0009708842207017 -4.349581880650701
49.841 0.9931931645556329 -4.345433609644454
49.865 0.9883269251074611 -4.342842659912144
49.893 0.9824862966884795 -4.339732983182466
49.93 0.9831653437799058 -4.333554413331869
49.943 0.9810984945984575 -4.332405116123335
49.974 0.9740831756930991 -4.328524680635552
50.009 0.9705809361649558 -4.318830034625068
50.049 0.9600308365623011 -4.312775601209899
50.07 0.954275527649931 -4.309506059850577
50.096 0.9463956496298475 -4.3050400210539435
50.122 0.9596661869025587 -4.30234022815705
50.145 0.9558992056429162 -4.300144152708288
50.173 0.9499869945489557 -4.296721995022205
50.203 0.9544533379569904 -4.289130601143165
50.23 0.9454438441906352 -4.283838322312222
50.26 0.9456745977769778 -4.283974263874406
50.291 0.9408074020761725 -4.281096490150623
50.338 0.9406644752975879 -4.270268880876226
50.342 0.9396280616254894 -4.269637485376728
50.368 0.9378766101759006 -4.268565499008419
50.398 0.9344486622506537 -4.2664620825772595
50.422 0.9413307260525381 -4.260188893712511
50.448 0.9400303500560424 -4.259370924346211
50.476 0.9396057375210547 -4.259103886579835
50.517 0.936920477895964 -4.252257924141002
50.535 0.9342474377500238 -4.25055896850528
50.564 0.9273185175613667 -4.246168861411333
50.593 0.921741724146904 -4.242634408127964
50.631 0.9163349192376624 -4.2336470159743085
50.651 0.9113589576797037 -4.230420297068489
50.677 0.906628723989081 -4.227379202929189
50.698 0.8989574434090177 -4.2224666073281725
50.718 0.9042223189736308 -4.2171453994493096
50.744 0.8995263059624303 -4.214109855551355
50.775 0.8964522286461724 -4.212134262119995
50.811 0.8978711225004362 -4.205264602629236
50.838 0.8896523172385277 -4.199985197161453
50.868 0.8824442079004474 -4.195360603685813
50.898 0.8778385839800995 -4.192394334005748
50.936 0.8782760489436615 -4.183289656792429
50.962 0.8710688042000395 -4.1786084528064
50.996 0.8683720776415066 -4.176868953549195
51.017 0.8733900630831272 -4.17099895335094
51.046 0.8692701483127506 -4.168314910863679
51.075 0.868036645241922 -4.167508951631161
51.103 0.8703221407524282 -4.163029814314513
51.125 0.8671470464367811 -4.1609062061967395
51.143 0.8617770170068146 -4.157313086608426
51.171 0.854051038260006 -4.152151831524474
51.193 0.8542296483525377 -4.152271214439531
51.229 0.8511022120172349 -4.145729848317632
51.255 0.8485013685567894 -4.143974620245867
51.286 0.8419821093151924 -4.139581720552657
51.306 0.8428764188510842 -4.138138793110795
51.327 0.8376291013238961 -4.1345888780076665
51.355 0.8386658222651772 -4.135292168578933
51.371 0.8363274269096478 -4.133698673708944
51.389 0.8320280717932261 -4.1307627627760395
51.415 0.8245354335632958 -4.125459952730927
51.446 0.8154288018112065 -4.119149088628049
51.475 0.8089208614035925 -4.114658861717982
51.509 0.8033766265030278 -4.108770293546339
51.528 0.8003306744737468 -4.106644429502851
51.548 0.7996021314239365 -4.10613739013138
51.578 0.7930400744056667 -4.101574389865393
51.61 0.7872766788981765 -4.0963299521658785
51.633 0.7795847047592416 -4.090916932702567
51.661 0.7783517003052768 -4.0900493423011115
51.69 0.7684960894220194 -4.083083074715176
51.711 0.7667301304560602 -4.079371722779932
51.741 0.76157333432955 -4.07566700342726
51.769 0.7527211845014 -4.069312610853823
51.796 0.7465451922237448 -4.064893513326405
51.84 0.7413576650385755 -4.0578053514279135
51.856 0.7378909386162081 -4.0553245485709875
51.886 0.7287988765720496 -4.048830448490486
51.902 0.7298086088688399 -4.0447358854820425
51.922 0.7227871030424445 -4.03967402204887
51.946 0.7212085257895309 -4.038529094491439
51.972 0.7205680240151543 -4.0380626394868875
52.006 0.7185818806816383 -4.032086541818653
52.04 0.7103773053627878 -4.026094365698738
52.068 0.7037837062522881 -4.02126630455218
52.089 0.7014149317530901 -4.019526143460603
52.138 0.6999406672525997 -4.013929961315686
52.153 0.6984050851364144 -4.0128084428688195
52.182 0.6908144398033278 -4.0072911703455
52.207 0.6897298792445634 -4.001981097083146
52.236 0.6878831652025749 -4.0006223935398735
52.265 0.6884379761768471 -4.00103234599744
52.294 0.6852269955561545 -3.9986411872247354
52.345 0.6680142486496582 -3.984255516224138
52.355 0.6667205363871507 -3.983291092245296
52.384 0.6614099725693108 -3.979332849359084
52.396 0.6590131632803716 -3.97754387912103
52.42 0.6577827803512712 -3.9731432370023603
52.439 0.6549203640876043 -3.9709901077840373
52.457 0.652827254306505 -3.969413393068617
52.484 0.6512468138868308 -3.9682188757610155
52.502 0.6495427110507488 -3.96480605085827
52.53 0.6445796435599929 -3.9610131817823127
52.557 0.640901138039984 -3.95818084242616
52.579 0.6366448799312823 -3.9548892625536958
52.607 0.6335195535842612 -3.950945152198328
52.64 0.627199373057658 -3.9460756935430714
52.671 0.6227093658514603 -3.9426371506292575
52.701 0.6187856215976825 -3.9380599094377255
52.766 0.6074864225594294 -3.929363462647195
52.767 0.6072206393291826 -3.92915797937897
52.792 0.6057364052968504 -3.928010579404088
52.825 0.5966875800643444 -3.9201088990063786
52.851 0.5903172343659144 -3.915134784979625
52.881 0.5859807092486302 -3.911740044472111
52.908 0.5844977340997144 -3.9097539391172775
52.94 0.5809533663660366 -3.9069664342363524
52.96 0.5771222448409574 -3.903947394628712
52.991 0.5736690353689093 -3.9012222722400853
53.011 0.5705943781861724 -3.898935342203483
53.037 0.5653687955459641 -3.8947887703900146
53.066 0.5597408753562259 -3.8903410263500153
53.092 0.5560147553929234 -3.8874086241933714
53.117 0.5517037935827569 -3.8840943285912664
53.123 0.551018110002823 -3.883552446240543
53.146 0.5445971880471323 -3.8784900610938364
53.174 0.541894768977318 -3.876359657725672
53.2 0.5403167480972504 -3.875116468424107
53.228 0.5340602933750156 -3.8705274761291117
53.258 0.5300039548667445 -3.8672960040623137
53.283 0.5278560525561422 -3.8655726292391472
53.311 0.5207248963633901 -3.8608523055133457
53.334 0.5188763326530433 -3.859358943700931
53.356 0.514712603221335 -3.85598520092329
53.385 0.5139136016219573 -3.855339163261001
53.418 0.5129706837504869 -3.856178000004509
53.444 0.5070947035872275 -3.8514930154991447
53.472 0.5048669625442044 -3.849705619498814
53.504 0.4971859027646563 -3.8451891546029686
53.539 0.4888789406381388 -3.838553860805614
53.565 0.48853839930786697 -3.838282752775801
53.595 0.48297609975212774 -3.833858569671067
53.634 0.4687693709658618 -3.8236912194197457
53.657 0.46525971728470306 -3.8209272917337134
53.755 0.43465684835407364 -3.7973755186263127
53.802 0.4297568538313087 -3.793802582192662
53.9 0.4173840001102826 -3.7841763045175085
53.971000000000004 0.4035772281862912 -3.7736851113909027
54.055 0.3882842310384507 -3.7620658165975924
54.108 0.3836325202468079 -3.758644855213439
54.203 0.3678530182056871 -3.746285787736304
54.266 0.35566371877265396 -3.7372419786319786
54.362 0.3618166562030014 -3.7414820534211235
54.409 0.34901964247288186 -3.731737451597709
54.502 0.3315360824596658 -3.7181920679495524
54.562 0.3137526109896204 -3.704754098774857
54.66 0.3100702793642216 -3.7016872633460776
54.723 0.2993520886771699 -3.6931418953092012
54.818 0.28200198206186683 -3.6796770523723747
54.864 0.273021658944354 -3.6727868600743627
54.946 0.2603186222250623 -3.6627263379095703
54.992 0.2515126422488106 -3.6559945345700084
55.068 0.2396517336510832 -3.646551718455084
55.121 0.22937631053955496 -3.6383627315009277
55.213 0.21013070226197697 -3.623247010290166
55.261 0.1986786630438861 -3.6142571450140424
55.36 0.1835430326001849 -3.6022831282968495
55.4 0.17338375665726735 -3.5939618053314772
55.48 0.1615176193121185 -3.5850401368403397
55.526 0.15460736056926616 -3.5797149475958356
55.61 0.13835723060473687 -3.5671045549303475
55.663 0.13343625274068377 -3.5631254155193965
55.751 0.12472192012229522 -3.556495165817406
55.801 0.1166092076752954 -3.5500432946049814
55.891 0.10558874218406822 -3.5412341514445296
55.917 0.10039463610343848 -3.537192100263175
56.0 0.08418107057963937 -3.52429250865187
56.037 0.07229187100472806 -3.5148927684613978
56.138 0.054359901215258286 -3.500745046436183
56.164 0.05279886462938939 -3.499538508854674
56.249 0.04024990029676361 -3.4895714635464143
56.285 0.03903288953161646 -3.488598193201566
56.372 0.03470195886341325 -3.4851713377377656
56.409 0.026645747122825594 -3.4786833918367903
56.496 0.015029818863465619 -3.4694641272141276
56.541 0.009237033234195854 -3.464758672558786
56.627 -0.018750484893485506 -3.4425644115756446
56.657 -0.02229349113006012 -3.439842490681898
56.741 -0.0328106692862171 -3.431323240072512
56.783 -0.038639986232683145 -3.4267935520685926
56.879 -0.054305506609926196 -3.4142066254804964
56.932 -0.06985452434450784 -3.4018089989034976
57.02 -0.09299502561792712 -3.3834507082469485
57.048 -0.09726164260739263 -3.3800581205206726
57.136 -0.09767840739549978 -3.3794926790575563
57.172 -0.104159306269385 -3.3744886599578794
57.266 -0.11880379630210693 -3.362831968891429
57.3 -0.12853708673860267 -3.355338229165732
57.387 -0.14527711441812122 -3.3419971092588825
57.401 -0.14529874238904789 -3.3416917072418175
57.488 -0.16419800872847073 -3.326959533620473
57.498 -0.16485690382754578 -3.3264445377877414
57.581 -0.1612687830845851 -3.329088238580684
57.643 -0.17677652867759977 -3.3168496738382096
57.731 -0.20037489143738083 -3.2982274136266567
57.79 -0.2128910799207719 -3.2882833490164876
57.881 -0.22970946544711912 -3.274977523700303
57.925 -0.23127740651342435 -3.2733491326348214
58.012 -0.23785797760433813 -3.268039029179178
58.068 -0.23912406840479497 -3.267059570368264
58.161 -0.2620912861293477 -3.2490696191774804
58.209 -0.2689363414049456 -3.243461558150851
58.294 -0.2799427260862458 -3.234949766821612
58.347 -0.2946209020287044 -3.2236335898434336
58.426 -0.3129527688142268 -3.208601617478644
58.462 -0.31981985971704513 -3.2033961814333765
58.544 -0.3298594007681039 -3.1953296652098944
58.589 -0.33674386748205304 -3.1900671219876933
58.667 -0.351969342400607 -3.178100230139379
58.693 -0.35537570067318286 -3.175450133766775
58.776 -0.355671770759198 -3.175282058711163
58.863 -0.3707924291383106 -3.1636108000329703
58.947 -0.3945600494950317 -3.145026055958515
59.005 -0.3992325562853277 -3.1413998305628064
59.106 -0.40731320073979305 -3.135146525169838
59.2 -0.42577389203951854 -3.120601835481855
59.294 -0.4319119172221659 -3.1157554447517555
59.385 -0.46249020165720633 -3.091733221840559
59.47 -0.47088349435299204 -3.085130492798719
59.573 -0.48265767512018715 -3.075773040674226
59.575 -0.48280435366483343 -3.0756580207390063
59.677 -0.5088776603432852 -3.055160444093632
59.764 -0.5216951594068817 -3.045014041572017
59.863 -0.5318576639308463 -3.036921011527659
59.961 -0.5587729571661536 -3.015911749474108
60.06 -0.5592683184835503 -3.0151366002624287
60.118 -0.560547855791689 -3.0138508818721474
60.213 -0.5743128142717773 -3.0030027646713635
60.269 -0.5906595639678248 -2.990307547268337
60.349 -0.5995008973725516 -2.983207052403489
60.379 -0.5992299746736267 -2.9834193732709404
60.471 -0.615745411077296 -2.9702830653698404
60.53 -0.6228822163485416 -2.9646997083103677
60.617 -0.6426786832495005 -2.949011170940784
60.653 -0.6427504707928418 -2.9489538386366956
60.747 -0.6601849238612983 -2.935117029640911
60.792 -0.6642703162565821 -2.9318563749305366
60.891 -0.6656036722634597 -2.9308198211007905
60.928 -0.6753300306313736 -2.9229370382880386
61.039 -0.7015867696645163 -2.9023098726431327
61.063 -0.7055367851715667 -2.8992079389766006
61.165 -0.7307021791546848 -2.8792058426866323
61.217 -0.7413870839078959 -2.8708492765296256
61.314 -0.7699261611310193 -2.8478487927383997
61.357 -0.7779280377649123 -2.8414085049981197
61.457 -0.8028709256707963 -2.821540556117799
61.516 -0.8105616299060074 -2.815459554302196
61.609 -0.8278363496612088 -2.8017820620964256
61.634 -0.8293644501287841 -2.8005679288387406
61.737 -0.8499005848408403 -2.7842855217072557
61.814 -0.8568106754099123 -2.778847923814882
61.916 -0.8774952528892637 -2.7624309133098195
61.961 -0.8857046875899577 -2.7559699383834726
62.061 -0.8982340466929744 -2.746030055168905
62.088 -0.9013808892222294 -2.7434965820145116
62.172 -0.9135117049046952 -2.734092111589149
62.201 -0.9124435536599124 -2.7347690766161317
62.295 -0.9217109770602752 -2.727634043730586
62.329 -0.9271915170863814 -2.722991905030441
62.426 -0.9515069047762562 -2.703889109671956
62.471 -0.9597790484547573 -2.697523729308854
62.554 -0.9638074789430509 -2.6941120813590325
62.571 -0.9678354344442696 -2.6909384628336053
62.673 -0.9804864736454019 -2.68082235405987
62.728 -0.9807927484104355 -2.680893486297773
62.822 -1.0052145651034816 -2.6612751897334888
62.855 -1.0080590493397918 -2.658986249766251
62.954 -1.0061075527873586 -2.6605446494182585
62.977 -1.0102941893825343 -2.6572141410305297
63.056 -1.0241866104896908 -2.6461707034060558
63.103 -1.0270502162996817 -2.643661730219102
63.196 -1.0405870271769144 -2.633065689754676
63.217 -1.0470895183304991 -2.6278253839309165
63.316 -1.0696088751904342 -2.6099891728705833
63.343 -1.0717914444204546 -2.608287373877958
63.424 -1.0843778351572746 -2.5983049156049796
63.462 -1.0906884840628819 -2.5932887307281787
63.554 -1.0878344948271461 -2.5954502408868887
63.627 -1.115984952122739 -2.5732170109946533
63.702 -1.127130789713068 -2.564299666646457
63.791 -1.1363772787527382 -2.557200656956527
63.797 -1.1373861105751357 -2.556434647509369
63.893 -1.1553461404813008 -2.542245223788749
63.978 -1.181611269846552 -2.521506075824793
64.074 -1.1956084695594305 -2.5102444454678072
64.114 -1.199945841416719 -2.506540364023885
64.201 -1.2131960142668743 -2.496210262602867
64.257 -1.2197474299998254 -2.490882924152077
64.351 -1.230810795108891 -2.4822894926139134
64.409 -1.2349718711933664 -2.478579282889045
64.5 -1.2348343770385324 -2.478688590999131
64.549 -1.244934537332536 -2.470639541748395
64.632 -1.2679475469616703 -2.4522555756886737
64.689 -1.2759778429909385 -2.445806924104487
64.775 -1.2934894281674394 -2.431927135527906
64.876 -1.3106747499711005 -2.418202839558362
64.919 -1.3199502630636304 -2.4108488232443084
65.001 -1.338825887623973 -2.3957730383477207
65.101 -1.3687902578117224 -2.3715430747650252
65.196 -1.3763126436483502 -2.3655237056562157
65.254 -1.3752609870793642 -2.3664710217970177
65.357 -1.3874495759079506 -2.356816104501291
65.455 -1.3986978983989995 -2.347939928511067
65.555 -1.4206062632144232 -2.330304613945943
65.634 -1.4257448141107887 -2.3263909512170775
65.697 -1.4318624348628384 -2.321413485703819
65.794 -1.464715500227319 -2.2946616779589264
65.878 -1.4776810565038332 -2.2846091524055105
65.981 -1.4864480398457773 -2.2776414801484934
66.023 -1.4930475037830928 -2.272323587361338
66.107 -1.5020321418042637 -2.2647996663638734
66.177 -1.5069349459525476 -2.2610502880034167
66.277 -1.5229246595380468 -2.2481180417811237
66.373 -1.541279715228772 -2.2333929227123366
66.472 -1.551384531131415 -2.2251491195323685
66.475 -1.5521783882101057 -2.2245197749712546
66.55 -1.5581801208743797 -2.2196029843144145
66.592 -1.562299389224194 -2.2163015810641693
66.684 -1.5691882465972047 -2.210612513629514
66.773 -1.596209151429538 -2.1886874695798713
66.87 -1.6068944432521415 -2.180030162264005
66.964 -1.6061697425090846 -2.1806685228392872
67.06 -1.6245560893974489 -2.165589218346186
67.137 -1.6420675556769218 -2.1511694177503413
67.236 -1.6705352605036758 -2.1279392779141455
67.326 -1.6908070083465587 -2.1115249961458504
67.404 -1.696060669007673 -2.1072842211334115
67.497 -1.7034140346282811 -2.1012719572928424
67.583 -1.7152993205868228 -2.0914250073037195
67.682 -1.7274818512405339 -2.081755050369209
67.774 -1.7485546271097843 -2.0652161824630855
67.856 -1.7691779066805464 -2.048709124463107
67.936 -1.7837303130346949 -2.036965315825215
68.03 -1.8003446697804786 -2.023595571573193
68.042 -1.801551605567238 -2.0226083335745737
68.137 -1.8203047126880645 -2.0074437994736862
68.229 -1.8438274934885637 -1.9889160248215276
68.306 -1.8502113788193715 -1.9800127379656287
68.317 -1.850464350799688 -1.9798053329717824
68.421 -1.8742628150545873 -1.9602187747867181
68.516 -1.9017258716933574 -1.9378273094544936
68.574 -1.912541028363154 -1.9286003829081084
68.674 -1.922122630556082 -1.9214922432110644
68.772 -1.9380583376950393 -1.908792096244503
68.828 -1.9362739075068351 -1.9110201099101296
68.918 -1.946497331303865 -1.902883073229952
69.008 -1.9610794025875193 -1.8911340900858002
69.081 -1.9786110147173912 -1.8764192019918136
69.175 -1.9781354465341763 -1.8773634201640383
69.257 -1.993930609298439 -1.8644517918151897
69.345 -2.0111972217354404 -1.8503307700233218
69.43 -2.03298325791428 -1.8325639204866753
69.528 -2.0600434448182345 -1.810729571444092
69.635 -2.0731286517247685 -1.8004870528574461
69.711 -2.0927088876607143 -1.7848526825572526
69.812 -2.0948978683154156 -1.7831275892867877
69.897 -2.1115813396515994 -1.76982850094691
69.982 -2.1149824289046064 -1.767038287027963
70.023 -2.1171333019598197 -1.765444886316236
70.1 -2.1188212849102825 -1.7640616373413813
70.182 -2.1091090937489363 -1.7721323866499934
70.265 -2.1218634767181683 -1.7617133203990705
70.361 -2.124876008518432 -1.7590849795669075
70.455 -2.1357400894089076 -1.7500811768631532
70.498 -2.140270940133055 -1.7464577895587647
70.579 -2.1532346243754796 -1.735740769871935
70.655 -2.161366604599676 -1.7287830484039688
70.739 -2.170339073029511 -1.7213306925215628
70.829 -2.1744480730158458 -1.7179036783652226
70.923 -2.1825042137092057 -1.710688466607997
70.932 -2.1834925811726453 -1.7097069217965275
70.961 -2.181634613307341 -1.7116040055461856
70.992 -2.180712986941943 -1.7125921408132228
71.033 -2.177596455168703 -1.7168410590862804
71.054 -2.179585142870083 -1.7144563687327457
71.083 -2.18044963486194 -1.7133652133080879
71.166 -2.187478641593723 -1.7061380073556653
71.263 -2.1891721945116123 -1.7071614170759584
71.35 -2.1944537531767994 -1.7011966606763576
71.45 -2.20428742779314 -1.6839750677834115
71.532 -2.203518937917496 -1.6917268539534904
71.616 -2.2062106055009587 -1.6878581854398798
71.698 -2.207497062802714 -1.681728285653821
71.775 -2.2090016383131488 -1.6802103079767179
71.867 -2.2102781198075263 -1.6778575404281324
71.897 -2.210186082982705 -1.6808913956808704
72.003 -2.2120111369057875 -1.6708374249756868
72.104 -2.2124188925767765 -1.6641104126440471
72.112 -2.212344345631309 -1.6628760556371365
72.212 -2.2119647026164078 -1.6504230630275396
72.271 -2.211292499673462 -1.64275347257482
72.367 -2.2125693822381103 -1.651903939517369
72.428 -2.2111556995941206 -1.6463955211488384
72.529 -2.2078106897216063 -1.632674918937082
72.57 -2.20674320553408 -1.6265036221471703
72.664 -2.1990591643243103 -1.603666749638542
72.741 -2.1948347495759797 -1.6019896317798694
72.785 -2.1915303709061082 -1.5886748193808604
72.863 -2.1860437637532177 -1.5865396479380391
72.962 -2.176197871894686 -1.5699208029126803
73.056 -2.1748161073275694 -1.5791139406679122
73.11 -2.1701714697388224 -1.575341353585153
73.19 -2.1635146189771253 -1.5559420459398452
73.272 -2.156056211848199 -1.5450019531851051
73.371 -2.143568774361623 -1.5222566774815607
73.423 -2.139151075007062 -1.5184207573266673
73.503 -2.1333082633989453 -1.5082221030213234
73.555 -2.1303279810583806 -1.501153853903648
73.634 -2.1252146816037456 -1.4915295616806354
73.696 -2.1168432901043364 -1.471667807429438
73.788 -2.1122656899355006 -1.4568165047676573
73.841 -2.1060031458411723 -1.4459898154237545
73.909 -2.095645088779773 -1.4252513159767417
73.96 -2.0902619386337458 -1.4137796819036657
74.049 -2.080808664283532 -1.3953229923043602
74.093 -2.077333432739285 -1.3880291597603924
74.184 -2.074167941484552 -1.3831729380491364
74.238 -2.0673403005122033 -1.3702679767626027
74.336 -2.055212693430467 -1.3464210502065928
74.369 -2.052918479365121 -1.3414958699308865
74.466 -2.0487675329287787 -1.3347556278938744
74.508 -2.0432071144108703 -1.3241849730302198
74.588 -2.0405275626916293 -1.3185788301412424
74.63 -2.0355817702296712 -1.3089853625587706
74.706 -2.0245085338003723 -1.2870315485625408
74.724 -2.0230498941286217 -1.2840682519398299
74.809 -2.020215127942689 -1.2786993714034351
74.842 -2.018413363279627 -1.2750768958304246
74.929 -2.0096071309664887 -1.2577751443148102
75.039 -2.001121218020471 -1.2408478553670306
75.092 -1.9960314542654163 -1.231023524517013
75.177 -1.9878260955867157 -1.215220409715476
75.201 -1.9859057573122483 -1.211018693698308
75.292 -1.9728842033687557 -1.186438353631618
75.336 -1.9661206568603333 -1.173176312682864
75.427 -1.9557962864115315 -1.153362354461816
75.523 -1.9476369691915771 -1.137360541977179
75.643 -1.9323253542990497 -1.1075878477181067
75.726 -1.92025847939888 -1.0842473701184594
75.745 -1.9180611440683677 -1.07987083570099
75.831 -1.9107331535789538 -1.066053243783284
75.928 -1.9057755718237601 -1.0569003038075142
76.016 -1.900387853527354 -1.0466804900881905
76.098 -1.8938743276368004 -1.0333869914090712
76.172 -1.8884804150318844 -1.023154422713229
76.239 -1.883475681878478 -1.0136713682489318
76.33 -1.87233152399616 -0.990792082509287
76.375 -1.8692108397554605 -0.984260145836254
76.477 -1.850857387195666 -0.9470693507823937
76.541 -1.8484591713762146 -0.9432552875769116
76.637 -1.833009471215198 -0.9123151847080693
76.679 -1.829997426438276 -0.9060064622106141
76.781 -1.82852957516494 -0.904111011393266
76.835 -1.8261598574649187 -0.8993254501090197
76.935 -1.8124204208951071 -0.8720439829423006
77.011 -1.8078310707303034 -0.8627300277717411
77.105 -1.7910640956400903 -0.8301018990429885
77.203 -1.7866317475359157 -0.8212247187809816
77.253 -1.7794480801821826 -0.807462017330964
77.332 -1.7754629797532056 -0.7996418441313609
77.414 -1.768962120559743 -0.7868392575744279
77.503 -1.7580629537504537 -0.7654227930702477
77.575 -1.7522359547647486 -0.7541363022980941
77.667 -1.7480254756123181 -0.745585676805393
77.719 -1.7425140353890112 -0.7346250752338963
77.808 -1.7336616858734295 -0.7147832762624902
77.84 -1.729598204816583 -0.7068206390894709
77.934 -1.7169994782972475 -0.682381085061509
77.977 -1.71476711573836 -0.678041905911922
78.079 -1.70893086245693 -0.6662166131547104
78.102 -1.7081524142376745 -0.6637864236563826
78.195 -1.699414928409062 -0.6466720086098915
78.202 -1.6992900204574102 -0.6478095576440402
78.301 -1.6912663296876136 -0.6309863244333211
78.318 -1.6900093510106657 -0.6284464691496473
78.441 -1.680541778499522 -0.6114237953195519
78.477 -1.67416838079224 -0.5986920854228215
78.55 -1.672199315880969 -0.5942402950208672
78.564 -1.6708386924314098 -0.5915319121393052
78.638 -1.65882925455994 -0.5662931832895501
78.657 -1.6572495909967775 -0.5631713393717545
78.747 -1.6484282947324984 -0.5442104727502811
78.765 -1.6465202279956248 -0.5404249944341091
78.868 -1.6326439015897782 -0.5103661946766423
78.904 -1.6304316659583715 -0.5070436266693513
79.004 -1.6194749171272258 -0.4845590567448048
79.031 -1.6198136061735864 -0.48522138454290764
79.125 -1.6160960324598044 -0.47611570734047176
79.134 -1.6152966318989233 -0.47455250331362814
79.225 -1.6116049380946869 -0.4658921753399464
79.26 -1.6097524132485321 -0.4620700346926922
79.363 -1.59387853261672 -0.43101470391871
79.392 -1.5923882844869555 -0.4279111770881949
79.479 -1.5904351169201407 -0.4243726906310956
79.52 -1.5846454776284167 -0.41191606217884164
79.617 -1.5781649837100071 -0.3967777956517808
79.713 -1.5697438890540023 -0.3777481147177562
79.757 -1.5630548621913791 -0.3625792396637781
79.851 -1.5566219594727133 -0.3508690972766537
79.868 -1.555763725359695 -0.3490041969156233
79.947 -1.5464348926442173 -0.329443321050836
80.046 -1.539676273896863 -0.3147100321227352
80.145 -1.5216544299685668 -0.27792673174505467
80.16 -1.5208804062916166 -0.2762516940366407
80.252 -1.5145341130274648 -0.2644259079539131
80.349 -1.5060676475923305 -0.24712823824486754
80.418 -1.4970725964609237 -0.22816447278144306
80.513 -1.4809963562243833 -0.19363551456437114
80.603 -1.4728809460396324 -0.17844285352830397
80.701 -1.4668100580725996 -0.16696683783153063
80.793 -1.4532200112817655 -0.13988587005832373
80.895 -1.4549094409358945 -0.14385163164427195
80.996 -1.449517601291127 -0.13367858764119375
81.09 -1.450191485605084 -0.13519471242802153
81.19 -1.4484667574376766 -0.13036086044106424
81.29 -1.4424156526896783 -0.11850508087119511
81.384 -1.4505815707752758 -0.13462908355050812
81.486 -1.4481760813858693 -0.12937165133166376
81.585 -1.448865683523289 -0.13078535447268314
81.675 -1.4506390394031858 -0.13430128363607446
81.777 -1.4476091647453522 -0.12865503870117
81.871 -1.4472792360853721 -0.12816566918062564
81.966 -1.4558114969037308 -0.14482016907456902
82.06 -1.4502828955775606 -0.13483493314027573
82.155 -1.455493215945064 -0.14480047290074638
82.243 -1.4681560736446382 -0.16883969635909465
82.319 -1.4691195004599944 -0.17158628340592025
82.427 -1.4617553770952354 -0.1582391800715749
82.5 -1.4597601062665615 -0.1543981006116041
82.595 -1.4515199740772786 -0.13932195442573203
82.686 -1.4428412299946733 -0.123132176548644
82.777 -1.4448406416947075 -0.12730530675126336
