3.4 0.9998504391754376 -0.49999999873018364
3.45 0.9998437207654928 -0.4999999987303039
3.5 0.9998343945834417 -0.4999999987304696
3.55 0.9998224598659264 -0.4999999987306813
3.6 0.9998079156014976 -0.4999999987309395
3.65 0.9997907605050111 -0.4999999987312429
3.7 0.9997709929863653 -0.49999999873159123
3.75 0.9997486111135507 -0.49999999873198553
3.8 0.9997134743007069 -0.49999999874147993
3.85 0.9996760740577859 -0.4999999986540413
3.9 0.9996463637516023 -0.49999999845076437
3.95 0.9996693063803515 -0.4999999984506738
4.0 0.9996896339571774 -0.4999999984504686
4.05 0.9997073484979608 -0.4999999984502188
4.1 0.9997224516686439 -0.499999998449964
4.15 0.9997349448225357 -0.4999999984497321
4.2 0.99974482903231 -0.49999999844953735
4.25 0.9997521051165655 -0.4999999984493892
4.3 0.999756773660887 -0.49999999844929355
4.35 0.9997588193548321 -0.4999999984492541
4.4 0.9997582893946149 -0.49999999844927123
4.45 0.9997551367021161 -0.4999999984493475
4.5 0.9997493767091415 -0.49999999844948345
4.55 0.9997410089579929 -0.49999999844968
4.6 0.9997300327676969 -0.4999999984499367
4.65 0.9997164472160885 -0.4999999984502541
4.7 0.9997002511162721 -0.4999999984506313
4.75 0.9996814429874322 -0.4999999984510688
4.8 0.9996600210199668 -0.4999999984515665
4.85 0.9996266411864578 -0.4999999984690794
4.9 0.9995794985477159 -0.4999999984306925
4.95 0.9995379353538092 -0.4999999982657416
5.0 0.9995488311595616 -0.4999999982171195
5.05 0.9995696853502998 -0.4999999982168224
5.1 0.9995879260790101 -0.4999999982164796
5.15 0.9996035550742584 -0.49999999821614
5.2 0.9996165737472765 -0.4999999982158313
5.25 0.9996269832239738 -0.4999999982155719
5.3 0.9996347843719522 -0.4999999982153717
5.35 0.999639977822289 -0.49999999821523594
5.4 0.9996425639859451 -0.49999999821517077
5.45 0.9996425430647197 -0.4999999982151768
5.5 0.999639915056702 -0.4999999982152559
5.55 0.9996346797561929 -0.49999999821540886
5.6 0.9996268367480684 -0.49999999821563673
5.65 0.9996163853965744 -0.49999999821593893
5.7 0.9996033248285257 -0.49999999821631624
5.75 0.9995876539108931 -0.4999999982167681
5.8 0.9995693712227459 -0.4999999982172946
5.85 0.9995484750215257 -0.4999999982178958
5.9 0.999518082348279 -0.4999999982329883
5.95 0.9994623333919835 -0.4999999982298132
6.0 0.9994121616436588 -0.4999999981000401
6.05 0.9994115938558708 -0.49999999802658773
6.1 0.9994325419184391 -0.4999999980261944
6.15 0.9994508762315084 -0.4999999980257616
6.2 0.9994665985434821 -0.4999999980253405
6.25 0.9994797102828564 -0.4999999980249622
6.3 0.999490212590533 -0.4999999980246455
6.35 0.9994981063470993 -0.49999999802440037
6.4 0.9995033921948492 -0.4999999980242347
6.45 0.9995060705544171 -0.4999999980241518
6.5 0.9995061416359422 -0.49999999802415535
6.55 0.9995036054447304 -0.49999999802424666
6.6 0.9994984617813752 -0.4999999980244255
6.65 0.9994907102363204 -0.499999998024693
6.7 0.9994803501788511 -0.49999999802505013
6.75 0.9994673807404869 -0.4999999980254953
6.8 0.9994518007927615 -0.4999999980260291
6.85 0.9994336089193583 -0.49999999802665174
6.9 0.9994138025744894 -0.49999999801876494
6.95 0.999952452916762 -0.49999999266341205
7.0 0.9999593669716789 -0.4999999919353479
7.05 0.9999721654702308 -0.49999999320220434
7.1 1.0013579639901458 -0.49999998051690825
7.15 1.0042725186729862 -0.49999995777269673
7.2 1.0074252682424452 -0.4999999376702382
7.25 1.0114327244214352 -0.4999999167780799
7.3 1.0156933661129708 -0.4999998987224928
7.35 1.0207008023008284 -0.4999998809751282
7.4 1.0262012347385108 -0.49999986415962033
7.45 1.033375724720786 -0.4999998435981481
7.5 1.0423321866374535 -0.4999998168032179
7.55 1.0523252135354273 -0.49999978269069595
7.6 1.0623156306532695 -0.49999974201200315
7.65 1.0723034371531066 -0.4999996926902935
7.7 1.082288631950691 -0.4999996326481251
7.75 1.0922712136749717 -0.4999995598073425
7.8 1.1022511806361945 -0.49999947208896517
7.85 1.1064096873647418 -0.4999994459975843
7.9 1.1071081256589417 -0.49999943767344135
7.95 1.1138263056458602 -0.4999993587490665
8.0 1.1238381258093446 -0.49999927381003184
8.05 1.133847331775599 -0.499999197251093
8.1 1.143853924396258 -0.4999991269949149
8.15 1.1538579042671921 -0.4999990609637662
8.2 1.1638592717424103 -0.4999989970797085
8.25 1.1738580269424792 -0.4999989332646513
8.3 1.1838541697573712 -0.49999886744033006
8.35 1.1938476998437753 -0.4999987975282349
8.4 1.2038386166167452 -0.49999872144952173
8.45 1.2138269192357893 -0.4999986371249001
8.5 1.223704921932448 -0.4999985493176584
8.55 1.2258613598985626 -0.4999985348338031
8.6 1.232206512865287 -0.4999984595571357
8.65 1.2422128648293032 -0.4999983681503446
8.7 1.2522166019433731 -0.4999982807744523
8.75 1.2622177245518198 -0.49999819535062484
8.8 1.272216232756262 -0.4999981097996215
8.85 1.2822121264174318 -0.4999980220418686
8.9 1.292205405151602 -0.4999979299974562
8.95 1.3006808551090008 -0.499997858957004
9.0 1.3059103393801528 -0.49999779485849577
9.05 1.315912202128928 -0.4999976982571936
9.1 1.325911449395949 -0.49999760211628375
9.15 1.3359080811077595 -0.49999750435580237
9.2 1.3433582501480046 -0.4999974300036953
9.25 1.3530039241494258 -0.49999733873755137
9.3 1.3629887677699588 -0.499997240299122
9.35 1.3729887655995414 -0.49999714056442585
9.4 1.3829887639542855 -0.4999970408157395
9.45 1.3929887626267512 -0.4999969410540159
9.5 1.4029887614914336 -0.4999968412798308
9.55 1.4129887604724094 -0.4999967414935329
9.6 1.4229887595237414 -0.4999966416953336
9.65 1.4329887586176435 -0.4999965418853604
9.7 1.4429887577372955 -0.49999644206369087
9.75 1.4529887568725315 -0.4999963422303711
9.8 1.4629887560171928 -0.49999624238542917
9.85 1.4729887551675587 -0.49999614252888297
9.9 1.4829887543213747 -0.499996042660742
9.95 1.4929887534772779 -0.49999594278101284
10.0 1.5029887526344439 -0.49999584288969856
10.05 1.5129887517927574 -0.49999574298680827
10.1 1.5229887509581015 -0.4999956430725529
10.15 1.5329887501312425 -0.49999554314706995
10.2 1.5429887493091134 -0.4999954432103645
10.25 1.5529887484898506 -0.4999953432624367
10.3 1.5629887476723265 -0.49999524330328793
10.35 1.572988746855851 -0.499995143332918
10.4 1.5829887460400085 -0.49999504335132755
10.45 1.592988745224542 -0.4999949433585166
10.5 1.6029887444093054 -0.49999484335448446
10.55 1.6129887435941914 -0.4999947433392335
10.6 1.6229887427791758 -0.4999946433127593
10.65 1.6329887419642 -0.4999945432750674
10.7 1.6429887411492676 -0.4999944432261579
10.75 1.652988740334349 -0.4999943431660257
10.8 1.6629887395194543 -0.4999942430946705
10.85 1.672988738704581 -0.49999414301209544
10.9 1.6829887381406476 -0.49999404291885385
10.95 1.6929887381446456 -0.49999394282298953
11.0 1.7029887381470339 -0.4999938427271509
11.05 1.7129887381484088 -0.49999374263133245
11.1 1.7229887381491418 -0.49999364253552886
11.15 1.732988738149467 -0.4999935424397366
11.2 1.742988738149525 -0.4999934423439533
11.25 1.7529887381494103 -0.49999334224817676
11.3 1.7629887381491782 -0.4999932421524065
11.35 1.7729887381488694 -0.49999314205663953
11.4 1.7829887381485088 -0.499993041960875
11.45 1.7929887381481122 -0.4999929418651125
11.5 1.802988738147683 -0.4999928417693526
11.55 1.812988738147236 -0.49999274167359536
11.6 1.8229887381467829 -0.4999926415778394
11.65 1.832988738146317 -0.49999254148208405
11.7 1.8429887381458423 -0.4999924413863288
11.75 1.8529887381453523 -0.4999923412905751
11.8 1.8628357385348742 -0.4999922427266468
11.85 1.8718387393885927 -0.4999921526205727
11.9 1.8806677403437826 -0.49999206426588827
11.95 1.8886687411855392 -0.4999919842082547
12.0 1.8964787421479905 -0.4999919060703455
12.05 1.903478742980594 -0.49999183604613107
12.1 1.9101687439497008 -0.4999917691302779
12.15 1.916168744774785 -0.4999917091244931
12.2 1.921878745744366 -0.49999165202504414
12.25 1.9268787465692792 -0.4999916020327064
12.3 1.9315887475390148 -0.49999155494478426
12.35 1.9355887483638954 -0.4999915149609452
12.4 1.939238749333272 -0.4999914784793354
12.45 1.9416686326096397 -0.49999195311567535
12.5 1.943913343859661 -0.4999955006635812
12.55 1.945420413079493 -0.500002310821577
12.6 1.9467615338518067 -0.5000139280929906
12.65 1.9474514578628805 -0.5000248432664098
12.7 1.9481841413378285 -0.5000416409170289
12.75 1.9491143611902868 -0.5000703124356858
12.8 1.9501273594204636 -0.5001115871922174
12.85 1.9512868926662714 -0.5001712669888804
12.9 1.9525106459155757 -0.5002501855200022
12.95 1.9540215048495695 -0.5003683595964733
13.0 1.955817266458629 -0.5005365273697154
13.05 1.957893415720955 -0.5007665741373917
13.1 1.9602445978432756 -0.5010716066793899
13.15 1.9627037160401284 -0.501441411733533
13.2 1.9650400260920131 -0.5018464249982113
13.25 1.9672485824556143 -0.5022843586586541
13.3 1.9693259518268733 -0.5027523873192158
13.35 1.9712687134913243 -0.5032468869716933
13.4 1.9730735295252702 -0.503763389928249
13.45 1.9747372270879306 -0.5042965421921523
13.5 1.976256893571543 -0.5048400649854488
13.55 1.9776299852373467 -0.5053867224363384
13.6 1.9788528453053986 -0.5059275995187705
13.65 1.9799196084562265 -0.5064513236626395
13.7 1.9808299653222652 -0.5069473468112766
13.75 1.9815850370769932 -0.507404337960379
13.8 1.9821872594917909 -0.507810147558194
13.85 1.9826405821196205 -0.5081519381603258
13.9 1.982986528061504 -0.5084453174288083
13.95 1.9835413089792946 -0.5089590833495753
14.0 1.9844152298839461 -0.5098272660885719
14.05 1.9855441094204809 -0.511058480293234
14.1 1.9869051718151964 -0.512668557506585
14.15 1.9885329020898317 -0.5147713617001292
14.2 1.99026444671312 -0.5171970167833869
14.25 1.9922263625025978 -0.5201853083678946
14.3 1.9942299249326687 -0.5234859425106037
14.35 1.9964317204417497 -0.5274179242847429
14.4 1.998637941801707 -0.5316164966890564
14.45 2.001045346526361 -0.5366361786150567
14.5 2.0038842228036384 -0.5430245631731221
14.55 2.007070985315093 -0.5507527911469519
14.6 2.0103557143878743 -0.5590424108190508
14.65 2.013576266261282 -0.5671464686607031
14.7 2.0167335428190647 -0.5752131256018245
14.75 2.0198272228916774 -0.5834456936096003
14.8 2.0228582059789226 -0.591837586660639
14.85 2.025817994185043 -0.6003817151509185
14.9 2.028605309516577 -0.6090687099993601
14.95 2.031209225159954 -0.6178921598264177
15.0 2.0336497755041876 -0.6268469907663874
15.05 2.0359463490847505 -0.6359285466897259
15.1 2.038117676320233 -0.6451325721380947
15.15 2.0401818253651296 -0.6544551988932378
15.2 2.0421562075731643 -0.6638929241014203
15.25 2.0440575909663883 -0.6734425710267443
15.3 2.0459021178680583 -0.6831012300720888
15.35 2.047705322061965 -0.6928661850061072
15.4 2.0494880501530774 -0.7027036146756384
15.45 2.0512327708803304 -0.7123368925782257
15.5 2.052836702143613 -0.7211928166809565
15.55 2.0543746939480974 -0.729684664277705
15.6 2.055800410523501 -0.7375565967179742
15.65 2.0571601877025123 -0.7450644526686633
15.7 2.058407689662681 -0.7519523934625741
15.75 2.0595785593770155 -0.7584172182735848
15.8 2.0606478467173113 -0.7643211674166531
15.85 2.061587037567535 -0.7695068042859848
15.9 2.0624763281007787 -0.7744169234875852
15.95 2.0632105721998086 -0.7784709700823988
16.0 2.0640178837177525 -0.7829284528424948
16.05 2.0649089563796688 -0.7878484113996279
16.1 2.0659016110637283 -0.7933292438344831
16.15 2.0669708983029658 -0.7992331930267226
16.2 2.0681453318637146 -0.8057176967829449
16.25 2.069392833688534 -0.8126056376604582
16.3 2.070749046135344 -0.8200938129130351
16.35 2.072175297179901 -0.8279686973783595
16.4 2.0737519611187576 -0.8366740703655177
16.45 2.0753968812960704 -0.8457563121137429
16.5 2.077179026892699 -0.8555962279495621
16.55 2.0789611725424573 -0.8654361437806821
16.6 2.08074331818306 -0.8752760595884181
16.65 2.08252546381532 -0.8851159753787825
16.7 2.084307609439827 -0.8949558911562262
16.75 2.086089755057018 -0.9047958069240662
16.8 2.087871900667216 -0.9146357226848062
16.85 2.0896540462706654 -0.9244756384403323
16.9 2.091436191867543 -0.9343155541920939
16.95 2.09321833745799 -0.94415546994119
17.0 2.095000483042114 -0.9539953856884709
17.05 2.0967826286199944 -0.963835301434584
17.1 2.0985647741916926 -0.9736752171800319
17.15 2.1003469197576705 -0.9835151332029147
17.2 2.1021290653221634 -0.9933550497308542
17.25 2.1039112108863764 -1.0031949662572297
17.3 2.105693356450415 -1.0130348827826188
17.35 2.1074755020143416 -1.0228747993073772
17.4 2.109257647578198 -1.0327147158317358
17.45 2.111039793142007 -1.0425546323558266
17.5 2.1128219387057863 -1.0523945488797446
17.55 2.114604084269546 -1.0622344654035403
17.6 2.1163862298332905 -1.072074381927259
17.65 2.1181683753970297 -1.0819142984509214
17.7 2.1199505209607548 -1.091754214974546
17.75 2.121732666524477 -1.1015941314981363
17.8 2.1235148120881995 -1.111434048021713
17.85 2.125296957651922 -1.121273964545281
17.9 2.1270791032156424 -1.1311138810688326
17.95 2.1288612487793617 -1.140953797592375
18.0 2.1306433943430787 -1.1507937141159095
18.05 2.1324255399067913 -1.1606336306394456
18.1 2.134207685470509 -1.170473547162968
18.15 2.1359898310342222 -1.1803134636865014
18.2 2.137771976597938 -1.1901533802100355
18.25 2.1395541221616603 -1.1999932967335643
18.3 2.1413362677253827 -1.2098332132570813
18.35 2.1431184132891046 -1.2196731297805963
18.4 2.1449005588528243 -1.2295130463041197
18.45 2.1466827044165395 -1.2393529628276416
18.5 2.1484648499802446 -1.249192879351163
18.55 2.150246995543948 -1.2590327958746812
18.6 2.1520291411076524 -1.2688727123982053
18.65 2.1538112866713544 -1.278712628921728
18.7 2.155593432235055 -1.2885525454452478
18.75 2.157375577798755 -1.2983924619687763
18.8 2.159157723362455 -1.3082323784923013
18.85 2.160939868926154 -1.3180722950158268
18.9 2.162722014489851 -1.3279122115393542
18.95 2.164504160053547 -1.337752128062882
19.0 2.16628630561724 -1.3475920445864065
19.05 2.1680684511809294 -1.3574319611099337
19.1 2.169850596744617 -1.3672718776334625
19.15 2.1716327423083035 -1.3771117941569935
19.2 2.173414887871987 -1.3869517106805227
19.25 2.175197033435669 -1.3967916272040521
19.3 2.1769791789993485 -1.4066315437275718
19.35 2.1787613245630286 -1.4164714602511024
19.4 2.180543470126707 -1.4263113767746303
19.45 2.182325615690385 -1.4361512932981595
19.5 2.184107761254063 -1.445991209821692
19.55 2.1858899068177404 -1.4558311263452248
19.6 2.187672052381418 -1.4656710428687552
19.65 2.1894541979450945 -1.4755109593922877
19.7 2.1912363435087667 -1.485350875915816
19.75 2.193018489072434 -1.4951907924393404
19.8 2.1948006346361004 -1.505030708962868
19.85 2.196582780199766 -1.514870625486405
19.9 2.1983649257634266 -1.5247105420099332
19.95 2.200147071327084 -1.5345504585334617
20.0 2.2019292168907407 -1.5443903750569923
20.05 2.2037113624543965 -1.5542302915805262
20.1 2.205493508018052 -1.5640702081040598
20.15 2.207275653581708 -1.5739101246275924
20.2 2.209057799145363 -1.5837500411511225
20.25 2.2107561840224497 -1.5931274822941959
20.3 2.212360115062723 -1.6019834080046484
20.35 2.2138232567526432 -1.6100619804814977
20.4 2.2152350724041487 -1.6178571632617849
20.45 2.2164875643861794 -1.6247726575229744
20.5 2.217725264374229 -1.6316064804492396
20.55 2.21880257143578 -1.6375547109358881
20.6 2.2198201765024885 -1.643173304260826
20.65 2.220711249264904 -1.6480932633862801
20.7 2.2215078683606078 -1.6524917070819412
20.75 2.2222207264915936 -1.6564276745348836
20.8 2.2228248739071987 -1.659763407249867
20.85 2.223359517476683 -1.662715383040564
20.9 2.2237818860795215 -1.6650474442665881
20.95 2.224134964124896 -1.666996957677911
21.0 2.2243584651096873 -1.6682358207654027
21.05 2.224557939799073 -1.669356183588028
21.1 2.224624935423812 -1.6697467782068736
21.15 2.2246855758227175 -1.6701147241007301
21.2 2.2247662831228214 -1.6706262519581279
21.25 2.224848026978173 -1.6711748303433034
21.3 2.2249464192151494 -1.6718832955593583
21.35 2.225041870823731 -1.672634712581582
21.4 2.2251490805042344 -1.6735743299057442
21.45 2.225244849443819 -1.6745418547217168
21.5 2.225346696662169 -1.6757664112324833
21.55 2.2254469777952948 -1.677286240440599
21.6 2.2255326696901254 -1.6791024909014678
21.65 2.225589403814844 -1.6812159393579895
21.7 2.2256014294121864 -1.6835622363664962
21.75 2.225559318637935 -1.6858438074175413
21.8 2.2254642058530494 -1.6880200721119807
21.85 2.2253184350603488 -1.690086635121141
21.9 2.225125027377624 -1.6920390216468268
21.95 2.2248877366685638 -1.6938727332258678
22.0 2.2246111046781865 -1.6955833137773495
22.05 2.2243005535069864 -1.6971662309742377
22.1 2.22389340277959 -1.6986536446198912
22.15 2.22338640472008 -1.7001607920222377
22.2 2.2227560877059407 -1.702011944665206
22.25 2.2219656062689443 -1.7042257147144166
22.3 2.2208450523630106 -1.70701282620927
22.35 2.219566957605001 -1.7098761396188995
22.4 2.2178623111186098 -1.713351595790084
22.45 2.2159743786509427 -1.7168865269176745
22.5 2.2135896283788035 -1.7210216880113294
22.55 2.2110162073299797 -1.7251777657375147
22.6 2.2076842072639846 -1.730221014635043
22.65 2.2033465974115285 -1.7364087675963364
22.7 2.19807173960694 -1.7435375998512832
22.75 2.1926322738695854 -1.7505307482900005
22.8 2.187192986302693 -1.7572111231044614
22.85 2.1816058067161994 -1.763796176528296
22.9 2.175803731184096 -1.7703886185402709
22.95 2.169797961005159 -1.7769955044374228
23.0 2.1636000214009212 -1.7836249834810896
23.05 2.1572216839313803 -1.7902863533347626
23.1 2.1506749474062063 -1.796990068848262
23.15 2.1439720915930582 -1.8037476882229595
23.2 2.137126374605639 -1.8105711269091695
23.25 2.1301516375855716 -1.817472850074351
23.3 2.1230640585735214 -1.8244642254501793
23.35 2.1159437868110302 -1.8314857440396677
23.4 2.1088235150234667 -1.8385072625992291
23.45 2.101703243209758 -1.8455287811289212
23.5 2.0945829713690998 -1.8525502996287642
23.55 2.0874626995008763 -1.8595718180987428
23.6 2.080342427604624 -1.8665933365388414
23.65 2.073222155679984 -1.873614854949049
23.7 2.0661018837266867 -1.8806363733293396
23.75 2.058981611744517 -1.8876578916797009
23.8 2.051861339733312 -1.8946794100001183
23.85 2.044741067692944 -1.9017009282905823
23.9 2.0376207956233223 -1.9087224465510824
23.95 2.0305005235243767 -1.9157439647815997
24.0 2.0233802513960444 -1.9227654829821392
24.05 2.01625997923829 -1.9297870011527007
24.1 2.009139707051073 -1.9368085192932754
24.15 2.0020194348343603 -1.9438300374038262
24.2 1.9948991625881416 -1.9508515554844241
24.25 1.9877788903123819 -1.9578730735349994
24.3 1.9806586178600152 -1.9648945915471072
24.35 1.9735383450190565 -1.9719161095260136
24.4 1.9664180721789228 -1.9789376275042831
24.45 1.9592977993393241 -1.985959145482166
24.5 1.9521775265000694 -1.992980663459819
24.55 1.9450572536610466 -2.0000021814373294
24.6 1.9379369808221816 -2.0070236994147543
24.65 1.9308167079834297 -2.0140452173921246
24.7 1.9236964351447434 -2.0210667353694736
24.75 1.9165761623061228 -2.028088253346797
24.8 1.9094558894675273 -2.0351097713241226
24.85 1.9023356166289653 -2.042131289301439
24.9 1.8952153437904289 -2.0491528072787495
24.95 1.8880950709519115 -2.056174325256057
25.0 1.8809747981134013 -2.0631958432333697
25.05 1.873854525274889 -2.0702173612106867
25.1 1.8667342524363824 -2.077238879188002
25.15 1.859613979597883 -2.084260397165309
25.2 1.852493706759382 -2.0912819151426185
25.25 1.8453734339208807 -2.0983034331199257
25.3 1.8382531610823776 -2.105324951097231
25.35 1.8311328882438742 -2.1123464690745304
25.4 1.8240126154053589 -2.1193679870518407
25.45 1.8168923425668422 -2.1263895050291475
25.5 1.8097720697283286 -2.1334110230064494
25.55 1.8026517968898186 -2.1404325409837446
25.6 1.7955315240513112 -2.147454058961038
25.65 1.7884112512128079 -2.1544755769383235
25.7 1.7812909783743114 -2.1614970949156054
25.75 1.7741707055358134 -2.1685186128928886
25.8 1.767050432697313 -2.175540130870173
25.85 1.7599301598588162 -2.182561648847461
25.9 1.7528098870203184 -2.1895831668247525
25.95 1.7456896141818183 -2.1966046848020473
26.0 1.7386163350021546 -2.2035798608997355
26.05 1.7321824558738261 -2.209924505116074
26.1 1.7261373436156313 -2.2158857744631875
26.15 1.720441124758969 -2.2215029893861065
26.2 1.7150795586802903 -2.2267901929975276
26.25 1.7101024873643895 -2.231698234601185
26.3 1.7057448797592332 -2.235995404162456
26.35 1.7014734274811016 -2.2402076133228324
26.4 1.6979317792324433 -2.2437004070534727
26.45 1.695007009806626 -2.246592559400827
26.5 1.6924040773140356 -2.2491861401228608
26.55 1.6902462511707093 -2.2513658685516016
26.6 1.688506447019724 -2.2531554171858565
26.65 1.6871187784584425 -2.2546196695026883
26.7 1.6862406725991623 -2.255574313212206
26.75 1.6856475997637497 -2.2562450671203687
26.8 1.6856247385739187 -2.256280858863369
26.85 1.6856995611518677 -2.2561995953998513
26.9 1.6857412249708827 -2.2561572822982168
26.95 1.6857731075762565 -2.2561249017330303
27.0 1.6855354270962886 -2.2564691203897205
27.05 1.684782282442701 -2.2575690579821006
27.1 1.6838934990954195 -2.258911777590145
27.15 1.6825599179651156 -2.260978689007561
27.2 1.6811483459335885 -2.26327133815744
27.25 1.6794049503224224 -2.2657985225580157
27.3 1.6774846715818446 -2.268610857467615
27.35 1.6753276474742838 -2.2717853889423516
27.4 1.6729950171627346 -2.2755950712052995
27.45 1.6704284029686076 -2.279886027118974
27.5 1.6675650779407136 -2.284673034582373
27.55 1.6637803350815372 -2.2910005009771175
27.6 1.6591403931736195 -2.2987577192315003
27.65 1.6540071457766714 -2.3073396630788148
27.7 1.648873898393603 -2.315921606872169
27.75 1.6437406510177868 -2.3245035506234557
27.8 1.6386074036444065 -2.3330854943413533
27.85 1.6334741562699353 -2.341667438032247
27.9 1.6283409088917635 -2.350249381700879
27.95 1.62320766150794 -2.358831325350809
28.0 1.6180744141169943 -2.367413268984719
28.05 1.612941166381887 -2.3759952125773443
28.1 1.6078079186608434 -2.3845771561817455
28.15 1.602674670976091 -2.3931590998023102
28.2 1.5975414233278316 -2.401741043440505
28.25 1.5924081757162443 -2.4103229870974356
28.3 1.5872749281414738 -2.4189049307739428
28.35 1.5821416806036412 -2.4274868744706684
28.4 1.5770084331028518 -2.4360688181881107
28.45 1.571875185639186 -2.4446507619266398
28.5 1.5667419382127032 -2.4532327056865544
28.55 1.5616086908234534 -2.4618146494680744
28.6 1.556475443471489 -2.470396593271365
28.65 1.5513421961466651 -2.478978537404987
28.7 1.5462089488199426 -2.4875604819374235
28.75 1.5410757014937981 -2.4961424264686576
28.8 1.5359424541680031 -2.504724370999126
28.85 1.5308092068424228 -2.513306315529097
28.9 1.5256759595169684 -2.521888260058749
28.95 1.5205427121915909 -2.5304702045881857
29.0 1.5154094648662613 -2.539052149117476
29.05 1.5102762175409585 -2.5476340936466673
29.1 1.5051429702156753 -2.5562160381757866
29.15 1.5000097228904026 -2.5647979827048557
29.2 1.4948764755651338 -2.5733799272338955
29.25 1.4897432282398693 -2.5819618717629096
29.3 1.4846099809146078 -2.5905438162919023
29.35 1.4794767335893415 -2.599125760820893
29.4 1.4743434862640863 -2.6077077053498536
29.45 1.469210238938826 -2.6162896498788184
29.5 1.4640769916135632 -2.624871594407783
29.55 1.4589437442883062 -2.6334535389367364
29.6 1.4538104969630428 -2.642035483465691
29.65 1.4486772496377904 -2.6506174279946286
29.7 1.4435440023125286 -2.659199372523573
29.75 1.43841075498727 -2.6677813170525084
29.8 1.4332775076620126 -2.6763632615814394
29.85 1.4281442603367602 -2.684945206110364
29.9 1.4230110130115075 -2.693527150639291
29.95 1.4178777656862427 -2.7021090951682325
30.0 1.4127445183609768 -2.710691039697173
30.05 1.407611271035706 -2.71927298422612
30.1 1.4024780237104353 -2.727854928755067
30.15 1.3973447763851636 -2.736436873284008
30.2 1.3922115290598924 -2.745018817812943
30.25 1.3870782817346174 -2.7536007623418786
30.3 1.3819450344093402 -2.7621827068708136
30.35 1.3768117870840666 -2.770764651399742
30.4 1.3716785397587912 -2.77934659592867
30.45 1.3665452924335106 -2.7879285404576004
30.5 1.3614120451082286 -2.7965104849865305
30.55 1.3562787977829427 -2.8050924295154607
30.6 1.3511455504576544 -2.81367437404439
30.65 1.3460123031323639 -2.82225631857332
30.7 1.340879055807073 -2.830838263102247
30.75 1.3357458084817824 -2.8394202076311728
30.8 1.3306125611564894 -2.8480021521600967
30.85 1.3254793138311975 -2.8565840966890157
30.9 1.3203460665059046 -2.865166041217935
30.95 1.3152128191806092 -2.8737479857468538
31.0 1.3100795718553113 -2.8823299302757737
31.05 1.304946324530011 -2.8909118748046954
31.1 1.2998130772047105 -2.899493819333616
31.15 1.2946798298794067 -2.908075763862541
31.2 1.2895465825541021 -2.9166577083914644
31.25 1.2844133352287974 -2.9252396529203843
31.3 1.2792800879034933 -2.933821597449299
31.35 1.2741468405781842 -2.9424035419782144
31.4 1.2690135932528777 -2.950985486507123
31.45 1.2638803459275663 -2.959567431036035
31.5 1.2587470986022546 -2.968149375564944
31.55 1.2536138512769408 -2.976731320093853
31.6 1.2484806039516234 -2.9853132646227634
31.65 1.2433473566263007 -2.9938952091516775
31.7 1.2382141093009802 -3.0024771536805877
31.75 1.2330808619756564 -3.0110590982094974
31.8 1.2279476146503332 -3.0196410427384053
31.85 1.2228143673250116 -3.028222987267304
31.9 1.2176811199996878 -3.0368049317962034
31.95 1.212547872674364 -3.045386876325101
32.0 1.2074146253490359 -3.0539688208540055
32.05 1.2022813780237065 -3.0625507653829054
32.1 1.1971481306983758 -3.071132709911804
32.15 1.1920148833730413 -3.0797146544407057
32.2 1.1868816360477057 -3.0882965989696074
32.25 1.1817483887223716 -3.0968785434985038
32.3 1.1766151413970352 -3.1054604880274033
32.35 1.1714818940717002 -3.114042432556295
32.4 1.1663486467463635 -3.1226243770851907
32.45 1.1612153994210235 -3.131206321614088
32.5 1.1560821520956825 -3.1397882661429812
32.55 1.1509489047703396 -3.148370210671874
32.6 1.1458156574449945 -3.1569521552007664
32.65 1.1406824101196447 -3.165534099729662
32.7 1.1355491627942944 -3.1741160442585543
32.75 1.1304159154689386 -3.1826979887874485
32.8 1.1252826681435826 -3.1912799333163404
32.85 1.12014942081823 -3.1998618778452244
32.9 1.1150161734928745 -3.20844382237411
32.95 1.10988292616752 -3.2170257669029936
33.0 1.1047496788421631 -3.225607711431875
33.05 1.0996164315168053 -3.2341896559607552
33.1 1.0944831841914435 -3.242771600489635
33.15 1.089349936866078 -3.2513535450185187
33.2 1.0842166895407124 -3.259935489547399
33.25 1.0790834422153446 -3.2685174340762804
33.3 1.0739501948899768 -3.27709937860516
33.35 1.0688169475646074 -3.2856813231340367
33.4 1.063683700239241 -3.294263267662905
33.45 1.058550452913871 -3.3028452121917775
33.5 1.0534172055884972 -3.3114271567206512
33.55 1.048283958263121 -3.3200091012495268
33.6 1.043150710937743 -3.328591045778401
33.65 1.038017463612363 -3.3371729903072787
33.7 1.0328842162869794 -3.345754934836155
33.75 1.0277509689615945 -3.3543368793650274
33.8 1.0226177216362098 -3.362918823893895
33.85 1.017484474310823 -3.3715007684227647
33.9 1.0123512269854344 -3.3800827129516335
33.95 1.0072179796600476 -3.3886646574804975
34.0 1.0020847323346591 -3.397246602009361
34.05 0.9969514850092698 -3.4058285465382236
34.1 0.9918182376838742 -3.4144104910670934
34.15 0.9866849903584791 -3.4229924355959587
34.2 0.9815517430330805 -3.4315743801248253
34.25 0.9764184957076817 -3.440156324653688
34.3 0.9712852483822798 -3.448738269182552
34.35 0.966152001056878 -3.457320213711411
34.4 0.9610654661749519 -3.465824062768302
34.45 0.9564347633413426 -3.4735658356325727
34.5 0.9519431715193706 -3.4810750378611472
34.55 0.9478365732561489 -3.487940594165835
34.6 0.9439917706105604 -3.4943684713905743
34.65 0.9403984970930314 -3.5003758332484103
34.7 0.9371388846514687 -3.5058253688021757
34.75 0.9340666357446051 -3.51096166331702
34.8 0.931446112599443 -3.5153427467560703
34.85 0.9289580272369299 -3.519502416040096
34.9 0.9269031879501415 -3.522937769136745
34.95 0.9250911512552432 -3.525967196336186
35.0 0.9235563099181114 -3.528533198455193
35.05 0.9224680610865161 -3.530352571449564
35.1 0.9214645108370305 -3.5320303423291004
35.15 0.9209229528352468 -3.5329357382013993
35.2 0.9204281073835116 -3.5337630383671073
35.25 0.9203947411895097 -3.5338188211865518
35.3 0.9203947411895097 -3.5338188211865518
35.35 0.9203947411895097 -3.5338188211865518
35.4 0.9203906897903805 -3.5338255650841424
35.45 0.9202981773684129 -3.5339791777225082
35.5 0.9202087243683681 -3.5341258813908136
35.55 0.9200476646433945 -3.534387605856372
35.6 0.9198908885176338 -3.5346378648401533
35.65 0.9196577051901234 -3.5350037303566433
35.7 0.9194294710055024 -3.53535299042929
35.75 0.9191186972578695 -3.5358165402639625
35.8 0.9188088645046503 -3.536263971625434
35.85 0.9184137147347483 -3.536815572949175
35.9 0.9180940004052346 -3.537243375237297
35.95 0.9179686104256203 -3.53739799340555
36.0 0.9178935951949555 -3.537576809039702
36.05 0.9178939397474463 -3.537816262534165
36.1 0.9179029869281424 -3.5380325149591014
36.15 0.917979097364035 -3.538292336266558
36.2 0.9181379020379479 -3.538609438401174
36.25 0.9183196918018908 -3.5389019461787803
36.3 0.9185756723135361 -3.5391570187525745
36.35 0.9181487256160332 -3.5396245074483277
36.4 0.9173745771578096 -3.5404421200682092
36.45 0.9160135802929233 -3.5418781550965264
36.5 0.9142044084133369 -3.5437870268786518
36.55 0.9121407138867724 -3.5459644475640135
36.6 0.909547337903491 -3.5487007394104144
36.65 0.9067957450453141 -3.551603967167003
36.7 0.9034869548015418 -3.555095098366225
36.75 0.8998892472697526 -3.558891068527372
36.8 0.8952968388816288 -3.563736555575537
36.85 0.8892674110746894 -3.570098253394863
36.9 0.8823891161140597 -3.5773555978178417
36.95 0.8755101332717128 -3.584613668039234
37.0 0.8686311504639311 -3.591871738233049
37.05 0.8617521676834832 -3.5991298084075467
37.1 0.854873184925082 -3.6063878785687966
37.15 0.847994202184833 -3.6136459487212926
37.2 0.8411152194598158 -3.6209040188684063
37.25 0.83423623674784 -3.628162089012684
37.3 0.8273572540472395 -3.635420159156059
37.35 0.8204782713567469 -3.6426782293000097
37.4 0.8135992886753964 -3.649936299445661
37.45 0.8067203060024393 -3.6571943695938884
37.5 0.7998413233373021 -3.664452439745363
37.55 0.792962340679541 -3.6717105099006027
37.6 0.7860833580288186 -3.6789685800600047
37.65 0.7792043753848708 -3.6862266502238783
37.7 0.7723253927474979 -3.693484720392458
37.75 0.7656522878572238 -3.7005246983702897
37.8 0.7593321127140834 -3.70717292913126
37.85 0.7533464067107991 -3.713423286400942
37.9 0.747573112052642 -3.719380907430485
37.95 0.7421823869155991 -3.724856718654415
38.0 0.7369337000747977 -3.7300805608507006
38.05 0.7321245032177517 -3.734752228468737
38.1 0.7273896504687839 -3.739220321682252
38.15 0.7231407319033897 -3.743099773784043
38.2 0.7189294533938083 -3.7468025375772136
38.25 0.7154375511613739 -3.7497487012709616
38.3 0.7130355630198106 -3.751681088973669
38.35 0.711700843582465 -3.752697628751718
38.4 0.7105588158351019 -3.753513628044381
38.45 0.7091895405603671 -3.7544335814978846
38.5 0.7077621874510925 -3.7553293654262405
38.55 0.7064356073619416 -3.7560993770341486
38.6 0.7052146985124954 -3.756749125476486
38.65 0.7041044042842042 -3.757285218549611
38.7 0.7031025051404919 -3.75771853662174
38.75 0.7021336147141206 -3.7580633722195915
38.8 0.700686056386938 -3.758455424041362
38.85 0.6992171325178108 -3.758875212694681
38.9 0.6969055992840626 -3.7594364848850996
38.95 0.6943547807022746 -3.7599675463181828
39.0 0.6913734947895197 -3.7604935664273142
39.05 0.6877957592068623 -3.760950625708345
39.1 0.6838798754163866 -3.7613402120299466
39.15 0.6793359403442331 -3.7616193794960684
39.2 0.6742826130423576 -3.761697955915054
39.25 0.6678142508023727 -3.761554790250519
39.3 0.6598974712287498 -3.7611194721836836
39.35 0.6514541189919707 -3.7603892812391173
39.4 0.6433363971978995 -3.7594349986633135
39.45 0.6354398760677054 -3.758270297750478
39.5 0.6274911154839063 -3.7568706292291316
39.55 0.6194773566520044 -3.755240692780673
39.6 0.6113996480880156 -3.7533877623642127
39.65 0.6032585079072461 -3.751319757509105
39.7 0.5950538911154739 -3.749045228871248
39.75 0.586785124739337 -3.746573332565335
39.8 0.5784508356943809 -3.743913801408869
39.85 0.5700488991090376 -3.7410769234478107
39.9 0.5615764269197288 -3.738073535719666
39.95 0.5530298018660578 -3.734915035212453
40.0 0.5444047467479599 -3.7316134021993808
40.05 0.5356964089545827 -3.728181226769017
40.1 0.5268994396686959 -3.724631729599357
40.15 0.5180080553809955 -3.7209787726271433
40.2 0.5090160821531037 -3.7172368617719003
40.25 0.4999169947805736 -3.7134211489426643
40.3 0.49071626994903367 -3.7095522700317565
40.35 0.48149825463609486 -3.705675650582982
40.4 0.4722802393365716 -3.7017990311077438
40.45 0.46306222405007147 -3.6979224116056124
40.5 0.45384420877631476 -3.694045792076262
40.55 0.4446261935150964 -3.6901691725194516
40.6 0.4354081781212855 -3.686292552931444
40.65 0.42619016212963023 -3.6824159332812965
40.7 0.4169721461949121 -3.67853931340833
40.75 0.4077541302995398 -3.674662693357178
40.8 0.3985361144052225 -3.6707860733066013
40.85 0.38931809851156796 -3.666909453256407
40.9 0.3801000826183333 -3.663032833206468
40.95 0.3708820667253657 -3.659156213156704
41.0 0.3616640508325717 -3.6552795931070614
41.05 0.35244603493988774 -3.651402973057502
41.1 0.34322801904728106 -3.647526353008004
41.15 0.33401000315472107 -3.6436497329585484
41.2 0.32479198726219494 -3.639773112909125
41.25 0.31557397136969495 -3.635896492859727
41.3 0.30635595547721217 -3.6320198728103485
41.35 0.29713793958474255 -3.628143252760984
41.4 0.28791992369226915 -3.6242666327116204
41.45 0.2787019077998207 -3.6203900126622783
41.5 0.26948389190736083 -3.616513392612931
41.55 0.26026587601490786 -3.612636772563589
41.6 0.2510478601224633 -3.6087601525142583
41.65 0.24182984423003112 -3.6048835324649326
41.7 0.2326118283375856 -3.6010069124156048
41.75 0.22339381244513376 -3.5971302923662756
41.8 0.2141757965526843 -3.5932536723169464
41.85 0.20495778066022696 -3.589377052267612
41.9 0.19573976476777644 -3.58550043221828
41.95 0.18652174887533637 -3.5816238121689525
42.0 0.17730373298289856 -3.577747192119628
42.05 0.1680857170904536 -3.573870572070299
42.1 0.15886770119802032 -3.569993952020968
42.15 0.14964968530558778 -3.566117331971635
42.2 0.1404316694131479 -3.562240711922297
42.25 0.13121365352070868 -3.5583640918729564
42.3 0.12199563762827073 -3.5544874718236152
42.35 0.11277762173583239 -3.5506108517742723
42.4 0.10355960584339476 -3.546734231724929
42.45 0.09434158995096045 -3.542857611675585
42.5 0.08512357405852389 -3.538980991626237
42.55 0.07590555816609953 -3.5351043715768955
42.6 0.06668754227367228 -3.5312277515275516
42.65 0.057469526381235495 -3.527351131478204
42.7 0.04825151048880013 -3.523474511428853
42.75 0.039033494596365556 -3.5195978913795014
42.8 0.029815478703928002 -3.515721271330146
42.85 0.020597462811498095 -3.5118446512807897
42.9 0.011379446919067105 -3.507968031231431
42.95 0.002161431026639283 -3.5040914111820736
43.0 -0.007056584865780166 -3.500214791132715
43.05 -0.016274600758208215 -3.4963381710833503
43.1 -0.025492616650638143 -3.492461551033983
43.15 -0.03471063254306156 -3.4885849309846177
43.2 -0.04392864843548451 -3.484708310935251
43.25 -0.05314666432791014 -3.480831690885881
43.3 -0.06236468022034216 -3.4769550708365053
43.35 -0.07158269611276666 -3.4730784507871304
43.4 -0.08080071200518713 -3.4692018307377577
43.45 -0.09001872789760672 -3.46532521068838
43.5 -0.09923674379002313 -3.461448590639002
43.55 -0.10845475968243481 -3.457571970589624
43.6 -0.11767277557484737 -3.4536953505402463
43.65 -0.12689079146726465 -3.4498187304908665
43.7 -0.13610880735968037 -3.4459421104414854
43.75 -0.1453268232520998 -3.4420654903920997
43.8 -0.15454483914452524 -3.4381888703427106
43.85 -0.1637628550369424 -3.434312250293322
43.9 -0.1729808709293595 -3.430435630243933
43.95 -0.182198886821775 -3.4265590101945436
44.0 -0.19141690271419104 -3.4226823901451526
44.05 -0.2006349186066072 -3.4188057700957577
44.1 -0.20985293449901773 -3.4149291500463623
44.15 -0.21907095039142715 -3.411052529996965
44.2 -0.22828896628383571 -3.407175909947564
44.25 -0.23750698217624783 -3.4032992898981593
44.3 -0.24672499806866346 -3.3994226698487497
44.35 -0.2559430139610763 -3.3955460497993397
44.4 -0.26516102985348333 -3.3916694297499306
44.45 -0.2743790457458898 -3.38779280970052
44.5 -0.28359706163829346 -3.383916189651109
44.55 -0.29281507753068864 -3.380039569601702
44.6 -0.3020330934230918 -3.3761629495522913
44.65 -0.31125110931549727 -3.372286329502878
44.7 -0.3204691252078993 -3.3684097094534633
44.75 -0.32968714110030317 -3.3645330894040457
44.8 -0.33890515699270857 -3.3606564693546264
44.85 -0.3481231728851094 -3.356779849305206
44.9 -0.35734118877751075 -3.352903229255781
44.95 -0.36655920466991154 -3.3490266092063585
45.0 -0.37577722056230867 -3.3451499891569343
45.05 -0.38499523645470884 -3.3412733691075043
45.1 -0.39421325234710675 -3.3373967490580734
45.15 -0.40343126823949355 -3.3335201290086474
45.2 -0.4126492841318874 -3.329643508959216
45.25 -0.42186730002428485 -3.3257668889097816
45.3 -0.431085315916683 -3.3218902688603453
45.35 -0.4403033318090785 -3.3180136488109118
45.4 -0.44952134770147095 -3.3141370287614746
45.45 -0.45873936359386563 -3.3102604087120366
45.5 -0.4679573794862577 -3.3063837886625986
45.55 -0.47717539537865356 -3.3025071686131575
45.6 -0.4863934112710504 -3.2986305485637093
45.65 -0.4956114271634374 -3.2947539285142637
45.7 -0.5048294430558233 -3.2908773084648195
45.75 -0.5140474589482145 -3.287000688415369
45.8 -0.5232654748406045 -3.283124068365916
45.85 -0.5324834907329922 -3.2792474483164646
45.9 -0.5417015066253777 -3.2753708282670133
45.95 -0.5509195225177721 -3.271494208217556
46.0 -0.5601375384101601 -3.267617588168099
46.05 -0.5693555543025445 -3.263740968118644
46.1 -0.5785735701949251 -3.259864348069188
46.15 -0.5877915860873121 -3.2559877280197265
46.2 -0.5970096019796994 -3.252111107970262
46.25 -0.6062276178720806 -3.248234487920793
46.3 -0.6154456337644626 -3.244357867871324
46.35 -0.6246636496568428 -3.2404812478218536
46.4 -0.6338816655492298 -3.236604627772376
46.45 -0.6430996814416159 -3.2327280077228986
46.5 -0.6523176973339957 -3.2288513876734206
46.55 -0.6615357132263725 -3.2249747676239435
46.6 -0.670753729118747 -3.2210981475744664
46.65 -0.6799717450111131 -3.2172215275249925
46.7 -0.6891897609034916 -3.2133449074755127
46.75 -0.6984077767958655 -3.209468287426033
46.8 -0.7076257926882425 -3.20559166737655
46.85 -0.7168438085806189 -3.201715047327066
46.9 -0.7260618244729997 -3.1978384272775795
46.95 -0.7352798403653801 -3.193961807228086
47.0 -0.7444978562577521 -3.1900851871785947
47.05 -0.7537158721501247 -3.1862085671291003
47.1 -0.7629338880424932 -3.182331947079605
47.15 -0.7721519039348665 -3.1784553270301052
47.2 -0.7813699198272258 -3.1745787069806113
47.25 -0.7905879357195869 -3.1707020869311155
47.3 -0.7998059516119553 -3.166825466881615
47.35 -0.809023967504323 -3.162948846832113
47.4 -0.8182419833966944 -3.159072226782606
47.45 -0.8274599992890562 -3.1551956067331015
47.5 -0.8366780151814195 -3.1513189866835956
47.55 -0.8458960310737867 -3.147442366634083
47.6 -0.8551140469661495 -3.14356574658457
47.65 -0.8643320628585162 -3.139689126535055
47.7 -0.8735500787508842 -3.1358125064855358
47.75 -0.882768094643237 -3.1319358864360214
47.8 -0.8919861105356005 -3.128059266386502
47.85 -0.9012041264279628 -3.124182646336983
47.9 -0.9104221423203241 -3.1203060262874613
47.95 -0.9196401582126814 -3.116429406237941
48.0 -0.9288581741050403 -3.1125527861884192
48.05 -0.9380761899973971 -3.1086761661388955
48.1 -0.9472942058897568 -3.1047995460893714
48.15 -0.9565122217821166 -3.1009229260398428
48.2 -0.9657302376744692 -3.097046305990315
48.25 -0.9749482535668298 -3.0931696859407825
48.3 -0.9841662694591838 -3.089293065891247
48.35 -0.9933842853515349 -3.0854164458417106
48.4 -1.002602301243888 -3.081539825792169
48.45 -1.0118203171362417 -3.0776632057426268
48.5 -1.0210383330286001 -3.07378658569308
48.55 -1.030256348920951 -3.0699099656435354
48.6 -1.039474364813302 -3.0660333455939894
48.65 -1.0486923807056496 -3.0621567255444444
48.7 -1.0579103965979888 -3.0582801054948994
48.75 -1.0671284124903364 -3.05440348544535
48.8 -1.0763464283826838 -3.0505268653957995
48.85 -1.0855644442750285 -3.0466502453462487
48.9 -1.094782460167374 -3.042773625296692
48.95 -1.1040004760597204 -3.038897005247135
49.0 -1.1132184919520716 -3.0350203851975706
49.05 -1.1224365078444187 -3.0311437651480073
49.1 -1.1316545237367603 -3.027267145098443
49.15 -1.1408725396291006 -3.0233905250488786
49.2 -1.1500905555214371 -3.0195139049993136
49.25 -1.159308571413769 -3.0156372849497495
49.3 -1.1685265873061068 -3.011760664900182
49.35 -1.1777446031984404 -3.007884044850612
49.4 -1.1869626190907796 -3.0040074248010398
49.45 -1.1961806349831203 -3.0001308047514645
49.5 -1.205398650875457 -2.9962541847018853
49.55 -1.214616666767791 -2.992377564652308
49.6 -1.2238346826601272 -2.9885009446027264
49.65 -1.2330526985524581 -2.984624324553146
49.7 -1.2422707144447915 -2.9807477045035604
49.75 -1.2514887303371287 -2.976871084453972
49.8 -1.2607067462294523 -2.972994464404389
49.85 -1.2699247621217802 -2.9691178443548036
49.9 -1.2791427780141111 -2.965241224305216
49.95 -1.28836079390644 -2.9613646042556274
50.0 -1.2975788097987706 -2.957487984206037
50.05 -1.3067968256911071 -2.9536113641564414
50.1 -1.3160148415834385 -2.9497347441068458
50.15 -1.3252328574757657 -2.9458581240572514
50.2 -1.334450873368092 -2.941981504007655
50.25 -1.3436688892604236 -2.9381048839580517
50.3 -1.352886905152745 -2.9342282639084516
50.35 -1.3621049210450606 -2.9303516438588506
50.4 -1.3713229369373865 -2.9264750238092434
50.45 -1.3805409528297097 -2.922598403759635
50.5 -1.3897589687220386 -2.918721783710024
50.55 -1.3989769846143647 -2.914845163660413
50.6 -1.408195000506686 -2.910968543610802
50.65 -1.4174130163990057 -2.9070919235611905
50.7 -1.4266310322913291 -2.903215303511578
50.75 -1.4358490481836486 -2.8993386834619628
50.8 -1.4450670640759697 -2.895462063412345
50.85 -1.4542850799682863 -2.8915854433627284
50.9 -1.4635030958606032 -2.887708823313108
50.95 -1.4727211117529198 -2.883832203263486
51.0 -1.4819391276452387 -2.8799555832138597
51.05 -1.4911571435375566 -2.876078963164231
51.1 -1.5003751594298718 -2.8722023431146027
51.15 -1.5095931753221885 -2.8683257230649724
51.2 -1.5188111912145061 -2.864449103015341
51.25 -1.5280292071068162 -2.86057248296571
51.3 -1.5372472229991192 -2.856695862916082
51.35 -1.5464652388914306 -2.8528192428664485
51.4 -1.5556832547837416 -2.848942622816814
51.45 -1.5649012706760517 -2.8450660027671777
51.5 -1.5741192865683615 -2.841189382717539
51.55 -1.583337302460674 -2.837312762667898
51.6 -1.592555318352987 -2.8334361426182513
51.65 -1.6017733342452944 -2.8295595225686045
51.7 -1.6109913501376028 -2.825682902518956
51.75 -1.620209366029908 -2.8218062824693066
51.8 -1.6294273819222171 -2.8179296624196533
51.85 -1.6386453978145246 -2.8140530423699994
51.9 -1.64786341370682 -2.8101764223203487
51.95 -1.6570814295991245 -2.8062998022706958
52.0 -1.6662994454914295 -2.80242318222104
52.05 -1.6755174613837358 -2.7985465621713823
52.1 -1.6847354772760437 -2.7946699421217223
52.15 -1.693953493168349 -2.7907933220720613
52.2 -1.703171509060652 -2.786916702022399
52.25 -1.7123895249529526 -2.783040081972738
52.3 -1.7216075408452485 -2.7791634619230736
52.35 -1.7308255567375397 -2.7752868418734082
52.4 -1.739959688936133 -2.7714454989865547
52.45 -1.7482752618336126 -2.7679483996977186
52.5 -1.7564608607652035 -2.7645059608022047
52.55 -1.7633136840006536 -2.7616212200851327
52.6 -1.769943469070455 -2.758815172870178
52.65 -1.7758672885068831 -2.756281564166256
52.7 -1.781640526561119 -2.7537738849893887
52.75 -1.7866942272421744 -2.7515332467287816
52.8 -1.7914308666692853 -2.7493809525724275
52.85 -1.7956860792617808 -2.747388136323743
52.9 -1.7994668287540656 -2.7455579560327243
52.95 -1.8029128312996876 -2.7438236979645017
53.0 -1.8055765815083995 -2.7424269656966413
53.05 -1.8070564970303766 -2.7416130891373847
53.1 -1.8083136168722174 -2.740883368045993
53.15 -1.809776421342069 -2.739990001952893
53.2 -1.8114347369471102 -2.738920824254438
53.25 -1.8131161444905035 -2.7377728999882414
53.3 -1.8146488848913591 -2.7366595235656095
53.35 -1.8160331501378912 -2.7355862694070336
53.4 -1.8172698021356415 -2.7345594704640135
53.45 -1.8183604807458607 -2.733586170282769
53.5 -1.819307718442631 -2.7326740566052306
53.55 -1.8201150594883526 -2.731831373320916
53.6 -1.8210074450278402 -2.7308520105428093
53.65 -1.8219423083568316 -2.729701293306547
53.7 -1.8229776922367267 -2.72829567123254
53.75 -1.8242050230914963 -2.7264824500583242
53.8 -1.8256103849756182 -2.7242046099491035
53.85 -1.8271185748322556 -2.721542028196065
53.9 -1.8288594146291925 -2.7181854364272735
53.95 -1.8305820234294785 -2.7145828235554985
54.0 -1.8324871499462445 -2.7102461685219463
54.05 -1.8343314353829487 -2.7057049249210063
54.1 -1.8364087780254241 -2.699947864585796
54.15 -1.8388255051252989 -2.6925909741098693
54.2 -1.8414707645408426 -2.68400714701883
54.25 -1.8440548983895368 -2.6755890562212348
54.3 -1.8465701470992808 -2.667373271429607
54.35 -1.8490155255275005 -2.6590921353647112
54.4 -1.8513410488137598 -2.650667544658955
54.45 -1.8534298169970784 -2.6421088588841695
54.5 -1.8552964116167823 -2.6334221272741063
54.55 -1.8569612675535283 -2.624612771259588
54.6 -1.85844413719258 -2.6156857308446293
54.65 -1.8597640734767675 -2.606645452403802
54.7 -1.8609394293251695 -2.597495865975638
54.75 -1.861987874763318 -2.5882403723355365
54.8 -1.8629264276018633 -2.5788818553379285
54.85 -1.863771490245445 -2.569422724482641
54.9 -1.8645388851801625 -2.5598649808752536
54.95 -1.8652438843423846 -2.5502102916193468
55.0 -1.865901231222465 -2.540460056136425
55.05 -1.8665251582205653 -2.5306154540308934
55.1 -1.8671294043098932 -2.520677502811223
55.15 -1.8677284322490044 -2.5106954614030177
55.2 -1.8683274600245885 -2.5007134200439864
55.25 -1.8689264878084173 -2.4907313786845835
55.3 -1.869525515599403 -2.480749337325642
55.35 -1.8701245433969516 -2.470767295967543
55.4 -1.8707235712006494 -2.46078525461041
55.45 -1.8713225990102031 -2.4508032132542525
55.5 -1.8719216268254029 -2.4408211718990036
55.55 -1.8725206546460953 -2.4308391305445882
55.6 -1.8731196824721679 -2.420857089190929
55.65 -1.8737187103035364 -2.41087504783795
55.7 -1.8743177381401406 -2.4008930064855547
55.75 -1.8749167659819292 -2.3909109651337155
55.8 -1.8755157938288678 -2.380928923782384
55.85 -1.8761148216809296 -2.3709468824315127
55.9 -1.8767138495380933 -2.360964841081061
55.95 -1.8773128774003445 -2.350982799731006
56.0 -1.8779119052676692 -2.3410007583813046
56.05 -1.8785109331400576 -2.3310187170319545
56.1 -1.8791099610175253 -2.3210366755388825
56.15 -1.879708988897112 -2.3110546333783355
56.2 -1.8803080167765833 -2.3010725912194983
56.25 -1.88090704465598 -2.291090549061735
56.3 -1.8815060725353294 -2.2811085069046504
56.35 -1.882105100414647 -2.271126464747996
56.4 -1.8827041282939436 -2.261144422591625
56.45 -1.8833031561732263 -2.251162380435435
56.5 -1.8839021840524999 -2.241180338279368
56.55 -1.8845012119317668 -2.2311982961233796
56.6 -1.8851002398110304 -2.22121625396745
56.65 -1.8856992676902862 -2.2112342118115578
56.7 -1.8862982955695418 -2.2012521696556964
56.75 -1.8868973234487973 -2.191270127499853
56.8 -1.887496351328053 -2.1812880853440175
56.85 -1.8880953792073085 -2.171306043188194
56.9 -1.888694407086563 -2.1613240010323866
56.95 -1.8892934349658161 -2.151341958876591
57.0 -1.8898924628450706 -2.1413599167207757
57.05 -1.8904914907243262 -2.1313778745649894
57.1 -1.891090518603574 -2.1213958324091866
57.15 -1.8916895464828296 -2.1114137902533767
57.2 -1.8922885743620852 -2.1014317480975797
57.25 -1.8928876022413408 -2.0914497059418005
57.3 -1.8934866301205922 -2.0814676637860154
57.35 -1.894085657999838 -2.071485621630228
57.4 -1.8946846858790827 -2.061503579474435
57.45 -1.895283713758327 -2.051521537318651
57.5 -1.8958827416375708 -2.041539495162856
57.55 -1.8964817695168101 -2.03155745300706
57.6 -1.8970807973960486 -2.0215754108512627
57.65 -1.8976798252752858 -2.0115933686954652
57.7 -1.898278853154522 -2.0016113265396656
57.75 -1.8988778810337563 -1.9916292843838703
57.8 -1.8994769089129897 -1.9816472422280746
57.85 -1.9000759367922218 -1.9716652000722859
57.9 -1.9006749646714505 -1.9616831579164973
57.95 -1.9012739925506779 -1.9517011157607074
58.0 -1.9018730204299046 -1.9417190736049121
58.05 -1.9024720483091297 -1.9317370314491258
58.1 -1.903071076188354 -1.92175498929333
58.15 -1.9036701040675765 -1.911772947137534
58.2 -1.9042691319467975 -1.9017909049817332
58.25 -1.9048681598260147 -1.891808862825936
58.3 -1.9054671877052314 -1.881826820670135
58.35 -1.9060662155844454 -1.87184477851434
58.4 -1.9066652434636577 -1.8618627363585472
58.45 -1.907264271342868 -1.8518806942027553
58.5 -1.9078632992220734 -1.841898652046965
58.55 -1.9084623271012777 -1.8319166098911763
58.6 -1.9090613549804822 -1.8219345677353835
58.65 -1.9096603828596854 -1.8119525255795896
58.7 -1.910259410738887 -1.8019704834237855
58.75 -1.9108584386180871 -1.7919884412679867
58.8 -1.9114574664972854 -1.782006399112189
58.85 -1.9120564943764806 -1.7720243569563932
58.9 -1.9126555222556736 -1.7620423148006008
58.95 -1.9132545501348663 -1.7520602726447998
59.0 -1.9138535780140564 -1.7420782304890072
59.05 -1.9144526058932452 -1.732096188333218
59.1 -1.9150516337724328 -1.7221141461774283
59.15 -1.9156506616516178 -1.71213210402163
59.2 -1.9162496895308012 -1.7021500618658325
59.25 -1.9168487174099829 -1.6921680197100384
59.3 -1.9174477452891627 -1.6821859775542387
59.35 -1.9180467731683406 -1.6722039353984361
59.4 -1.9186458010475174 -1.6622218932426396
59.45 -1.9192448289266897 -1.6522398510868501
59.5 -1.9198438568058611 -1.6422578089310593
59.55 -1.920442884685032 -1.632275766775266
59.6 -1.921041912564201 -1.622293724619476
59.65 -1.9216409404433692 -1.6123116824636774
59.7 -1.922239968322536 -1.60232964030788
59.75 -1.922838996201702 -1.5923475981520756
59.8 -1.9234380240808662 -1.5823655559962757
59.85 -1.9240370519600274 -1.5723835138404725
59.9 -1.9246360798391866 -1.5624014716846724
59.95 -1.9252351077183438 -1.5524194295288778
60.0 -1.9258341355975 -1.5424373873730792
60.05 -1.9264331634766554 -1.5324553452172798
60.1 -1.9270321913558062 -1.5224733030614828
60.15 -1.9276312192349554 -1.5124912609056846
60.2 -1.9282302471141033 -1.5025092187498823
60.25 -1.9288292749932492 -1.4925271765940848
60.3 -1.9294283028723942 -1.4825451344382827
60.35 -1.9300273307515377 -1.4725630922824775
60.4 -1.9306263586306769 -1.4625810501266745
60.45 -1.9312253865098152 -1.4525990079708742
60.5 -1.931824414388951 -1.4426169658150827
60.55 -1.9324234422680866 -1.432634923659286
60.6 -1.9330224701472207 -1.4226528815034865
60.65 -1.933621498026354 -1.4126708393476881
60.7 -1.934220525905483 -1.402688797191886
60.75 -1.934819553784611 -1.3927067550360825
60.8 -1.9354185816637381 -1.3827247128802775
60.85 -1.9360176095428627 -1.3727426707244743
60.9 -1.9366166374219858 -1.3627606285686698
60.95 -1.9372156653011077 -1.3527785864128679
61.0 -1.9378146931802267 -1.342796544257072
61.05 -1.9384137210593437 -1.3328145021012763
61.1 -1.9390127489384592 -1.3228324599454784
61.15 -1.9396117768175738 -1.312850417789678
61.2 -1.940210804696687 -1.302868375633875
61.25 -1.9408098325757992 -1.2928863334780698
61.3 -1.9414088604549091 -1.2829042913222606
61.35 -1.9420078883340153 -1.2729222491664554
61.4 -1.9426069162131208 -1.2629402070106464
61.45 -1.9432059440922238 -1.2529581648548445
61.5 -1.9438049719713248 -1.2429761226990412
61.55 -1.9444039998504248 -1.2329940805432433
61.6 -1.9450030277295214 -1.2230120383874472
61.65 -1.945602055608616 -1.2130299962316493
61.7 -1.9462010834877093 -1.203047954075849
61.75 -1.9468001113668028 -1.1930659119200429
61.8 -1.947399139245895 -1.1830838697642332
61.85 -1.9479981671249846 -1.1731018276084246
61.9 -1.9485971950040735 -1.1631197854526203
61.95 -1.9491962228831612 -1.1531377432968162
62.0 -1.9497952507622462 -1.1431557011410103
62.05 -1.9503942786413295 -1.1331736589852135
62.1 -1.9509933065204121 -1.1231916168294143
62.15 -1.9515923343994939 -1.1132095746736095
62.2 -1.9521913622785734 -1.103227532517809
62.25 -1.9527903901576518 -1.093245490362007
62.3 -1.9533894180367297 -1.0832634482061974
62.35 -1.953988445915804 -1.0732814060503875
62.4 -1.954587473794876 -1.0632993638945798
62.45 -1.9551865016739463 -1.053317321738776
62.5 -1.9557855295530144 -1.0433352795829727
62.55 -1.956384557432082 -1.033353237427168
62.6 -1.956983585311146 -1.0233711952713642
62.65 -1.957582613190207 -1.0133891531155608
62.7 -1.958181641069267 -1.0034071109597615
62.75 -1.9587806689483247 -0.9934250688039605
62.8 -1.9593796968273818 -0.9834430266481542
62.85 -1.9599787247064375 -0.973460984492346
62.9 -1.9605777525854902 -0.9634789423365361
62.95 -1.9611767804645406 -0.9534969001807252
63.0 -1.9617758083435897 -0.9435148580249191
63.05 -1.9623748362226379 -0.9335328158691129
63.1 -1.962973864101684 -0.9235507737133088
63.15 -1.9635728919807292 -0.9135687315575076
63.2 -1.9641719198597727 -0.9035866894017021
63.25 -1.964770947738812 -0.8936046472458946
63.3 -1.9653699756178502 -0.8836226050900892
63.35 -1.9659690034968869 -0.8736405629342824
63.4 -1.9665680313759222 -0.8636585207784734
63.45 -1.9671670592549555 -0.8536764786226675
63.5 -1.9677660871339875 -0.8436944364668594
63.55 -1.9683651150130161 -0.8337123943110558
63.6 -1.9689641428920428 -0.823730352155254
63.65 -1.9695631707710684 -0.8137483099994514
63.7 -1.970162198650092 -0.8037662678436465
63.75 -1.9707612265291155 -0.7937842256878473
63.8 -1.9713602544081377 -0.7838021835320398
63.85 -1.9719592822871574 -0.77382014137623
63.9 -1.9725583101661741 -0.7638380992204207
63.95 -1.9731189294252394 -0.754492018597681
64.0 -1.973604945181632 -0.7462822687201187
64.05 -1.9740328945549805 -0.7387658974621443
64.1 -1.9744228665185246 -0.7314360123165937
64.15 -1.974743090034919 -0.7247455455257806
64.2 -1.9750039812311893 -0.7184154165857061
64.25 -1.9751985607240712 -0.7124837506107364
64.3 -1.9753205605504034 -0.7072067031518965
64.35 -1.9753788407270707 -0.7023400266598765
64.4 -1.9753762865242748 -0.6988056075088435
64.45 -1.9753419624771835 -0.6965819324879603
64.5 -1.9752756860100769 -0.6945118632885505
64.55 -1.9751603208193016 -0.6921499144516905
64.6 -1.974986403612989 -0.6895604358192411
64.65 -1.9747664835754462 -0.6870429697851161
64.7 -1.9745038308406138 -0.6846409922274477
64.75 -1.9742000182733705 -0.682358116824373
64.8 -1.9738573018333534 -0.6801980667984573
64.85 -1.9734786700897442 -0.6781646229930732
64.9 -1.9730678937757433 -0.6762615617449419
64.95 -1.9726295741369548 -0.674492581835406
65.0 -1.972169188617509 -0.6728612198725331
65.05 -1.971693132209935 -0.67137075353891
65.1 -1.9712087525681428 -0.6700240922367782
65.15 -1.9707243767416116 -0.6688236547690282
65.2 -1.97024932712645 -0.6677712338195215
65.25 -1.969793923933556 -0.6668678471429115
65.3 -1.9693810926607715 -0.6661340722757758
65.35 -1.9691329919086424 -0.6657360519910294
65.4 -1.9689255941506723 -0.6653738725137907
65.45 -1.9687950219459351 -0.6649297811956206
65.5 -1.968724433812639 -0.6644479912180894
65.55 -1.9686805471255964 -0.6639755709112052
65.6 -1.9687271264034536 -0.6634458226456748
65.65 -1.9682978837314593 -0.6626962098945998
65.7 -1.967753158004754 -0.6620451796825754
65.75 -1.9666067293755791 -0.6610506808230594
65.8 -1.9653400335610602 -0.6600139613491566
65.85 -1.9634339298470602 -0.6585318516688384
65.9 -1.961381484000754 -0.6570170136708151
65.95 -1.958676337556822 -0.6551109736949615
66.0 -1.955580025390556 -0.6530269773012788
66.05 -1.9521087717931025 -0.6507817822415344
66.1 -1.947855466068491 -0.6481342043747541
66.15 -1.9421914082534866 -0.6447250884256971
66.2 -1.9348672673806742 -0.6404476062586277
66.25 -1.9268278642441863 -0.635873503836372
66.3 -1.9186144411349735 -0.6313026670804696
66.35 -1.9102360296410288 -0.6267203111851181
66.4 -1.9017056155557919 -0.622112902629412
66.45 -1.8930389801877332 -0.6174686043147
66.5 -1.884249458850839 -0.6127737947922992
66.55 -1.8754283647671908 -0.608063350196477
66.6 -1.866607270682009 -0.6033529056232403
66.65 -1.8577861765926702 -0.5986424610728001
66.7 -1.8489650824971895 -0.5939320165453703
66.75 -1.8401439883940496 -0.5892215720411158
66.8 -1.8313228942820892 -0.5845111275601803
66.85 -1.8225018001604127 -0.5798006831026872
66.9 -1.81368070602834 -0.5750902386687288
66.95 -1.8048596118853382 -0.5703797942583814
67.0 -1.7960385177309985 -0.5656693498717088
67.05 -1.787217423565005 -0.5609589055087585
67.1 -1.7783963293871032 -0.5562484611695696
67.15 -1.7695752351971048 -0.5515380168541676
67.2 -1.7607541409948635 -0.5468275725625802
67.25 -1.7519330467802685 -0.5421171282948292
67.3 -1.7431119525532237 -0.5374066840509238
67.35 -1.7342908583136596 -0.532696239830881
67.4 -1.725469764061526 -0.5279857956347007
67.45 -1.7166486697967769 -0.5232753514623993
67.5 -1.7078275755193775 -0.5185649073139759
67.55 -1.699006481229316 -0.5138544631894298
67.6 -1.6901853869265446 -0.5091440190887819
67.65 -1.6813642926110879 -0.5044335750120192
67.7 -1.6725431982829015 -0.49972313095913806
67.75 -1.663722103941969 -0.49501268693015726
67.8 -1.6549010095882977 -0.49030224292508034
67.85 -1.646079915221904 -0.4855917989439199
67.9 -1.637258820842777 -0.4808813549866303
67.95 -1.6284377264508925 -0.47617091105323134
68.0 -1.6196166318970093 -0.4714604671461557
68.05 -1.6107955368145976 -0.46675002325745935
68.1 -1.6019744417335198 -0.46203957936938594
68.15 -1.5931533466532861 -0.457329135481694
68.2 -1.5843322515735805 -0.4526186915942299
68.25 -1.5755111564942224 -0.4479082477069091
68.3 -1.5666900614150894 -0.44319780381967483
68.35 -1.5578689663361016 -0.4384873599324921
68.4 -1.549047871257213 -0.43377691604534213
68.45 -1.5402267761783945 -0.4290664721582137
68.5 -1.5314056810996235 -0.42435602827109775
68.55 -1.5225845860208795 -0.4196455843839867
68.6 -1.513763490942166 -0.41493514049688446
68.65 -1.5049423958634647 -0.4102246966097834
68.7 -1.496121300784778 -0.40551425272268515
68.75 -1.487300205706091 -0.40080380883558464
68.8 -1.4784791106274295 -0.3960933649484934
68.85 -1.469658015548753 -0.3913829210613948
68.9 -1.460836920470087 -0.3866724771743007
68.95 -1.452015825391425 -0.38196203328720657
69.0 -1.4431947303127786 -0.3772515894001186
69.05 -1.434373635234133 -0.3725411455130305
69.1 -1.4255525401554636 -0.3678307016259281
69.15 -1.4167314450767974 -0.3631202577388284
69.2 -1.4079103499981322 -0.3584098138517294
69.25 -1.3990892549194744 -0.3536993699646338
69.3 -1.3902681598408169 -0.3489889260775409
69.35 -1.3814470647621586 -0.34427848219045093
69.4 -1.372625969683507 -0.3395680383033669
69.45 -1.3638048746048475 -0.33485759441627727
69.5 -1.3549837795261903 -0.3301471505291916
69.55 -1.3461626844475285 -0.3254367066421066
69.6 -1.3373415893688652 -0.3207262627550223
69.65 -1.3285204942902038 -0.3160158188679417
69.7 -1.3196993992115438 -0.31130537498086386
69.75 -1.3108783041328775 -0.3065949310937849
69.8 -1.3020572090542128 -0.3018844872067089
69.85 -1.2932361139755462 -0.2971740433196336
69.9 -1.2844150188968821 -0.2924635994325616
69.95 -1.2755939238182168 -0.2877531555454908
70.0 -1.2667728287395514 -0.28304271165842193
70.05 -1.257951733660883 -0.2783322677713551
70.1 -1.2491306385822134 -0.27362182388429074
70.15 -1.2403095435035394 -0.2689113799972264
70.2 -1.231488448424861 -0.2642009361101608
70.25 -1.2226673533461836 -0.25949049222309856
70.3 -1.2138462582675087 -0.25478004833603896
70.35 -1.205025163188832 -0.25006960444897997
70.4 -1.196204068110157 -0.24535916056192328
70.45 -1.1873829730314815 -0.24064871667486773
70.5 -1.1785618779528046 -0.2359382727878129
70.55 -1.1697407828741255 -0.23122782890075802
70.6 -1.160919687795451 -0.2265173850137064
70.65 -1.152098592716774 -0.22180694112665572
70.7 -1.1432774976380955 -0.2170964972396056
70.75 -1.1344564025594173 -0.21238605335255667
70.8 -1.1256353074807401 -0.2076756094655108
70.85 -1.1168142124020581 -0.20296516557846525
70.9 -1.1079931173233766 -0.1982547216914218
70.95 -1.0991720222446941 -0.19354427780438058
71.0 -1.0903509271660061 -0.18883383391733935
71.05 -1.0815298320873161 -0.1841233900302988
71.1 -1.072708737008628 -0.17941294614326075
71.15 -1.0638876419299377 -0.17470250225622325
71.2 -1.055066546851252 -0.16999205836919015
71.25 -1.0462454517725652 -0.16528161448215925
71.3 -1.0374243566938752 -0.16057117059512835
71.35 -1.0286032616151861 -0.15586072670809942
71.4 -1.0197821665364968 -0.15115028282107212
71.45 -1.0109610714578066 -0.1464398389340457
71.5 -1.0021399763791115 -0.141729395047019
71.55 -0.9933188813004208 -0.13701895115999702
71.6 -0.98449778622173 -0.13230850727297708
71.65 -0.9756766911430352 -0.12759806338595772
71.7 -0.9668555960643369 -0.12288761949893826
71.75 -0.9580345009856392 -0.11817717561192081
71.8 -0.9492134059069379 -0.11346673172490357
71.85 -0.9403923108282385 -0.10875628783788964
71.9 -0.9319505222999859 -0.1042483927905255
71.95 -0.9240115359675427 -0.10000899289634008
72.0 -0.9164871410076737 -0.0959909839048955
72.05 -0.9094390852374301 -0.09222733890245353
72.1 -0.9031584646801523 -0.08887350253872009
72.15 -0.8970763187560944 -0.08562565118287734
72.2 -0.8917704292353623 -0.08279231889384986
72.25 -0.8869452893265272 -0.08021570580652365
72.3 -0.8825347409755906 -0.07786048358481183
72.35 -0.8788387012390754 -0.07588680731331678
72.4 -0.8753102623942987 -0.07400262947942526
72.45 -0.8724963321708044 -0.07249999758726977
72.5 -0.8698500028410654 -0.07108686412712574
72.55 -0.867900539947634 -0.07004585571274392
72.6 -0.8661416127851077 -0.06910659287888118
72.65 -0.8651395355395882 -0.06857148609463387
72.7 -0.864289181171789 -0.06811739893655393
72.75 -0.8642318438579627 -0.06808678097186786
72.8 -0.8642318438579627 -0.06808678097186786
72.85 -0.8642318438579627 -0.06808678097186786
72.9 -0.8642318438579627 -0.06808678097186786
72.95 -0.8642318438579627 -0.06808678097186786
73.0 -0.8642318438579627 -0.06808678097186786
73.05 -0.8642318438579627 -0.06808678097186786
73.1 -0.8642318438579627 -0.06808678097186786
73.15 -0.8642318438579627 -0.06808678097186786
73.2 -0.8642318438579627 -0.06808678097186786
73.25 -0.8642318438579627 -0.06808678097186786
73.3 -0.8642318438579627 -0.06808678097186786
73.35 -0.8642318438579627 -0.06808678097186786
73.4 -0.8642318438579627 -0.06808678097186786
73.45 -0.8642318438579627 -0.06808678097186786
73.5 -0.8642318438579627 -0.06808678097186786
73.55 -0.8642318438579627 -0.06808678097186786
73.6 -0.8642318438579627 -0.06808678097186786
73.65 -0.8642318438579627 -0.06808678097186786
73.7 -0.8642318438579627 -0.06808678097186786
73.75 -0.8642318438579627 -0.06808678097186786
73.8 -0.8642318438579627 -0.06808678097186786
73.85 -0.8642318438579627 -0.06808678097186786
73.9 -0.8642318438579627 -0.06808678097186786
73.95 -0.8642318438579627 -0.06808678097186786
74.0 -0.8642318438579627 -0.06808678097186786
74.05 -0.8642318438579627 -0.06808678097186786
74.1 -0.8642318438579627 -0.06808678097186786
74.15 -0.8642318438579627 -0.06808678097186786
74.2 -0.8642318438579627 -0.06808678097186786
74.25 -0.8642318438579627 -0.06808678097186786
74.3 -0.8642318438579627 -0.06808678097186786
74.35 -0.8642318438579627 -0.06808678097186786
74.4 -0.8642318438579627 -0.06808678097186786
74.45 -0.8642318438579627 -0.06808678097186786
74.5 -0.8642318438579627 -0.06808678097186786
74.55 -0.8642318438579627 -0.06808678097186786
74.6 -0.8642318438579627 -0.06808678097186786
74.65 -0.8642318438579627 -0.06808678097186786
74.7 -0.8642318438579627 -0.06808678097186786
74.75 -0.8642318438579627 -0.06808678097186786
74.8 -0.8642318438579627 -0.06808678097186786
74.85 -0.8642318438579627 -0.06808678097186786
