5.048 0.9998549520649643 -0.4999999987300902
5.139 0.9839629243234841 -0.4999197045340618
5.233 0.9734976936687284 -0.49977138110775643
5.331 0.9797397226079737 -0.4998635011944488
5.42 0.9577071409912526 -0.49955634335271676
5.514 0.9636664340183321 -0.4996895569157014
5.629 0.9671101762312817 -0.499821209259597
5.715 0.9669651549720872 -0.49981271596555915
5.812 0.962190650580939 -0.4994944657682103
5.904 0.9586717917142722 -0.49928015443280394
5.952 0.9545537227047358 -0.4990344090150138
6.042 0.9594737643020649 -0.49936604577065935
6.12 0.9629582231997911 -0.499621613895299
6.231 0.9707487284745456 -0.5002752832799359
6.241 0.9709790307380197 -0.5002969688796427
6.339 0.9904958098546378 -0.5021125842425658
6.44 1.009960219184292 -0.5039292704059097
6.479 1.014861276410751 -0.5043844848726217
6.574 1.0299147388468513 -0.5056739154466895
6.667 1.0472473628349201 -0.5069707037541084
6.764 1.0773726900406098 -0.5091113358466127
6.786 1.0830816665263696 -0.5095283980015692
6.884 1.0920636368358843 -0.5101888003823691
6.9830000000000005 1.094381729447077 -0.5103580242460107
7.074 1.1074339482358597 -0.5112899007855165
7.11 1.113766676871139 -0.5117289342942329
7.204 1.1273135609066396 -0.5126262981934921
7.303 1.148499947560224 -0.5140379842969143
7.401 1.1594908833174482 -0.5147522678190122
7.442 1.1703466074544229 -0.5153890265205483
7.543 1.2061337796178784 -0.5174089622157221
7.641 1.2360013017752176 -0.51922321261675
7.741 1.233869013329892 -0.5190723310467581
7.832 1.2522361796354529 -0.520503155063938
7.846 1.2560142864580561 -0.520799268501109
7.942 1.2884612703563332 -0.5233333039458964
8.032 1.303643451202201 -0.5244173414862796
8.115 1.3224293710831214 -0.5256005706430825
8.209 1.3306771424781743 -0.5261358045059584
8.308 1.363278111067614 -0.5283140031789396
8.408 1.3799392790076286 -0.5293652613852631
8.482 1.3975881034644173 -0.5304830457230071
8.581 1.4273691169235463 -0.5328399880658902
8.678 1.4536122599233758 -0.5352781796374805
8.773 1.4750030064346749 -0.5372170377531269
8.797 1.4805496208633884 -0.5376996816055694
8.885 1.518474804645857 -0.5410614100084825
8.981 1.531214985162385 -0.5421173700444802
9.061 1.5541963137565133 -0.5438484996520426
9.114 1.5546373570304644 -0.5438817273003046
9.205 1.5862893171490278 -0.5463220772944686
9.305 1.6011928812841438 -0.5476414220879645
9.406 1.61825690944712 -0.549171717939217
9.508 1.6308734466458796 -0.5501792544169942
9.575 1.641336000273464 -0.5509925403930023
9.671 1.6586203644397006 -0.5523688018473795
9.767 1.687801589806159 -0.5545739306948779
9.862 1.702312807986402 -0.5554761231632352
9.887 1.710404993825361 -0.5559090580831895
9.983 1.7293287544960687 -0.556807079712948
10.077 1.7320154986857366 -0.5569411559128624
10.158 1.7482846403316328 -0.5578565337869862
10.227 1.7662511164291992 -0.5588370551865113
10.314 1.7853352113765517 -0.5597843904234521
10.407 1.81684256729097 -0.5611716285190331
10.507 1.8363326583675885 -0.5620255700631466
10.609 1.8542751855711477 -0.5629094092627439
10.678 1.861018323830254 -0.5632650685025995
10.776 1.8838444896801056 -0.5645209823870058
10.869 1.9110063250023912 -0.5662568677894039
10.933 1.9209891360211229 -0.5669966274572603
11.017 1.9369807500271958 -0.5684197585703781
11.125 1.9494137257932638 -0.5697591918873401
11.128 1.9496769036321542 -0.5697896979943775
11.231 1.9734561768730994 -0.5726126447368755
11.331 1.9995136763939014 -0.5755392548421505
11.431000000000001 2.0209986208162873 -0.5778071942221304
11.531 2.0338752427352813 -0.5791932403083648
11.594 2.043322093603036 -0.5801798635099298
11.695 2.0558784809730466 -0.5813559219579202
11.795 2.0635270531754824 -0.5819944523753444
11.895 2.095564751543372 -0.5843766196087359
11.991 2.12105663927276 -0.5858898902420787
12.083 2.134151514848038 -0.5865832247844077
12.184 2.15920980048361 -0.5879604824032681
12.283 2.1635310883963834 -0.5882267718357428
12.375 2.1640982293125477 -0.5882668463337524
12.469 2.1641533363259593 -0.5882708990205194
12.567 2.1778112681904163 -0.5893843636669336
12.664 2.1634647627557184 -0.5880669751630208
12.687 2.165795200883734 -0.5882847587755615
12.787 2.1830187130154286 -0.5899240209692227
12.878 2.1861698127841023 -0.5902190432880109
12.976 2.214354810625245 -0.5926436439153542
13.073 2.2265413700058043 -0.593661751570244
13.159 2.2338428935497148 -0.5942591407192248
13.262 2.2438592722390247 -0.5951082266927508
13.363 2.2567806245388695 -0.5962584069874163
13.461 2.252226430343644 -0.5958683748582932
13.561 2.267182731570292 -0.5971064559580497
13.66 2.264529059378289 -0.5968944856448184
13.76 2.262316497562914 -0.5967113629350344
13.857 2.2587154991660734 -0.5964105122349941
13.915 2.2621311429634683 -0.5966707471788796
14.004 2.252891957877078 -0.5959975918904474
14.096 2.2464670327285896 -0.5954639206258516
14.184 2.253397579327113 -0.5962038055529113
14.28 2.2614088194245006 -0.5973237909791403
14.379 2.2736354515453505 -0.599665804765895
14.447 2.277812287897751 -0.6006832707732058
14.551 2.2893911450616047 -0.6041534639446973
14.643 2.284408835227051 -0.6023722778319455
14.738 2.2934817985260225 -0.6060486066497528
14.838000000000001 2.2987394745644303 -0.6085708812345443
14.93 2.28928041119278 -0.6030402868673186
15.016 2.289671858396812 -0.6033120469183161
15.111 2.2994542569249563 -0.6111596849043814
15.203 2.2952707424422925 -0.6073006647635997
15.287 2.291042588054573 -0.6029299664190495
15.388 2.2864092433167693 -0.5977214843370785
15.46 2.2887099402374265 -0.6004644386460515
15.546 2.2777291799626025 -0.5868039535851777
15.651 2.2718662114642565 -0.579238302798127
15.743 2.279891674565368 -0.589804997734831
15.797 2.281539390487407 -0.591994146058281
15.899000000000001 2.2870926023125904 -0.5993919154555849
15.994 2.2914566775947716 -0.6052926553666907
16.08 2.2875007211126173 -0.599702773660133
16.183 2.2941004715811126 -0.6098936825372994
16.283 2.284920944464444 -0.5941666387948705
16.382 2.2862154921337416 -0.5966080223233265
16.482 2.281209244214155 -0.5860530460234139
16.578 2.2789160814653973 -0.5807324330138892
16.672 2.2742907349302506 -0.569559484387175
16.737000000000002 2.2740095500538993 -0.5688742872654419
16.83 2.2717891809829456 -0.5633835775317207
16.897 2.2761476179765743 -0.5743595259734341
16.992 2.279427536255123 -0.5828006635515374
17.008 2.2806425454932016 -0.5859711510163599
17.096 2.2858192685764833 -0.5994695897379942
17.19 2.291028204253496 -0.6130912024935189
17.293 2.2994955740535774 -0.6351437013472098
17.394 2.306400343983544 -0.6534575547584855
17.475 2.310701801735493 -0.665161373648102
17.562 2.3135159407202095 -0.6729307551547377
17.661 2.323799687056583 -0.7013115106934573
17.694 2.3280712177980285 -0.7129239606158219
17.791 2.3329094336659906 -0.7256838964710289
17.869 2.3385058802690293 -0.740284784059312
17.963 2.3446615342536288 -0.7563363357403264
18.007 2.3500807956712935 -0.7700618400250538
18.111 2.3576411177766388 -0.7887279556028195
18.21 2.363782935565297 -0.8036064329813115
18.295 2.3692577484107193 -0.8169034095641007
18.376 2.3824500391641865 -0.8489459829161315
18.46 2.3852406784257374 -0.8555346163547354
18.56 2.396658699363008 -0.8814199289732833
18.563 2.396945413593985 -0.8820582498634734
18.663 2.395953620834709 -0.8798496804252165
18.762 2.4067496199432146 -0.9037274263286136
18.859 2.419771840011743 -0.932635770504955
18.893 2.424199583771903 -0.9426221103519598
18.993 2.4365061436785656 -0.9701347324223543
19.092 2.446332977488185 -0.9917806293102273
19.183 2.4588366528769283 -1.0194429827129903
19.193 2.460137266267382 -1.0223348598686928
19.277 2.463091716324462 -1.0288887259595945
19.368 2.4760443319366825 -1.0575515993344589
19.467 2.489548289956071 -1.0871225318476363
19.49 2.492359654049724 -1.0932109307319113
19.587 2.499279361560372 -1.107886962144037
19.69 2.5068956704637007 -1.123707625831162
19.745 2.5087328308966086 -1.1275272679733896
19.841 2.523425354291633 -1.1579681753739504
19.916 2.530480954555455 -1.1725719894696314
20.004 2.534944836095734 -1.1818399532796593
20.033 2.538698586414728 -1.1896311680994602
20.118 2.546001652737368 -1.205049632631723
20.205 2.5497463777828773 -1.2130548449167247
20.251 2.5545911184257943 -1.2234109055358864
20.35 2.5639620120827122 -1.2435954593428025
20.437 2.572230345042418 -1.2615903606796013
20.454 2.57442132337142 -1.2663952889225125
20.555 2.5832309353445146 -1.285587965380763
20.657 2.5981373900863383 -1.3179018203829274
20.744 2.604299492072715 -1.3311197354504822
20.824 2.6151157261298903 -1.3542920467643014
20.932 2.628727808673217 -1.3833067857458035
20.977 2.6352584868746156 -1.3969999237110833
21.071 2.648402180322571 -1.4249955760223894
21.17 2.657186805865257 -1.4441174917082908
21.265 2.6604114304035487 -1.4511371370083432
21.359 2.6747825712436213 -1.4822441935996802
21.459 2.6826121605089486 -1.498978331011281
21.559 2.687039380225839 -1.5081640136105823
21.651 2.695776670792026 -1.5255266494498638
21.745 2.693249562545145 -1.5206588478967684
21.844 2.699798407354454 -1.5330623966054135
21.942 2.704556729860984 -1.5420659171571924
21.953 2.704707845637697 -1.5423549751239733
22.053 2.7066619416092044 -1.546134391630595
22.15 2.710973723108867 -1.5547018432771607
22.251 2.710660148888079 -1.5540492214708364
22.349 2.7025580974793324 -1.5355570518889918
22.449 2.706454435398794 -1.5456796699200852
22.464 2.706377278036295 -1.5454629856003186
22.543 2.706981716303335 -1.5472756547613962
22.644 2.7036973082474494 -1.5358843981528958
22.655 2.7033490206784676 -1.5345429196890543
22.744 2.7049207171925604 -1.5415090324772693
22.805 2.7062131738311326 -1.5490845815467875
22.898 2.7057872494089783 -1.5443658940099378
22.942 2.7057687760600073 -1.5430339625579108
23.04 2.7052846297604414 -1.5520410660486321
23.135 2.704065029167927 -1.560077033169561
23.155 2.7040384580109773 -1.5602005025581225
23.253 2.7061197503382344 -1.5528601589190851
23.354 2.7136313943330603 -1.5342897388339687
23.449 2.7086563851586676 -1.5438209306397266
23.546 2.6953253999169235 -1.5645843409290805
23.648 2.7012342141621337 -1.5570976628709765
23.724 2.6922865555297113 -1.5666757153187036
23.805 2.695003867366137 -1.564141324622512
23.906 2.7010251357583934 -1.5593309377088302
23.92 2.701398547761244 -1.559059536969793
24.003 2.704587608287962 -1.5568619353249926
24.099 2.686838992395026 -1.5682193713005033
24.168 2.685321742176671 -1.5691426449842374
24.27 2.680109121192512 -1.5721169967689486
24.361 2.678689347534559 -1.5728691610216308
24.368 2.677542208207814 -1.5734581130032732
24.462 2.666429714784241 -1.5791646648654853
24.563 2.6455184275987906 -1.5899757682046378
24.626 2.6498004635625407 -1.5877343116377785
24.727 2.6397534167283383 -1.5929794707738263
24.826 2.601660926346483 -1.6125252311763056
24.866 2.5964822079139425 -1.6151753543729503
24.961 2.6033560051623295 -1.6116062557737119
25.042 2.598268504488504 -1.614288249826859
25.123 2.5859661863183128 -1.6207359912116441
25.23 2.571631172307603 -1.6280853871023684
25.335 2.5583564132601864 -1.6349715755029044
25.437 2.547819138295692 -1.6405508818686125
25.528 2.535838727471758 -1.64692918155021
25.626 2.518259501615258 -1.6562329985985074
25.647 2.5133670198983467 -1.6587906539516144
25.745 2.5101988987000006 -1.6604459088382777
25.826 2.514525743926068 -1.6581091851830254
25.9 2.5054825566744054 -1.663231672320546
25.986 2.495383534613594 -1.6692508988510149
26.076 2.4754617425624095 -1.6822501288471012
26.165 2.4629295962841318 -1.6913223597225993
26.264 2.457014408471664 -1.6962211551349127
26.36 2.465732765198818 -1.6879329682917015
26.402 2.4625050768509746 -1.6912404824544924
26.499 2.46339415019929 -1.6902766171600527
26.589 2.4595022452013433 -1.6947462393890127
26.688 2.453361301018342 -1.7019491397714384
26.76 2.4547910111961437 -1.7002563588603024
26.859 2.4450053239318734 -1.7120283620889696
26.959 2.4430386529288173 -1.7144328002354243
26.989 2.437764316018226 -1.7209558415325803
27.076 2.436105879079555 -1.723013619612687
27.126 2.423695176438313 -1.7384815362848642
27.23 2.4194587699639607 -1.743708433402441
27.313 2.4102726556606906 -1.754937681867232
27.402 2.393721003222769 -1.7750325079489297
27.482 2.380137856059422 -1.79158400067459
27.488 2.379584823713053 -1.7922674798944205
27.586 2.3648666708137043 -1.8106231871424627
27.686 2.3512663475915723 -1.8276883161020712
27.783 2.3296193641374643 -1.8549933741502742
27.855 2.3240943856236087 -1.8620332283246688
27.946 2.306691975421548 -1.8842407186142465
28.025 2.303805236295199 -1.8879211460659278
28.118 2.289216602383819 -1.9066891676904987
28.199 2.280679969497598 -1.9176904468328633
28.22 2.2772960620457225 -1.9220119140426852
28.291 2.27014840410337 -1.931253775906896
28.358 2.2584353328384825 -1.9465826095670609
28.448 2.2548743071821016 -1.9512797804837725
28.539 2.25198881605275 -1.9551037229857575
28.616 2.23629410552604 -1.9757667243280757
28.616 2.23629410552604 -1.9757667243280757
28.713 2.215083173088062 -2.0034301841055306
28.785 2.2097864175196147 -2.010301782765893
28.879 2.19881123877638 -2.024777357883388
28.97 2.186052419876778 -2.041838310458288
28.991 2.1851716404699517 -2.043020414531263
29.092 2.1672268753399844 -2.067047671924512
29.184 2.165988252807468 -2.0686850482219588
29.284 2.1446504877721484 -2.097378185350973
29.372 2.1316297171967546 -2.11523136732498
29.383 2.128996206237494 -2.118826848930125
29.474 2.1209965025164066 -2.129913577483438
29.562 2.109656558903249 -2.146101635843884
29.619 2.103980518642496 -2.154421257269619
29.71 2.096983533523236 -2.1647221110381074
29.807 2.093024607953153 -2.1703997664375714
29.852 2.083533866587228 -2.1837092380810517
29.937 2.068067790305813 -2.204871852555621
30.038 2.061210737788999 -2.213960991010087
30.133 2.0488329790966127 -2.2299212638790324
30.234 2.0297553928112864 -2.2542173089028537
30.325 2.012290808174058 -2.276721974933096
30.396 1.998897973207166 -2.294135301420229
30.492 1.988006761925217 -2.308166550257327
30.573 1.9805125844452605 -2.3178653543158516
30.671 1.969918338944471 -2.3319237123907013
30.772 1.9684781755191134 -2.3338608422764158
30.871 1.962553097243791 -2.3418558502919455
30.965 1.9516999539840412 -2.3565456255625
31.024 1.9552466029234654 -2.3517201087799506
31.121 1.9469261723731337 -2.3631224640237467
31.202 1.9400208682555387 -2.372814703519445
31.28 1.9345458245001288 -2.380811451524606
31.38 1.931382283754076 -2.385765528764617
31.474 1.9297858576219256 -2.3884665785246986
31.478 1.929700577335134 -2.3886152869933395
31.57 1.9342598239047306 -2.3805098501958915
31.663 1.9380150871398212 -2.373614671581682
31.743 1.9334078250376994 -2.3822384584353102
31.801 1.9313106863278475 -2.386230919619226
31.897 1.9221816880456783 -2.404153748416948
31.986 1.916379670186048 -2.4155021160913717
32.075 1.915127911211172 -2.417871345297655
32.078 1.9144892808208647 -2.4190672889290523
32.178 1.9121420893055023 -2.423612920809119
32.275 1.9001687980194666 -2.447574928479258
32.373 1.8883805372000038 -2.471668153171174
32.473 1.886406899056186 -2.475814946771265
32.57 1.877900707834242 -2.4935528942618936
32.598 1.8757749805156456 -2.497925672629725
32.639 1.8694921166957004 -2.510814592846952
32.647 1.8688304426997289 -2.5121703388721888
32.67 1.8683213669257197 -2.513209246487679
32.699 1.8673265492866493 -2.5152405628309786
32.741 1.8611895850564488 -2.52779869947082
32.758 1.8608905452189972 -2.5284077404288015
32.789 1.8592771117008111 -2.5316797633494645
32.888 1.8479186053762224 -2.5548343824346103
32.979 1.8478127315141628 -2.5550518990478497
33.071 1.8458779600311959 -2.5590100238480944
33.106 1.8434189110377635 -2.5640091884366347
33.188 1.8345234038081255 -2.582223988419224
33.275 1.8242646166361653 -2.603570767433678
33.367 1.8173831172306936 -2.6179930151438584
33.465 1.8062760590753875 -2.6418493575914357
33.561 1.7986020697353915 -2.6585826638735806
33.648 1.7967327488913134 -2.6627221717574803
33.732 1.7924887562052083 -2.672244713790539
33.759 1.791519044839168 -2.6743929539485616
33.863 1.7814650774011318 -2.6966448021199305
33.94 1.7728076105165034 -2.7159719743611017
34.049 1.752248539573144 -2.7631012744507233
34.127 1.746976762973936 -2.7755504402875366
34.221 1.737315874364744 -2.7989459288772784
34.239 1.7357665927459844 -2.802743076613549
34.262 1.7331078847528854 -2.80929414630004
34.291 1.730645106655987 -2.8153992938878893
34.317 1.7281860850340356 -2.8214986126186172
34.404 1.7170032397590338 -2.849458716577975
34.494 1.7105154257484336 -2.8656552399785498
34.553 1.7074905393115463 -2.8731417042362284
34.651 1.6987308742895502 -2.8945929839885025
34.75 1.7003523978843724 -2.8906924768122377
34.845 1.689119158234296 -2.9173554711371708
34.921 1.6789652451399666 -2.9415065404499923
35.015 1.6729386432763558 -2.95574527799754
35.059 1.6680274674662197 -2.9670155530170224
35.155 1.65814363675902 -2.9891942521667554
35.21 1.655184339749129 -2.995816798748474
35.314 1.6446782945353724 -3.019984163362897
35.365 1.6398428653677977 -3.0313697638934913
35.466 1.6328930987680437 -3.0478058730135786
35.562 1.6283116385222351 -3.058541199713454
35.655 1.6258933931919777 -3.0640759149074217
35.663 1.6250997590469536 -3.0658693331874853
35.756 1.6189676119800356 -3.079312515881553
35.803 1.6127102318809232 -3.092563975467897
35.901 1.5977800133321733 -3.124126256720798
35.945 1.594837096926949 -3.1303602829316697
36.027 1.586420615724402 -3.1478662437065004
36.052 1.5842863663677729 -3.152202346034166
36.151 1.569255260821343 -3.1819316955930486
36.182 1.5661460258720212 -3.187922106394796
36.264 1.5560973125832316 -3.2071070960188854
36.283 1.5525647964772566 -3.21381569694627
36.376 1.544399646312062 -3.229130185716455
36.466 1.531399086154583 -3.2536377902934093
36.496 1.5285124889081914 -3.259166123898073
36.579 1.5183135890582546 -3.2786650571805027
36.635 1.5111862770419113 -3.292370058882458
36.732 1.5043004944509757 -3.3057142814347986
36.776 1.5006389278227519 -3.3128121263928283
36.865 1.4967856847374799 -3.3201423444408458
36.907 1.4930838993595448 -3.327046927667136
37.003 1.4806735968595872 -3.350332849314353
37.049 1.477600434281173 -3.3561563240218057
37.149 1.4531370013450795 -3.4025167894466546
37.216 1.4519920185362338 -3.4046534624685334
37.315 1.451049364693026 -3.4063723703715794
37.36 1.4479674962240567 -3.4118973405967528
37.459 1.443072720782636 -3.4205176505000443
37.534 1.4385367453582096 -3.4284845559055177
37.615 1.424480095463751 -3.4537773477945466
37.653 1.4224889044663684 -3.457399647227487
37.75 1.4179047209494555 -3.465559766153529
37.801 1.409754952404163 -3.479791561376097
37.893 1.4122529839226048 -3.4754812680934766
37.981 1.4001645141441372 -3.4957933425182834
38.08 1.390091825001302 -3.512359061202331
38.132 1.3843936616368329 -3.5216328677439304
38.238 1.3697650431700799 -3.5455010154799766
38.294 1.362419189598328 -3.5575415713505
38.392 1.3539293599169335 -3.5710113118677675
38.442 1.3523395934460372 -3.573452132601104
38.527 1.3435216051157703 -3.5870200540305595
38.578 1.3347241761445159 -3.600720966594718
38.676 1.3221225346128744 -3.620482222735752
38.745 1.3141902706289545 -3.632986688874272
38.831 1.306067221767795 -3.6457526875815116
38.898 1.3081555856548301 -3.642502060183567
38.994 1.3062799024017064 -3.645392887119384
39.066 1.292615824481206 -3.666225055335046
39.146 1.280537585097185 -3.684581589058022
39.202 1.2748992156078476 -3.6931577733830245
39.302 1.2567765107324989 -3.7206365515872797
39.399 1.2408196579725141 -3.7447667243752254
39.445 1.238844763211099 -3.7477488531617174
39.524 1.2203592600743494 -3.7755584787484375
39.607 1.2132966847861668 -3.786136838057385
39.701 1.196156478895769 -3.811837754786177
39.796 1.179208770281362 -3.8374222442171533
39.883 1.173408120271564 -3.846206783336735
39.975 1.1687643448600165 -3.8533110960059904
40.065 1.1610410254443913 -3.8651744913911994
40.168 1.1635969647508848 -3.8613067448212606
40.229 1.1605748528463766 -3.865817816646219
40.334 1.15178713453968 -3.8789037822511365
40.435 1.139350066486917 -3.8974584135932946
40.523 1.1249481040750582 -3.9190254434349407
40.595 1.1160809438837158 -3.93253587022621
40.689 1.1017426989385917 -3.954513073790322
40.727 1.095592936077115 -3.963893598616511
40.819 1.0855638526797984 -3.979102058755324
40.906 1.0873524702164923 -3.97649146785761
40.996 1.0867416577133042 -3.9773214648140027
41.092 1.0835827159644655 -3.9812323803201415
41.192 1.0744425871965442 -3.9913479660275626
41.291 1.0602883990968517 -4.005457804867068
41.383 1.0567830291457865 -4.008764474676508
41.474 1.058462588333599 -4.007197875436407
41.575 1.0700157614583108 -3.996581723236862
41.65 1.0685848065127062 -3.9978842089182893
41.766 1.0875364571498127 -3.980512875393932
41.861 1.0862107671552772 -3.981731163716077
41.956 1.0868429993875892 -3.9811521842110658
42.031 1.086740292310125 -3.9812456621553096
42.136 1.0922549281804685 -3.9763123301692227
42.226 1.1035493666338108 -3.966328357847646
42.256 1.0992665084732598 -3.970151947237048
42.344 1.0976437936794883 -3.9716052314470502
42.394 1.096552808176904 -3.9725875735094167
42.493 1.0822807374083891 -3.9856531663246653
42.576 1.0680660027675137 -3.9987798484129775
42.674 1.0539455473719983 -4.01150876274687
42.77 1.0532211746127171 -4.012154084214477
42.835 1.0455645581949742 -4.019041766848794
42.936 1.031245055624519 -4.031881232921137
43.036 1.0097792307685525 -4.051329025800956
43.092 1.0050252337226144 -4.0556581189901095
43.186 0.9796306673395793 -4.078872252059968
43.26 0.9785142438471086 -4.0798955104643015
43.356 0.9642779623706842 -4.092729822241515
43.36 0.9634325054319365 -4.09348607169014
43.461 0.9476443626036086 -4.107278991737838
43.561 0.924156341751146 -4.1272924211671995
43.66 0.9050446716522795 -4.1432828493678375
43.762 0.8807797500937651 -4.162584200456616
43.858 0.8761324787750587 -4.165993614307481
43.948 0.8543400145929004 -4.180473881828726
44.047 0.854613217544105 -4.180306970709713
44.119 0.8529196904894982 -4.181278706502413
44.226 0.8492402347371651 -4.183371211436434
44.303 0.8468856420524362 -4.184744005131964
44.399 0.8540790418947835 -4.180524524981952
44.489 0.8489976628219351 -4.183522449789047
44.58 0.8217958107315012 -4.199582292839744
44.613 0.8171701962165346 -4.202315959613907
44.648 0.8156465382637513 -4.203220284773503
44.674 0.8087294928752573 -4.207318879999584
44.704 0.8070694138408272 -4.208300362558432
44.737 0.800823345916142 -4.212018217698623
44.759 0.7971381361103613 -4.214225033715942
44.788 0.7926855947304016 -4.216889963912031
44.83 0.7814505450908608 -4.223613129556752
44.848 0.7791610786619925 -4.224982614372054
44.872 0.7741399151655984 -4.227988116852322
44.904 0.7697072249753902 -4.230629957120403
44.943 0.7636580102973433 -4.234195455836514
44.962 0.7616920067724753 -4.2353469220309465
44.992 0.7583528019674124 -4.237303891594046
45.092 0.7363960900782136 -4.2500733895833145
45.187 0.7299600721953605 -4.253826531660421
45.27 0.7190075812442174 -4.260146104048447
45.369 0.7121414815379291 -4.2640171776353775
45.468 0.706574050023316 -4.267133499324253
45.567 0.6916532030701109 -4.27508359801313
45.653 0.6716924086348677 -4.28465951874998
45.755 0.6492354916707461 -4.2939235783816745
45.837 0.6270143908549732 -4.302016399435711
45.93 0.6152839772884993 -4.305860657769707
45.984 0.6082386065948416 -4.307946287279968
46.065 0.6064772472832765 -4.308461871761074
46.163 0.5997725296028449 -4.310485284716021
46.263 0.6001465561552491 -4.310370913467015
46.364 0.6066263025122035 -4.308336696455563
46.458 0.5905686102639945 -4.313599518587706
46.49 0.5881209105855157 -4.314413362504894
46.514 0.5830100810021337 -4.31611338862658
46.542 0.5777059031038828 -4.31787572262007
46.572 0.57482983557699 -4.318831211094447
46.602 0.5735813583837887 -4.319247896261908
46.628 0.5699026431181249 -4.320479158772151
46.655 0.5678961529789006 -4.321144950920739
46.684 0.5594836889441112 -4.323915645654449
46.719 0.5559479486782182 -4.32508139214528
46.738 0.5518759801848081 -4.326423581869872
46.769 0.5474925832969022 -4.327861433759403
46.8 0.5445611468601965 -4.328821342066611
46.825 0.5408119909125251 -4.330046142117442
46.865 0.5340628292340298 -4.332245756357466
46.885 0.5296204117124882 -4.33370137606219
46.909 0.5267848821264282 -4.334637284321391
46.939 0.5228001188630964 -4.335954431166476
46.967 0.5162132995335197 -4.338132280139171
46.994 0.5049279462226535 -4.341869483870619
47.02 0.4999925736319959 -4.343500704145023
47.035 0.4975535558385844 -4.344305786978638
47.059 0.49291801713881456 -4.345828549397265
47.093 0.4774396478874841 -4.350872450210697
47.124 0.46783045079820507 -4.353975170760424
47.15 0.4609282384082155 -4.35617795037356
47.179 0.45391265421938076 -4.358386267668078
47.211 0.44441865121743557 -4.36133526411121
47.241 0.43120380707834266 -4.365374697049103
47.289 0.42635673816070696 -4.366847300853073
47.3 0.42505684292922136 -4.367243923829032
47.325 0.4168449459925805 -4.3697329363996555
47.431 0.40607512769717774 -4.372927273332372
47.493 0.40272526076877335 -4.373911893734225
47.592 0.3670771115570143 -4.384088542739968
47.691 0.34622842612496535 -4.389594115054195
47.793 0.33179893844443725 -4.393002202096444
47.877 0.30201720607110283 -4.398985825301074
47.972 0.278145350705045 -4.402858158638921
48.004 0.2802385816502341 -4.402582777955165
48.041 0.2715125146190038 -4.403502521837038
48.064 0.2724904223678198 -4.403424819616467
48.093 0.27924125829639135 -4.403046807803971
48.123 0.28064670765200184 -4.403007032867987
48.153 0.2815860692867996 -4.403007234753411
48.183 0.277432830029512 -4.402877620061556
48.199 0.2766230381026086 -4.402833258545175
48.236 0.2764398249004201 -4.4028187047927405
48.251 0.2759573915774856 -4.402767689829977
48.28 0.28092711678097 -4.403406647974532
48.31 0.28300550629733673 -4.403732007601882
48.411 0.2861702539402621 -4.404438890370327
48.508 0.2885727494592542 -4.405229357617166
48.604 0.28251188128427257 -4.402618458390078
48.705 0.2706348067340392 -4.396116283726042
48.754 0.2708718195934756 -4.396269162508969
48.841 0.2647258586718074 -4.391770523579903
48.957 0.2625190978164391 -4.389846884544647
49.037 0.2662277543599829 -4.393602073097404
49.119 0.262423651377281 -4.3893246373520265
49.216 0.2531739445412756 -4.37799200389183
49.247 0.25097256564745735 -4.375143001434126
49.277 0.24628764231832942 -4.368926303652965
49.309 0.2445282488876995 -4.366545860365891
49.345 0.2386964847303985 -4.358557038677023
49.365 0.23598087775747936 -4.35483445703281
49.395 0.23315177296610787 -4.350962038368123
49.44 0.2252047558783341 -4.340135138568165
49.455 0.2232672143943531 -4.337499614425089
49.484 0.2220855524391973 -4.335890346173217
49.512 0.22141533793932675 -4.3349840355320435
49.542 0.2189805970052015 -4.331710376401393
49.573 0.21479117508595488 -4.326057666258906
49.602 0.21185370132996395 -4.322060951629292
49.63 0.20774810019226408 -4.316448512422302
49.657 0.2028475822158402 -4.309731271485667
49.68 0.19845912543058342 -4.30370173892168
49.705 0.19368012901154888 -4.297160941020677
49.731 0.18951712346958216 -4.2914766646383695
49.757 0.18437294004446034 -4.28445893559872
49.786 0.18057355632141484 -4.279259377304994
49.812 0.177597462958328 -4.275169515969095
49.841 0.17239957460066865 -4.268050314317856
49.865 0.16914549600520495 -4.263600114392363
49.893 0.16523980796874244 -4.25825889443307
49.93 0.1595796374530409 -4.250506981074266
49.943 0.1581880243800541 -4.248594871593224
49.974 0.15345596624927718 -4.242123387623866
50.009 0.14382994261923632 -4.228931962763119
50.049 0.13666833895274935 -4.219099760643105
50.07 0.13274794777739438 -4.2137664676257165
50.096 0.12737608173739262 -4.206473934774048
50.122 0.12676901514448055 -4.205647346615279
50.145 0.12418209190732696 -4.202137257819788
50.173 0.12011222586171882 -4.196650765897003
50.203 0.1145842315426149 -4.189252746876805
50.23 0.1083161482787042 -4.180892703494913
50.26 0.10847653590903897 -4.181107186906799
50.291 0.10509756108279483 -4.176573567522815
50.338 0.0967853923362073 -4.165375876483923
50.342 0.09606267527321144 -4.164400943858872
50.368 0.09484321869284235 -4.162748774798908
50.398 0.09245849495440658 -4.159510213335476
50.422 0.08961263769375245 -4.155644537451829
50.448 0.08870340012342237 -4.154406256927403
50.476 0.08840648632971677 -4.1540019709238765
50.517 0.08457126811700152 -4.148812308108345
50.535 0.08268401195230997 -4.146268716544672
50.564 0.07778700466799388 -4.139688268616571
50.593 0.07384598501995371 -4.134390972236938
50.631 0.0669000066515906 -4.124991415723747
50.651 0.06337094427042918 -4.120225114533795
50.677 0.060006945091335834 -4.115718799647434
50.698 0.05454459158850468 -4.108428749202664
50.718 0.0516512292959703 -4.104573160194382
50.744 0.048287481383895506 -4.100106364369433
50.775 0.04608155852018574 -4.097193148779792
50.811 0.04176299590199821 -4.09153800984624
50.838 0.03580797797137336 -4.083794713166375
50.868 0.030583385295117668 -4.077008894393971
50.898 0.027248971816091892 -4.072662376907356
50.936 0.020859012614072324 -4.06432713344562
50.962 0.015609682072569013 -4.057522533793963
50.996 0.01364155005474205 -4.0549878448273
51.017 0.010964882324494083 -4.051544098921063
51.046 0.007941868035945696 -4.047666062510736
51.075 0.007037543534030796 -4.046502749437887
51.103 0.005199990509364962 -4.0441216366130215
51.125 0.002869917894282908 -4.041094807090308
51.143 -0.0010704598341215823 -4.035974148166681
51.171 -0.006742201863705628 -4.028614756616585
51.193 -0.006611102439762403 -4.028784952934416
51.229 -0.01079561825084321 -4.023356526910207
51.255 -0.0127127884217275 -4.0208726447017415
51.286 -0.017520476575578797 -4.0146529627654175
51.306 -0.016320415515259302 -4.016197495582103
51.327 -0.020216519483450344 -4.011201836232259
51.355 -0.019447354852065092 -4.01219067075206
51.371 -0.021180045012686315 -4.009953461877874
51.389 -0.02436386599553299 -4.005834322238069
51.415 -0.02770951400426174 -4.001501838792036
51.446 -0.034476986970288524 -3.9927292076446963
51.475 -0.039319259601541444 -3.986478781913791
51.509 -0.04344777450507722 -3.9811630479283395
51.528 -0.04572209549475426 -3.978226283427749
51.548 -0.04626650374065312 -3.9775252245418873
51.578 -0.051171218272980004 -3.971214492484923
51.61 -0.05480968900212233 -3.9665243673465387
51.633 -0.06057659087470472 -3.959094018185418
51.661 -0.061501041270740124 -3.9579030502792634
51.69 -0.0688811005704395 -3.9483533552739787
51.711 -0.07119243480264761 -3.9453464447384015
51.741 -0.07505610330298866 -3.9403076395732928
51.769 -0.08168995506395621 -3.9316629375905237
51.796 -0.08632240458310916 -3.925645320535324
51.84 -0.09235061492779925 -3.917847884550398
51.856 -0.09496200352165733 -3.914478429918808
51.886 -0.10181429794644982 -3.905653182659586
51.902 -0.10500894280103844 -3.9015412721037914
51.922 -0.11030741766479243 -3.8946965537308915
51.946 -0.11149666142755112 -3.893151087934466
51.972 -0.11197865257085293 -3.8925221941977903
52.006 -0.11688384116339798 -3.88613221456035
52.04 -0.12307651456693817 -3.878077897275095
52.068 -0.1280497545823366 -3.8715930990967307
52.089 -0.12983481967441848 -3.8692579768580204
52.138 -0.1343680329095017 -3.863354002562767
52.153 -0.1355306094619641 -3.861849266100168
52.182 -0.1412848268616615 -3.854436629943826
52.207 -0.14559496641823655 -3.8488753561918196
52.236 -0.14699504482678158 -3.8470598098494473
52.265 -0.14657490158318595 -3.8476069441012526
52.294 -0.14900137093515295 -3.8444225629515296
52.345 -0.1623792489337282 -3.826860688117005
52.355 -0.1633593344221171 -3.825578799875162
52.384 -0.16738266164766663 -3.820317372992109
52.396 -0.16919781895195088 -3.817940334237505
52.42 -0.17285001709905798 -3.8131464847634065
52.439 -0.17501834170264624 -3.8102955619810808
52.457 -0.17660328877586992 -3.8082086789885228
52.484 -0.17779894567772242 -3.806629100534836
52.502 -0.1803867736780468 -3.803199470288024
52.53 -0.18413683449289392 -3.7982039784573733
52.557 -0.18691055775783333 -3.7944810752436586
52.579 -0.19011602929780722 -3.7901595959424084
52.607 -0.19328803763421662 -3.7858875840950876
52.64 -0.19805712065999748 -3.779491322954598
52.671 -0.20145082215895538 -3.774967327793481
52.701 -0.2054222436668756 -3.7696883630448537
52.766 -0.21396176363773708 -3.758270102040927
52.767 -0.21416238432311058 -3.758000629519842
52.792 -0.21528275200024216 -3.756495885809712
52.825 -0.22257779919445864 -3.746662238410599
52.851 -0.22737747628406796 -3.7401594532762057
52.881 -0.23064245801787409 -3.7357244101553215
52.908 -0.23237764153078883 -3.7333622140156866
52.94 -0.2350424937830825 -3.7297247301921947
52.96 -0.23792132715600772 -3.725787166135146
52.991 -0.2405151396020766 -3.7222342680666034
53.011 -0.24233380853341585 -3.7197367264111842
53.037 -0.24625115929688327 -3.7143371769179505
53.066 -0.250474988173714 -3.7085393167672853
53.092 -0.2532748131733278 -3.7047125776383716
53.117 -0.25615752576098616 -3.7007583406186617
53.123 -0.25667202704789105 -3.700051879806169
53.146 -0.2614931681333074 -3.693447897615918
53.174 -0.26352234030027527 -3.690668662531083
53.2 -0.2647074521834115 -3.6890465714849623
53.228 -0.26870694052579697 -3.683563692527855
53.258 -0.2717440155053727 -3.6793598289024967
53.283 -0.27334890230942854 -3.677122007760587
53.311 -0.2773702800924143 -3.6714900810697237
53.334 -0.2787468399864055 -3.6695529697791045
53.356 -0.2818447008523176 -3.6651800941616663
53.385 -0.28243953660844273 -3.664342276377098
53.418 -0.2808011060466928 -3.6666319797076707
53.444 -0.28518965312236205 -3.6605314160239493
53.472 -0.28685043885890255 -3.65820775396718
53.504 -0.28986741579446185 -3.653968162347336
53.539 -0.2960632781090217 -3.645328484475586
53.565 -0.29631752069203404 -3.6449751734646685
53.595 -0.30047133117230035 -3.639208161154466
53.634 -0.30899941956500376 -3.627459351614815
53.657 -0.311627562672029 -3.623846896905855
53.755 -0.33392836048682933 -3.5933184511586695
53.802 -0.33785233113632723 -3.5879851716026816
53.9 -0.3471613167335341 -3.5753718644141608
53.971000000000004 -0.3577529292062227 -3.561083768288789
54.055 -0.37000656998354536 -3.54467543566481
54.108 -0.37378183452646224 -3.539649050651717
54.203 -0.3872047098664529 -3.5222469231515094
54.266 -0.3966518639984008 -3.5103674962886173
54.362 -0.39190197042546615 -3.5163184059480876
54.409 -0.39976811625153463 -3.50640436511041
54.502 -0.41204511371219943 -3.491014606407017
54.562 -0.42602873104528105 -3.4736569187917765
54.66 -0.42817403700232415 -3.470999732230163
54.723 -0.43487805548819786 -3.462782779351699
54.818 -0.446758486526275 -3.4481801172213404
54.864 -0.4538900764938483 -3.4393902720729352
54.946 -0.46283855427413656 -3.428455442637701
54.992 -0.46986246390677405 -3.4198806450880843
55.068 -0.47837730025644304 -3.4094639605686137
55.121 -0.4855869750266625 -3.4006193009747925
55.213 -0.5005381249775999 -3.3822495031349598
55.261 -0.5096817350218721 -3.370919839623018
55.36 -0.519690359596234 -3.3581950197819834
55.4 -0.5276995093622633 -3.347787867260583
55.48 -0.5368815512261258 -3.3359292824575344
55.526 -0.5424495718072337 -3.328850304596143
55.61 -0.5558282888070782 -3.311811237777875
55.663 -0.5596871334935101 -3.3067953738167732
55.751 -0.5657496958245192 -3.298808590535879
55.801 -0.5711872751422422 -3.29170991698273
55.891 -0.5797989241076961 -3.280534445406085
55.917 -0.582535114268971 -3.276957972796167
56.0 -0.5951782059188003 -3.2605436070068032
56.037 -0.6040196369494112 -3.249263181375132
56.138 -0.618966469790993 -3.230417998400444
56.164 -0.6201962041328529 -3.2288751693086555
56.249 -0.630301505219963 -3.215963529145226
56.285 -0.6312529881877335 -3.2147294098119814
56.372 -0.6338940715641299 -3.211311287133546
56.409 -0.6384936230981803 -3.2053673875399977
56.496 -0.6475727650493852 -3.193641612045847
56.541 -0.6502244853993877 -3.1902155853190632
56.627 -0.6718130180643721 -3.1627977453962903
56.657 -0.6746066399632518 -3.1593109957307246
56.741 -0.6829448483000505 -3.148856422125556
56.783 -0.687540488599118 -3.143078957308112
56.879 -0.6996210019118461 -3.127815226076819
56.932 -0.711832426904117 -3.1122591601834597
57.02 -0.7316386521121377 -3.086890284938783
57.048 -0.7349871902633047 -3.0825890102131392
57.136 -0.7361632655487726 -3.0811039614681777
57.172 -0.7412924872881761 -3.0747216937120094
57.266 -0.7531885566774765 -3.05999244463607
57.3 -0.7609163771693149 -3.050443943798581
57.387 -0.7749928049391123 -3.0329802783510864
57.401 -0.7761873273875175 -3.0314983721875204
57.488 -0.7912237126383177 -3.012840228486513
57.498 -0.7917476189256765 -3.0121883959456075
57.581 -0.7904955996614357 -3.0137516955906265
57.643 -0.8019928183814407 -2.9994674236776655
57.731 -0.8217198579460132 -2.97498892776746
57.79 -0.8316680235365694 -2.9624759985937668
57.881 -0.8465675643243953 -2.9436752126782793
57.925 -0.8507834400881382 -2.9383803175834076
58.012 -0.8566235482820109 -2.9311441325700014
58.068 -0.8576370436559548 -2.929905119816123
58.161 -0.8756550033714753 -2.9080183294800963
58.209 -0.8817460136085336 -2.9006969695599603
58.294 -0.8906121387506677 -2.8899739606375876
58.347 -0.9024405090695589 -2.8757508245332875
58.426 -0.9187098221473319 -2.856650658869992
58.462 -0.9243083634993156 -2.850100098846676
58.544 -0.9341815134779177 -2.8385278891237284
58.589 -0.9398070359823208 -2.831936702610401
58.667 -0.9535214478418573 -2.8157775037419026
58.693 -0.9563034876680686 -2.812478027742503
58.776 -0.957790017052131 -2.8106871488086087
58.863 -0.9697423441711251 -2.7961552407897927
58.947 -0.9896661952854239 -2.772322243903233
59.005 -0.9942640326821739 -2.7668535862880956
59.106 -1.0002666832132014 -2.7596318239357176
59.2 -1.015301675568727 -2.74156821061355
59.294 -1.02044206720617 -2.7354470892788463
59.385 -1.044189060390546 -2.707222190302052
59.47 -1.0524847428171795 -2.6974325663018104
59.573 -1.0625506120157706 -2.6855958030156835
59.575 -1.0626710882365291 -2.685453572002228
59.677 -1.0842517623793366 -2.6600627681096274
59.764 -1.096191993533227 -2.646087310448047
59.863 -1.1054830908602 -2.635305037695625
59.961 -1.128930999894933 -2.6085573860792506
60.06 -1.1306497673299283 -2.6066127598855067
60.118 -1.1307198874947892 -2.606533477306348
60.213 -1.1403299743192241 -2.595655380969564
60.269 -1.1540428090033015 -2.5801523833412823
60.349 -1.1607729642008906 -2.5725494539147316
60.379 -1.1605455120011754 -2.5728078039803264
60.471 -1.1727870317745042 -2.5587180531653972
60.53 -1.176968076171839 -2.553875031666863
60.617 -1.1921699753665658 -2.536261194047451
60.653 -1.192229894663698 -2.536191551227992
60.747 -1.205196510383145 -2.521143722429638
60.792 -1.208603591923295 -2.5171796215804547
60.891 -1.2080021146983295 -2.5178646523673742
60.928 -1.2123454982725483 -2.5130184697983258
61.039 -1.2316208645752502 -2.4913177302499765
61.063 -1.2349432512134402 -2.487551251522584
61.165 -1.2545813671399133 -2.4650463503987727
61.217 -1.2628973158428047 -2.4552755543831797
61.314 -1.2880418624092094 -2.425511095200585
61.357 -1.2946968495468836 -2.4176868711471187
61.457 -1.3176066847675976 -2.390749720291338
61.516 -1.3268976351435267 -2.379882197711591
61.609 -1.3449659746565916 -2.358871228464058
61.634 -1.3462372135332694 -2.3573902955402413
61.737 -1.3667138984538596 -2.3334038042934084
61.814 -1.3754185584743142 -2.3231955632249317
61.916 -1.3965734397654326 -2.2985736863614816
61.961 -1.4034111670815719 -2.2906753004343465
62.061 -1.4171691596222542 -2.2746882726329787
62.088 -1.4197810255836716 -2.271606185624546
62.172 -1.4322769061424445 -2.256980290682623
62.201 -1.4336402952197005 -2.255412502744999
62.295 -1.441396001397763 -2.2466579123811403
62.329 -1.4477921629588513 -2.239520884577602
62.426 -1.471334177644655 -2.213334394139446
62.471 -1.4783344826077232 -2.2055921619917536
62.554 -1.4841941845686961 -2.199047871574883
62.571 -1.4875983646261337 -2.1952127916277018
62.673 -1.4995227338855197 -2.1815747926282483
62.728 -1.4998695310841068 -2.181169633260674
62.822 -1.5209461395540693 -2.156546327058982
62.855 -1.523327915777944 -2.153779112075716
62.954 -1.520729260178799 -2.1567897621911483
62.977 -1.5242401529972693 -2.1527531988362623
63.056 -1.5346486796268952 -2.1408778697519115
63.103 -1.5353589108416557 -2.1400759992694387
63.196 -1.546764621130277 -2.1272139972844535
63.217 -1.5501822077184406 -2.1233474826071683
63.316 -1.568231976075509 -2.1030350480133175
63.343 -1.5700775523577528 -2.100972627968431
63.424 -1.5795706980775384 -2.090284280691532
63.462 -1.5848929127412337 -2.084229494865291
63.554 -1.5805310221337718 -2.089158475220381
63.627 -1.602486330724327 -2.06477180625148
63.702 -1.6108496477383785 -2.055580739804334
63.791 -1.6187385037197217 -2.0469982314621253
63.797 -1.619600676726753 -2.0460702390995684
63.893 -1.6332801520967242 -2.0314115143326648
63.978 -1.6546736039831396 -2.0084472101068034
64.074 -1.6672926464588085 -1.9947620293888166
64.114 -1.6706495941121602 -1.9911231538413416
64.201 -1.6815794926658367 -1.97907299127678
64.257 -1.6871883706646817 -1.972760933714519
64.351 -1.695035170005746 -1.9640649183870516
64.409 -1.694736976620637 -1.9643905816303886
64.5 -1.6946187811487299 -1.9645205152132865
64.549 -1.6990600370330375 -1.9595900422283425
64.632 -1.7158658192266536 -1.9408919790082106
64.689 -1.7227346919011042 -1.9332180393580638
64.775 -1.735687023491493 -1.9188234402836772
64.876 -1.7489005399215642 -1.9041805117298123
64.919 -1.7555683436940113 -1.8967248950052153
65.001 -1.7713353336779707 -1.878998861353123
65.101 -1.7986600643454207 -1.8483268717226435
65.196 -1.805077818412826 -1.841141363677036
65.254 -1.805314188116363 -1.8408743756637784
65.357 -1.8144539351052533 -1.8303118626695272
65.455 -1.8223038044562527 -1.8212011593095312
65.555 -1.838939111190685 -1.8021114360330832
65.634 -1.8423059465068985 -1.7982349973666516
65.697 -1.8474360900830245 -1.7922448326368698
65.794 -1.8726156993445118 -1.7621924311284403
65.878 -1.8833709696573537 -1.7493467740565374
65.981 -1.8915231456919182 -1.73973525809677
66.023 -1.897073641741927 -1.733226827525798
66.107 -1.9041893575162656 -1.7250828874671884
66.177 -1.9083179231502891 -1.720494829881254
66.277 -1.9201072669097983 -1.7075928386354855
66.373 -1.9344986661761892 -1.6918242292957284
66.472 -1.9418117265299821 -1.6836917602103645
66.475 -1.9424869759343069 -1.682936563626719
66.55 -1.9452073032698485 -1.679871747355901
66.592 -1.9487050826072314 -1.6759178663681262
66.684 -1.9513884577790743 -1.672859810848339
66.773 -1.9688651525404837 -1.6528777223324929
66.87 -1.9751233727119042 -1.6457291478855751
66.964 -1.9703192035080699 -1.651323381567001
67.06 -1.9801452030294362 -1.6397802348794026
67.137 -1.9899060737002765 -1.6282843586856792
67.236 -2.010284211117976 -1.6045104989630856
67.326 -2.0250834483637883 -1.587176914154354
67.404 -2.026430931311296 -1.5855632836937181
67.497 -2.032514355843374 -1.57826867963308
67.583 -2.0380255061519454 -1.5716671116109153
67.682 -2.0456599782924565 -1.5624795538565226
67.774 -2.060804457263563 -1.544297911176026
67.856 -2.0739083508095053 -1.528682731075463
67.936 -2.083100164366265 -1.517729046124138
68.03 -2.094216485845404 -1.5042997641952252
68.042 -2.0952030034126667 -1.5030922394754942
68.137 -2.1084969538127525 -1.4867770365155937
68.229 -2.1266016061936712 -1.464343958525169
68.306 -2.1300418473014266 -1.4600496266905874
68.317 -2.1302462063033927 -1.4597941877495209
68.421 -2.1493474693081267 -1.4353823400282206
68.516 -2.1721001276787786 -1.4052720460349652
68.574 -2.1805875274346334 -1.3938673175125962
68.674 -2.1891342033652768 -1.3824582241917678
68.772 -2.202012043732336 -1.3651204186444228
68.828 -2.2002542146945276 -1.3675305928757038
68.918 -2.2066210179507766 -1.3587952222270372
69.008 -2.2159396392674218 -1.34591006349252
69.081 -2.2291984664355975 -1.3272529239042747
69.175 -2.2278380133404396 -1.3291661872166254
69.257 -2.2372566608832036 -1.3161320554391303
69.345 -2.2482759678884756 -1.3006942149041216
69.43 -2.2635651288757694 -1.2789684690777123
69.528 -2.2842733170121994 -1.2495873610479427
69.635 -2.294669053966725 -1.2345620876648913
69.711 -2.310805600905874 -1.2108675174637886
69.812 -2.3137888029423035 -1.2065560390501169
69.897 -2.3261189368811674 -1.1891442107846317
69.982 -2.331005844735579 -1.1822110323691484
70.023 -2.3343356307625323 -1.1774232660394888
70.1 -2.3355728975387904 -1.1756255355002097
70.182 -2.329270583866901 -1.1847304155020542
70.265 -2.337324615380959 -1.1732300149658796
70.361 -2.3381177209626243 -1.1720906655238092
70.455 -2.343818314923517 -1.1638881007780135
70.498 -2.3471405777664587 -1.159132040071449
70.579 -2.354359453391841 -1.148875262601805
70.655 -2.358320309333612 -1.143141246896024
70.739 -2.36310495272345 -1.1358308750342108
70.829 -2.3648745451923534 -1.1329084131848908
70.923 -2.3682589546549275 -1.126810665932418
70.932 -2.3689114437936785 -1.1255799919774154
70.961 -2.367700288781183 -1.1279430566987947
70.992 -2.367113489195472 -1.129160214334259
71.033 -2.3647590811294554 -1.1345039290403618
71.054 -2.365921883742608 -1.131624776918867
71.083 -2.3664106627076897 -1.1303212963137028
71.166 -2.3687678904761604 -1.1227808875769782
71.263 -2.3680237763353382 -1.1263425283387583
71.35 -2.3684212403700866 -1.1228472463570307
71.45 -2.3687431413472333 -1.1072478688435539
71.532 -2.3695966402301902 -1.1189413599110691
71.616 -2.3696100676396497 -1.119025762684587
71.698 -2.3680805219178476 -1.1129519555044665
71.775 -2.3688780130553804 -1.1153000935735253
71.867 -2.3693734796763386 -1.1164295392437136
71.897 -2.3707462649077113 -1.1191366057704566
72.003 -2.368626747157692 -1.1153867984230927
72.104 -2.364516175076332 -1.1089935973541036
72.112 -2.3638244869857012 -1.1079685305012266
72.212 -2.353516803844375 -1.0928663332842072
72.271 -2.3491363289127034 -1.0865349895183114
72.367 -2.351058699723072 -1.0892665392633345
72.428 -2.3442480945144375 -1.0795902474444459
72.529 -2.331827811756938 -1.061667370511992
72.57 -2.3282861064582696 -1.0565020292708758
72.664 -2.309868924347204 -1.029534413531033
72.741 -2.303960586935485 -1.0209567613934982
72.785 -2.2961583738113593 -1.009672763078165
72.863 -2.2894698972309904 -0.9998904383169273
72.962 -2.2754263969000013 -0.9789948826179302
73.056 -2.27715153139722 -0.9815846268107372
73.11 -2.2725964761038404 -0.9747525151106922
73.19 -2.2613712876096144 -0.9575873776964475
73.272 -2.252781050656166 -0.9439594094049648
73.371 -2.2373635704760053 -0.9192703847685465
73.423 -2.233465584155785 -0.9130656386850587
73.503 -2.2272816167074008 -0.9032268504583244
73.555 -2.223199202545062 -0.8967325357888575
73.634 -2.2183441313389727 -0.8888571139573532
73.696 -2.207123955637511 -0.8704539312217588
73.788 -2.2016674787853527 -0.8614181021838238
73.841 -2.1965193316585805 -0.8528129175374562
73.909 -2.1851828642697146 -0.8342091213228354
73.96 -2.178557126728503 -0.82340744109075
74.049 -2.1679896502646145 -0.8062457524776898
74.093 -2.163765866739635 -0.7993583088155113
74.184 -2.1599009816827826 -0.7928726831043462
74.238 -2.1520024181582937 -0.7793305821295509
74.336 -2.137234426204197 -0.7539149377449899
74.369 -2.134510416579669 -0.7492138112319808
74.466 -2.1295340233560496 -0.7405617069790822
74.508 -2.1240112520683643 -0.7309611976333084
74.588 -2.120877390407033 -0.7255957762523396
74.63 -2.1159891668951847 -0.7172529465894275
74.706 -2.1033594067733605 -0.6957218882321496
74.724 -2.101675871604719 -0.6928803277625974
74.809 -2.0991362666172515 -0.6886117574652141
74.842 -2.0970616086559963 -0.6851383615013316
74.929 -2.0878057395670635 -0.6697227378576555
75.039 -2.0796090782133194 -0.6563709910395336
75.092 -2.0737585721730127 -0.6469797850038201
75.177 -2.065834958891287 -0.6344715288988259
75.201 -2.065553208163231 -0.6340356469872188
75.292 -2.0504181263806713 -0.610697196217457
75.336 -2.0434578185698578 -0.5999720881837293
75.427 -2.0339471222509635 -0.5851680475739872
75.523 -2.026209071474078 -0.5730742958523799
75.643 -2.0092062606557763 -0.5466270524498671
75.726 -1.9948780637366523 -0.524265891610822
75.745 -1.9922510174980226 -0.5201329793056656
75.831 -1.9833055723723763 -0.5057782095230614
75.928 -1.9777015687379904 -0.4966376121754795
76.016 -1.9721922623050179 -0.48767783627109085
76.098 -1.9644362459634146 -0.47506881818214153
76.172 -1.9590665719587326 -0.46631366037324834
76.239 -1.954523270808106 -0.4588050619920291
76.33 -1.9428496544244973 -0.4391973548036726
76.375 -1.9391708272879393 -0.4329626857884009
76.477 -1.9183993629050995 -0.39742682645914684
76.541 -1.91591456384282 -0.3931592316328789
76.637 -1.8980566728211907 -0.3622357411034046
76.679 -1.8945914572884095 -0.3561641124422089
76.781 -1.8927633021246206 -0.353004595527198
76.835 -1.8911178178848684 -0.3502188281338751
76.935 -1.876431246176423 -0.3254041805343248
77.011 -1.8720150545235124 -0.31801410164145066
77.105 -1.8527005834177779 -0.2861837935705331
77.203 -1.8480165770756813 -0.27853168574412374
77.253 -1.8398674571083697 -0.2653177207218533
77.332 -1.8354002648731218 -0.2580306423697955
77.414 -1.828755622097856 -0.247050991077452
77.503 -1.8167096308173638 -0.22707842736961417
77.575 -1.8100963350677706 -0.2162339305874795
77.667 -1.8056827223282463 -0.20900087720199403
77.719 -1.8001517033225078 -0.19989694441421157
77.808 -1.7917720318728951 -0.18608833458174764
77.84 -1.78714262299203 -0.17844084855938291
77.934 -1.77336359038715 -0.1557925332927141
77.977 -1.7708245791065096 -0.15162535918988207
78.079 -1.7645656174793614 -0.14126459383246678
78.102 -1.7640753711102228 -0.14044567947057876
78.195 -1.7541346321040459 -0.12400096697689746
78.202 -1.7535700749329455 -0.12307577980199606
78.301 -1.7460426699951046 -0.11048893702904922
78.318 -1.7446092149686887 -0.10804433748238515
78.441 -1.7358991867553728 -0.09314934428170726
78.477 -1.7287320092649643 -0.08084697857220144
78.55 -1.7271429058050924 -0.07812592753481522
78.564 -1.7256141274056727 -0.0755087782058514
78.638 -1.7122333097189484 -0.05271705538333743
78.657 -1.710453988170492 -0.04970453795648956
78.747 -1.700426761681952 -0.03268957678011953
78.765 -1.698274211567112 -0.029037578319320592
78.868 -1.6833917885985041 -0.0038303462606938156
78.904 -1.6811693860322374 -5.1649720163600215e-05
79.004 -1.6677289711717995 0.022756722208706254
79.031 -1.6681099367382544 0.02211777493432443
79.125 -1.663161896054374 0.030348331692008807
79.134 -1.6622542365167614 0.03185126291134585
79.225 -1.6578102050770405 0.03935186810075145
79.26 -1.6556853236059152 0.04302956930757655
79.363 -1.6382298958625114 0.0736388285750856
79.392 -1.63653292995748 0.07663432936679884
79.479 -1.6340225750556323 0.08118307900555403
79.52 -1.6273759107987278 0.09366300942730842
79.617 -1.6194929043273099 0.10876963285032978
79.713 -1.6097073938492936 0.12812290880414473
79.757 -1.6023360048517044 0.1429721672037511
79.851 -1.5957640527668049 0.15611383112770705
79.868 -1.5948398679916143 0.15794694368579693
79.947 -1.5849099893843397 0.17800366331597475
80.046 -1.5772555179635162 0.1933876822557899
80.145 -1.5579497642860627 0.23195565002647178
80.16 -1.5571385085277698 0.23361297560454178
80.252 -1.5499680478088025 0.248284456239786
80.349 -1.5405855739988976 0.26770826901650013
80.418 -1.5302687477156849 0.28941444267016664
80.513 -1.51118046233019 0.32889882541069027
80.603 -1.5005411897114382 0.3506167980777154
80.701 -1.491764958795475 0.3684106856221555
80.793 -1.4781551369991308 0.39548172065929943
80.895 -1.47640733230315 0.3989368880778826
80.996 -1.4688704797824401 0.41377533560463625
81.09 -1.4673766243868964 0.41663694995839423
81.19 -1.4636511000284855 0.4236108701890454
81.29 -1.4562285556447905 0.43759363670967666
81.384 -1.463154645450258 0.42456864799819316
81.486 -1.460147268609862 0.43009314975086804
81.585 -1.4607545998054217 0.42900244367206136
81.675 -1.4627709672678424 0.42541233122002076
81.777 -1.4597665186118332 0.4307441881691075
81.871 -1.4592117480169622 0.4317292625236291
81.966 -1.4686550972930907 0.41522984823755454
82.06 -1.4638289989461146 0.42335837013017596
82.155 -1.4704784598300311 0.41245881036453164
82.243 -1.4870331840096382 0.38568372620206276
82.319 -1.491884064925263 0.3778459599123017
82.427 -1.4864971328080014 0.38662981639766447
82.5 -1.484238102482944 0.39032194032408385
82.595 -1.4769269816340864 0.4020064170580098
82.686 -1.467839137373202 0.4164253925825173
82.777 -1.4694615398399706 0.41380876646365616
