1.85 0.9998644993218107 -0.499999999068551
1.9 0.9998820315139441 -0.4999999990684804
1.9500000000000002 0.9998969530588157 -0.4999999990683863
2.0 0.9999092652707194 -0.4999999990682901
2.05 0.9999189691889937 -0.499999999068205
2.1 0.9999260656039339 -0.49999999906813886
2.15 0.9999305550773042 -0.49999999906809633
2.2 0.9999324379573822 -0.49999999906808024
2.25 0.9999317143884956 -0.4999999990680926
2.3 0.9999283843150223 -0.49999999906813475
2.35 0.9999224474798396 -0.49999999906820725
2.4 0.999913903417214 -0.49999999906831083
2.45 0.9999027514401093 -0.49999999906844406
2.5 0.9998889906218987 -0.4999999990686082
2.55 0.9998726197724565 -0.4999999990688039
2.6 0.9998536374086051 -0.4999999990690294
2.65 0.9998320417188877 -0.49999999906928483
2.7 0.9998066042841715 -0.4999999990734167
2.75 0.9997755404464727 -0.4999999990290702
2.8 0.999750061179396 -0.4999999988582223
2.85 0.99975223065901 -0.49999999873103096
2.9 0.9997742095299083 -0.4999999987309953
2.95 0.9997935743618902 -0.49999999873086576
3.0 0.9998103270335386 -0.49999999873069856
3.05 0.9998244690872553 -0.4999999987305268
3.1 0.9998360017652989 -0.49999999873036993
3.15 0.9998449260401877 -0.4999999987302399
3.2 0.9998512426394839 -0.49999999873014506
3.25 0.9998549520649643 -0.4999999987300902
3.3 0.9998560426416871 -0.49999999873007606
3.35 0.9998545503485128 -0.4999999987301074
3.4 0.9998504391754376 -0.49999999873018364
3.45 0.9998437207654928 -0.4999999987303039
3.5 0.9998343945834417 -0.4999999987304696
3.55 0.9998224598659264 -0.4999999987306813
3.6 0.9998079156014976 -0.4999999987309395
3.65 0.9997907605050111 -0.4999999987312429
3.7 0.9997709929863653 -0.49999999873159123
3.75 0.9997486111135507 -0.49999999873198553
3.8 0.9997134743007069 -0.49999999874147993
3.85 0.9996760740577859 -0.4999999986540413
3.9 0.9996463637516023 -0.49999999845076437
3.95 0.9996693063803515 -0.4999999984506738
4.0 0.9996896339571774 -0.4999999984504686
4.05 0.9997073484979608 -0.4999999984502188
4.1 0.9997224516686439 -0.499999998449964
4.15 0.9997349448225357 -0.4999999984497321
4.2 0.99974482903231 -0.49999999844953735
4.25 0.9997521051165655 -0.4999999984493892
4.3 0.999756773660887 -0.49999999844929355
4.35 0.9997588193548321 -0.4999999984492541
4.4 0.9997582893946149 -0.49999999844927123
4.45 0.9997551367021161 -0.4999999984493475
4.5 0.9997493767091415 -0.49999999844948345
4.55 0.9997410089579929 -0.49999999844968
4.6 0.9997300327676969 -0.4999999984499367
4.65 0.9997164472160885 -0.4999999984502541
4.7 0.9997002511162721 -0.4999999984506313
4.75 0.9996814429874322 -0.4999999984510688
4.8 0.9996600210199668 -0.4999999984515665
4.85 0.9996266411864578 -0.4999999984690794
4.9 0.9995794985477159 -0.4999999984306925
4.95 0.9995379353538092 -0.4999999982657416
5.0 0.9995488311595616 -0.4999999982171195
5.05 0.9995696853502998 -0.4999999982168224
5.1 0.9995879260790101 -0.4999999982164796
5.15 0.9996035550742584 -0.49999999821614
5.2 0.9996165737472765 -0.4999999982158313
5.25 0.9996269832239738 -0.4999999982155719
5.3 0.9996347843719522 -0.4999999982153717
5.35 0.999639977822289 -0.49999999821523594
5.4 0.9996425639859451 -0.49999999821517077
5.45 0.9996425430647197 -0.4999999982151768
5.5 0.999639915056702 -0.4999999982152559
5.55 0.9996346797561929 -0.49999999821540886
5.6 0.9996268367480684 -0.49999999821563673
5.65 0.9996163853965744 -0.49999999821593893
5.7 0.9996033248285257 -0.49999999821631624
5.75 0.9995876539108931 -0.4999999982167681
5.8 0.9995693712227459 -0.4999999982172946
5.85 0.9995484750215257 -0.4999999982178958
5.9 0.999518082348279 -0.4999999982329883
5.95 0.9994623333919835 -0.4999999982298132
6.0 0.9994121616436588 -0.4999999981000401
6.05 0.9994115938558708 -0.49999999802658773
6.1 1.0001819461905148 -0.4999999922366748
6.15 1.0013893354108299 -0.4999999847084439
6.2 1.0034034695045213 -0.4999999743985926
6.25 1.0056647939457692 -0.4999999651737159
6.3 1.0086729130436178 -0.49999995508192313
6.35 1.0120281446580095 -0.49999994566616895
6.4 1.0160302514040367 -0.49999993552100963
6.45 1.0203794712577057 -0.4999999247494247
6.5 1.0253755663281703 -0.49999991142220074
6.55 1.0307387582599388 -0.4999998948088688
6.6 1.0376880771857215 -0.4999998684186551
6.65 1.0464013812546609 -0.4999998265268959
6.7 1.056355085768444 -0.4999997656874862
6.75 1.066334154611984 -0.4999996891029334
6.8 1.0756226215325408 -0.499999615576892
6.85 1.0765129147107786 -0.49999960814459404
6.9 1.077154484046275 -0.499999600613411
6.95 1.0853500179348914 -0.499999509764999
7.0 1.0953639410965874 -0.49999942927464935
7.05 1.1053752505559657 -0.49999935883514735
7.1 1.1153839473455658 -0.49999929637081225
7.15 1.125390032237738 -0.4999992398052185
7.2 1.13539350576135 -0.4999991870615668
7.25 1.1453943682136296 -0.4999991360628535
7.3 1.155392619666941 -0.49999908473191407
7.35 1.1653882599701986 -0.4999990309913883
7.4 1.1753812887448711 -0.4999989727636501
7.45 1.1853717053754804 -0.49999890797070373
7.5 1.1953595089945308 -0.49999883453407734
7.55 1.205344698506605 -0.4999987503722843
7.6 1.214111258028844 -0.4999986798253907
7.65 1.2154139987788506 -0.4999986659996976
7.7 1.2213853271119803 -0.4999985944461336
7.75 1.2313941851897328 -0.4999985049417132
7.8 1.2414004286797424 -0.4999984214621258
7.85 1.2514040581528851 -0.4999983419289354
7.9 1.2614050739359717 -0.49999826426339383
7.95 1.271403476118133 -0.499998186386536
8.0 1.2813992645521517 -0.49999810621917534
8.05 1.2913924388505005 -0.4999980216818492
8.1 1.3013829983759706 -0.4999979306947394
8.15 1.3090379012635283 -0.49999786745661035
8.2 1.3129352437271897 -0.4999978161292738
8.25 1.3229400082147147 -0.4999977206767217
8.3 1.3329421574719942 -0.4999976279925065
8.35 1.3429416916928587 -0.49999753599725555
8.4 1.3529386108289754 -0.4999974426111822
8.45 1.3629329145876112 -0.49999734575413374
8.5 1.3687027079106258 -0.4999972877728175
8.55 1.378703478667477 -0.4999971892084023
8.6 1.3887016337469018 -0.49999709023570027
8.65 1.3974332692314828 -0.49999700941572367
8.7 1.4074234655618714 -0.49999690930786933
8.75 1.4174234647933843 -0.49999680918581013
8.8 1.4274234639962926 -0.4999967090506815
8.85 1.4374234631818945 -0.4999966089030724
8.9 1.4474234623570235 -0.49999650874333973
8.95 1.4574234615258217 -0.4999964085716982
9.0 1.4674234606907866 -0.4999963083882777
9.05 1.4774234598534355 -0.4999962081931581
9.1 1.487423459014679 -0.49999610798638616
9.15 1.4974234581750765 -0.4999960077679918
9.2 1.507423457334956 -0.4999959075379922
9.25 1.5174234564945217 -0.49999580729639775
9.3 1.5274234556539061 -0.4999957070432148
9.35 1.5374234548131738 -0.4999956067784476
9.4 1.5474234539724991 -0.4999955065020994
9.45 1.5574234531374205 -0.49999540621434263
9.5 1.5674234523102224 -0.4999953059153582
9.55 1.5774234514878878 -0.49999520560514893
9.6 1.5874234506684954 -0.49999510528371616
9.65 1.5974234498508781 -0.49999500495106114
9.7 1.6074234490343347 -0.4999949046071857
9.75 1.617073448604679 -0.4999948077657106
9.8 1.6260734477568686 -0.49999471744054785
9.85 1.634743447597412 -0.49999463041850195
9.9 1.642743448095672 -0.4999945501269681
9.95 1.6504134486533613 -0.49999447314994866
10.0 1.657413449484221 -0.4999944029057639
10.05 1.664063450451325 -0.4999943361811226
10.1 1.670063451278679 -0.4999942759868165
10.15 1.6757134522470385 -0.49999421930992505
10.2 1.6807134530730936 -0.49999416916050543
10.25 1.6851834540407464 -0.4999941243317466
10.3 1.6891834548671336 -0.49999408422223407
10.35 1.6926934558353806 -0.49999404902974726
10.4 1.6956934566617505 -0.49999401895519757
10.45 1.6980034576289724 -0.4999939958001472
10.5 1.7000034584561852 -0.49999397575559823
10.55 1.7012334594230407 -0.49999396342935254
10.6 1.7022304602647214 -0.4999939534398576
10.65 1.702383460667136 -0.4999939519065898
10.7 1.702383460667136 -0.4999939519065898
10.75 1.702383460667136 -0.4999939519065898
10.8 1.702383460667136 -0.4999939519065898
10.85 1.702383460667136 -0.4999939519065898
10.9 1.702383460667136 -0.4999939519065898
10.95 1.702383460667136 -0.4999939519065898
11.0 1.702383460667136 -0.4999939519065898
11.05 1.702383460667136 -0.4999939519065898
11.1 1.702383460667136 -0.4999939519065898
11.15 1.702383460667136 -0.4999939519065898
11.2 1.702383460667136 -0.4999939519065898
11.25 1.702383460667136 -0.4999939519065898
11.3 1.7024360266489706 -0.4999940254180145
11.35 1.7026959655984426 -0.49999467816284127
11.4 1.7029772172286048 -0.4999963886196825
11.45 1.7034513737253405 -0.5000007116955207
11.5 1.7039367372856717 -0.5000079720275513
11.55 1.7046134158916633 -0.5000220136644437
11.6 1.7053100653665973 -0.5000423211216822
11.65 1.7061711503670511 -0.5000753019252094
11.7 1.7070142242158985 -0.5001185171951774
11.75 1.7079900888708002 -0.5001822869006967
11.8 1.709091260965864 -0.500272942943601
11.85 1.7103302313006987 -0.5004068799167505
11.9 1.7116996907135256 -0.5005956585196769
11.95 1.713191379954195 -0.5008521918436957
12.0 1.7147960135119624 -0.5011895833160783
12.05 1.7165038515083604 -0.5015779210039416
12.1 1.718303988838838 -0.501995495788799
12.15 1.7201567973428746 -0.5024384867072282
12.2 1.7218919492436784 -0.5029037266539241
12.25 1.7234795074502944 -0.5033855086371363
12.3 1.724916574858998 -0.5038768051359611
12.35 1.7262007387824165 -0.5043695564881505
12.4 1.727330228617614 -0.5048546640059283
12.45 1.728304090862384 -0.5053220036530947
12.5 1.7291223796019433 -0.5057604653796308
12.55 1.7297863593222231 -0.5061580234316498
12.6 1.7302987154534184 -0.506501842917253
12.65 1.730676430704312 -0.5067876912062786
12.7 1.73101958919332 -0.5070770018801767
12.75 1.731347857200391 -0.5073831003926749
12.8 1.7316604141990046 -0.5077052212985509
12.85 1.7319564789287163 -0.5080425590555153
12.9 1.7322353118425808 -0.5083942706275215
12.95 1.7324962538603734 -0.5087595248898474
13.0 1.7327095881192371 -0.5090865614062484
13.05 1.7328363503051882 -0.5093088608534164
13.1 1.732937981143596 -0.5095010211150454
13.15 1.7329856473884946 -0.5096181124662792
13.2 1.7330020980683565 -0.5096516812351858
13.25 1.7329922814469212 -0.5096562642434308
13.3 1.7329563381581623 -0.5095469200563594
13.35 1.7330822335863192 -0.5099832880183122
13.4 1.7332592442809742 -0.5106582943207385
13.45 1.7335940972888202 -0.5120358898811577
13.5 1.7338976575394074 -0.5135267050558986
13.55 1.7343024118866641 -0.5157359070300153
13.6 1.7346514163072133 -0.5180418083620183
13.65 1.7350356954770005 -0.521072673073401
13.7 1.7353612206862374 -0.5242871879593073
13.75 1.735660138635208 -0.5281164630898052
13.8 1.7358878255779986 -0.5321967355428241
13.85 1.7360513527453165 -0.5377295664134191
13.9 1.736133292998836 -0.5449510412230659
13.95 1.7360566409297136 -0.5536074690193286
14.0 1.7358223664323802 -0.5623762074965778
14.05 1.7354384510574177 -0.5712293189486823
14.1 1.7349132999358758 -0.5801669472273105
14.15 1.7342558441815814 -0.5891895944772896
14.2 1.7334755445369243 -0.5982980645030359
14.25 1.732582391531823 -0.6074934090286496
14.3 1.731586901093398 -0.6167768904170764
14.35 1.7305001063535244 -0.6261499641656096
14.4 1.7293335480257757 -0.6356142736898209
14.45 1.7280992662056764 -0.6451716432074152
14.5 1.7268096719436694 -0.654825296907486
14.55 1.7254777196706723 -0.6645814297693102
14.6 1.7241176483664735 -0.6744431723357133
14.65 1.7227496742391741 -0.6843491619820268
14.7 1.7213817001356728 -0.6942551516297368
14.75 1.7200137260556911 -0.7041611412788806
14.8 1.7186457519991813 -0.7140671309296441
14.85 1.7172777779661081 -0.7239731205822494
14.9 1.7159098039564362 -0.7338791102369194
14.95 1.7145418299701447 -0.7437850998938593
15.0 1.7131738560072123 -0.7536910895532547
15.05 1.7118058820676239 -0.763597079215255
15.1 1.7104379081513712 -0.7735030688799799
15.15 1.7090699342584355 -0.7834090585475562
15.2 1.7077019603888193 -0.7933150482180362
15.25 1.7063339865425171 -0.8032210378914924
15.3 1.704966012719525 -0.8131270275679788
15.35 1.703598038919838 -0.8230330172475273
15.4 1.7022300651434532 -0.832939006930177
15.45 1.7008620913903683 -0.8428449966159522
15.5 1.6994941176605827 -0.8527509863048722
15.55 1.6981261439541013 -0.8626569759969599
15.6 1.696758170270904 -0.8725629656922075
15.65 1.6953901966110174 -0.8824689553906605
15.7 1.6940222229744053 -0.8923749450922817
15.75 1.692654249349879 -0.9022809355511565
15.8 1.6912862757254992 -0.9121869260736196
15.85 1.6899183021012367 -0.9220929165948868
15.9 1.688550328477044 -0.9319989071153943
15.95 1.6871823548528888 -0.9419048976354216
16.0 1.685814381228756 -0.9518108881551343
16.05 1.6844464076046342 -0.9617168786746427
16.1 1.6830784339805176 -0.9716228691940172
16.15 1.6817104603564048 -0.981528859713298
16.2 1.6803424867322927 -0.9914348502325202
16.25 1.6789745131081801 -1.0013408407516977
16.3 1.6776065394840682 -1.0112468312708431
16.35 1.676238565859956 -1.0211528217899677
16.4 1.6748705922358413 -1.0310588123090803
16.45 1.673502618611726 -1.0409648028281828
16.5 1.672134644987612 -1.0508707933472694
16.55 1.6707666713634959 -1.0607767838663535
16.6 1.6693986977393818 -1.07068277438543
16.65 1.6680307241152645 -1.0805887649044987
16.7 1.6666627504911518 -1.0904947554235738
16.75 1.6652947768670296 -1.1004007459426624
16.8 1.6639268032429142 -1.1103067364617378
16.85 1.6625588296188014 -1.1202127269808033
16.9 1.6611908559946902 -1.130118717499856
16.95 1.6598228823705732 -1.1400247080189139
17.0 1.6584549087464526 -1.149930698537977
17.05 1.6570869351223318 -1.159836689057044
17.1 1.6557189614982086 -1.1697426795761119
17.15 1.6543509878740839 -1.1796486700951707
17.2 1.6529830142499573 -1.1895546606142264
17.25 1.6516150406258294 -1.1994606511332875
17.3 1.6502470670017004 -1.2093666416523505
17.35 1.6488790933775697 -1.2192726321714187
17.4 1.6475111197534378 -1.2291786226904857
17.45 1.6461431461293057 -1.239084613209552
17.5 1.6447751725051707 -1.248990603728621
17.55 1.6434071988810333 -1.2588965942476875
17.6 1.6420392252568934 -1.2688025847667508
17.65 1.640671251632752 -1.2787085752858147
17.7 1.6393032780086085 -1.2886145658048807
17.75 1.637935304384463 -1.2985205563239506
17.8 1.6365673307603148 -1.308426546843011
17.85 1.6351993571361643 -1.318332537362071
17.9 1.6338313835120115 -1.3282385278811364
17.95 1.6324634098878579 -1.3381445184001974
18.0 1.6310954362637025 -1.3480505089192634
18.05 1.6297274626395455 -1.3579564994383253
18.1 1.6283594890153854 -1.3678624899573897
18.15 1.6269915153912222 -1.3777684804764503
18.2 1.6256235417670606 -1.3876744709955022
18.25 1.6242555681428987 -1.3975804615145528
18.3 1.6228875945187349 -1.4074864520336083
18.35 1.6215196208945695 -1.4173924425526696
18.4 1.620151647270403 -1.427298433071731
18.45 1.6187836736462342 -1.437204423590792
18.5 1.6174157000220615 -1.4471104141098605
18.55 1.616047726397887 -1.4570164046289222
18.6 1.6146797527737125 -1.466922395147981
18.65 1.6133117791495368 -1.4768283856670392
18.7 1.6119438055253614 -1.4867343761860927
18.75 1.6105758319011851 -1.4966403667051427
18.8 1.6092078582770082 -1.5065463572241946
18.85 1.6078398846528281 -1.5164523477432545
18.9 1.6064719110286432 -1.5263583382623156
18.95 1.6051039374044571 -1.5362643287813789
19.0 1.6037359637802708 -1.5461703193004366
19.05 1.6023679901560828 -1.556076309819498
19.1 1.6010000165318938 -1.5659823003385587
19.15 1.5996320429077016 -1.5758882908576148
19.2 1.5982640692835075 -1.5857942813766677
19.25 1.5968960956593132 -1.5957002718957156
19.3 1.5955281220351183 -1.605606262414764
19.35 1.594160148410921 -1.6155122529338224
19.4 1.5927921747867229 -1.6254182434528786
19.45 1.5914242011625237 -1.6353242339719374
19.5 1.5900562275383232 -1.6452302244909958
19.55 1.5886882539141194 -1.6551362150100584
19.6 1.5873202802899138 -1.6650422055291163
19.65 1.5859523066657069 -1.6749481960481722
19.7 1.5845843330414995 -1.6848541865672242
19.75 1.5832163594172894 -1.6947601770862832
19.8 1.5818483857930785 -1.7046661676053365
19.85 1.580480412168864 -1.714572158124394
19.9 1.579112438544647 -1.7244781486434448
19.95 1.5777444649204273 -1.7343841391625008
20.0 1.576376491296207 -1.7442901296815558
20.05 1.575008517671984 -1.754196120200616
20.1 1.5736405440477592 -1.7641021107196666
20.15 1.572272570423531 -1.7740081012387212
20.2 1.5709045967993005 -1.783914091757774
20.25 1.5695366231750707 -1.7938200822768207
20.3 1.5681686495508411 -1.8037260727958615
20.35 1.566800675926611 -1.8136320633149023
20.4 1.5654327023023789 -1.823538053833953
20.45 1.5640647286781446 -1.8334440443530058
20.5 1.5626967550539068 -1.8433500348720595
20.55 1.5613287814296677 -1.8532560253911075
20.6 1.5599608078054261 -1.8631620159101587
20.65 1.5585928341811845 -1.8730680064292093
20.7 1.5572248605569416 -1.8829739969482606
20.75 1.5558568869326985 -1.892879987467307
20.8 1.554488913308452 -1.9027859779863632
20.85 1.553120939684204 -1.9126919685054047
20.9 1.5517529660599523 -1.9225979590244562
20.95 1.5503849924357 -1.9325039495435052
21.0 1.549017018811447 -1.942409940062557
21.05 1.5476490451871927 -1.9523159305816087
21.1 1.5462810715629351 -1.9622219211006635
21.15 1.5449130979386758 -1.9721279116197152
21.2 1.5435451243144145 -1.9820339021387645
21.25 1.5421771506901514 -1.9919398926578105
21.3 1.5408091770658856 -2.001845883176863
21.35 1.5394412034416183 -2.0117518736959155
21.4 1.538073229817348 -2.0216578642149634
21.45 1.5367052561930747 -2.031563854734008
21.5 1.5353372825688003 -2.041469845253053
21.55 1.5339693089445245 -2.051375835772101
21.6 1.5326013353202486 -2.061281826291145
21.65 1.5312333616959704 -2.071187816810197
21.7 1.529865388071691 -2.081093807329245
21.75 1.5284974144474084 -2.090999797848289
21.8 1.5271294408231246 -2.1009057883673297
21.85 1.5257614671988378 -2.1108117788863794
21.9 1.524393493574551 -2.120717769405421
21.95 1.5230255199502631 -2.1306237599244646
22.0 1.5216575463259727 -2.1405297504435055
22.05 1.5202895727016783 -2.15043574096255
22.1 1.5189215990773812 -2.160341731481598
22.15 1.5175536254530833 -2.1702477220006435
22.2 1.5161856518287842 -2.180153712519688
22.25 1.5148176782044835 -2.1900597030387305
22.3 1.5134497045801798 -2.199965693557772
22.35 1.5120817309558752 -2.209871684076806
22.4 1.5107137573315683 -2.2197776745958473
22.45 1.509345783707261 -2.2296836651148855
22.5 1.5079778100829524 -2.239589655633923
22.55 1.5066098364586422 -2.2494956461529627
22.6 1.5052418628343296 -2.2594016366720067
22.65 1.5038738892100165 -2.2693076271910426
22.7 1.5025059155856997 -2.2792136177100852
22.75 1.5011379419613806 -2.2891196082291265
22.8 1.4997699683370618 -2.299025598748161
22.85 1.498401994712741 -2.3089315892672015
22.9 1.497034021088418 -2.3188375797862455
22.95 1.4956660474640913 -2.3287435703052877
23.0 1.4942980738397629 -2.338649560824322
23.05 1.4929301002154323 -2.3485555513433574
23.1 1.4915621265911003 -2.3584615418623964
23.15 1.4901941529667673 -2.3683675323814306
23.2 1.4888261793424313 -2.3782735229004675
23.25 1.4874582057180912 -2.3881795134195065
23.3 1.4860902320937508 -2.39808550393854
23.35 1.48472225846941 -2.4079914944575673
23.4 1.483354284845068 -2.417897484976599
23.45 1.481986311220726 -2.427803475495627
23.5 1.4806183375963817 -2.437709466014659
23.55 1.479250363972034 -2.4476154565336947
23.6 1.4778823903476839 -2.4575214470527293
23.65 1.4765144167233308 -2.4674274375717644
23.7 1.4751464430989782 -2.4773334280907995
23.75 1.4737784694746245 -2.487239418609834
23.8 1.4724104958502697 -2.4971454091288643
23.85 1.471042522225913 -2.507051399647896
23.9 1.469674548601553 -2.5169573901669358
23.95 1.468306574977191 -2.526863380685965
24.0 1.4669386013528276 -2.5367693712049966
24.05 1.4655706277284635 -2.546675361724027
24.1 1.464202654104097 -2.556581352243062
24.15 1.4628346804797274 -2.566487342762099
24.2 1.4614667068553542 -2.5763933332811306
24.25 1.46009873323098 -2.5862993238001653
24.3 1.4587307596066041 -2.5962053143191985
24.35 1.457362785982227 -2.60611130483823
24.4 1.455994812357848 -2.616017295357264
24.45 1.454626838733463 -2.625923285876303
24.5 1.4532588651090765 -2.6358292763953415
24.55 1.4518908914846904 -2.6457352669143717
24.6 1.4505229178603023 -2.6556412574334054
24.65 1.4491549442359137 -2.66554724795244
24.7 1.4477869706115223 -2.6754532384714795
24.75 1.446418996987129 -2.6853592289905106
24.8 1.445051023362734 -2.695265219509542
24.85 1.443683049738338 -2.705171210028572
24.9 1.442315076113942 -2.715077200547595
24.95 1.4409471024895433 -2.7249831910666282
25.0 1.4395791288651456 -2.734889181585651
25.05 1.4382111552407444 -2.7447951721046846
25.1 1.4368431816163407 -2.7547011626237166
25.15 1.4354752079919344 -2.7646071531427494
25.2 1.434107234367527 -2.7745131436617796
25.25 1.4327392607431177 -2.784419134180819
25.3 1.4313712871187074 -2.7943251246998484
25.35 1.4300033134942947 -2.8042311152188777
25.4 1.4286353398698781 -2.8141371057379043
25.45 1.4272673662454618 -2.8240430962569203
25.5 1.4258993926210455 -2.8339490867759354
25.55 1.4245314189966267 -2.84385507729496
25.6 1.4231634453722073 -2.8537610678139886
25.65 1.4217954717477854 -2.863667058333018
25.7 1.420427498123363 -2.8735730488520455
25.75 1.4190595244989368 -2.8834790393710805
25.8 1.4176915508745078 -2.8933850298901107
25.85 1.416323577250078 -2.903291020409136
25.9 1.4149556036256477 -2.9131970109281586
25.95 1.4135876300012176 -2.9231030014471777
26.0 1.4122196563767881 -2.933008991966192
26.05 1.4108516827523576 -2.942914982485208
26.1 1.4094837091279244 -2.952820973004231
26.15 1.4081157355034888 -2.9627269635232563
26.2 1.4067477618790494 -2.97263295404228
26.25 1.4053797882546086 -2.982538944561303
26.3 1.404011814630166 -2.9924449350803304
26.35 1.4026438410057223 -3.0023509255993552
26.4 1.4012758673812764 -3.012256916118378
26.45 1.399907893756828 -3.0221629066373956
26.5 1.3985399201323767 -3.032068897156414
26.55 1.3971719465079255 -3.0419748876754267
26.6 1.3958039728834726 -3.0518808781944475
26.65 1.3944359992590187 -3.0617868687134724
26.7 1.3930680256345636 -3.071692859232497
26.75 1.3917000520101055 -3.08159884975152
26.8 1.3903320783856445 -3.0915048402705416
26.85 1.388964104761182 -3.101410830789568
26.9 1.3875961311367189 -3.1113168213085904
26.95 1.3862281575122557 -3.1212228118276113
27.0 1.384860183887791 -3.1311288023466326
27.05 1.3834922102633262 -3.141034792865647
27.1 1.3821242366388602 -3.150940783384659
27.15 1.3807562630143906 -3.1608467739036747
27.2 1.3793882893899176 -3.1707527644226916
27.25 1.3780203157654427 -3.1806587549417116
27.3 1.3766523421409673 -3.190564745460728
27.35 1.3752843685164893 -3.200470735979748
27.4 1.37391639489201 -3.2103767264987675
27.45 1.3725484212675274 -3.2202827170177826
27.5 1.3711804476430431 -3.2301887075367945
27.55 1.3698124740185582 -3.2400946980558065
27.6 1.3684445003940706 -3.2500006885748243
27.65 1.3670765267695828 -3.259906679093837
27.7 1.3657085531450919 -3.269812669612852
27.75 1.3643405795205985 -3.279718660131866
27.8 1.3629726058961027 -3.28962465065088
27.85 1.3616046322716056 -3.299530641169897
27.9 1.3602366586471084 -3.309436631688912
27.95 1.3588686850226097 -3.319342622207929
28.0 1.3575007113981108 -3.329248612726937
28.05 1.356132737773608 -3.339154603245954
28.1 1.3547647641491003 -3.349060593764972
28.15 1.3533967905245923 -3.3589665842839844
28.2 1.352028816900083 -3.3688725748029995
28.25 1.350660843275572 -3.3787785653220133
28.3 1.349292869651059 -3.3886845558410243
28.35 1.3479248960265422 -3.3985905463600377
28.4 1.3466567843147945 -3.407773400409336
28.45 1.3454294383754695 -3.4166610559798314
28.5 1.34432438915904 -3.4246631159947025
28.55 1.3432338405886977 -3.4325601725116566
28.6 1.3422655887377952 -3.4395716334754756
28.65 1.3413613580821981 -3.4461194941415796
28.7 1.340540573900385 -3.452063089269965
28.75 1.3398059719235227 -3.4573826070950298
28.8 1.3391219851583573 -3.4623356031891075
28.85 1.3385196274366131 -3.466689906146576
28.9 1.3379322286867534 -3.4708897308970057
28.95 1.3374368238068906 -3.4743547355870406
29.0 1.3369548927556365 -3.4776200322621866
29.05 1.3365530151145284 -3.480227424119883
29.1 1.3361698617321554 -3.4825959333662295
29.15 1.3358582768875449 -3.4844071761736743
29.2 1.335586309313859 -3.4858945228850713
29.25 1.3353864420398596 -3.486904579570955
29.3 1.3351637279897863 -3.4879513261119537
29.35 1.3348673112493707 -3.4892472782111237
29.4 1.3344844112566985 -3.490798820921388
29.45 1.334003478661768 -3.4925993570012603
29.5 1.3334118269958868 -3.494641139779523
29.55 1.3327287253539164 -3.4968114552526663
29.6 1.3320296382752728 -3.4988504866802863
29.65 1.3313220124314475 -3.500743894196053
29.7 1.3306107212190965 -3.50248913410583
29.75 1.3299015726108654 -3.5040839772260894
29.8 1.3292013280589818 -3.505526619269169
29.85 1.3285177118991167 -3.506815802781956
29.9 1.3278594089658768 -3.507950950210288
29.95 1.3272360479365892 -3.5089323075448253
30.0 1.3266581676680964 -3.5097610979032168
30.05 1.3261407071165405 -3.510435118647771
30.1 1.3258244483497696 -3.5107997538254323
30.15 1.325555141892465 -3.511082174256756
30.2 1.32538694200138 -3.511248979799161
30.25 1.3251947956358143 -3.5114168743507688
30.3 1.3251061898639922 -3.511500248249145
30.35 1.3249900645141877 -3.5115868320542387
30.4 1.3249865048419898 -3.5116054461657806
30.45 1.3249443541046926 -3.511631466118217
30.5 1.3250211712572195 -3.5116079220006267
30.55 1.325060455880131 -3.5115835469471643
30.6 1.3250108574287418 -3.511609244550182
30.65 1.3248100832521346 -3.51170920180022
30.7 1.3245534743929377 -3.5117952921934865
30.75 1.3242198528358646 -3.5118709290627015
30.8 1.3238232048764382 -3.5119366418969356
30.85 1.3233936149921608 -3.511990623347909
30.9 1.3229017822350224 -3.5120300612064073
30.95 1.3223673869200818 -3.512057662806575
31.0 1.3217733776417864 -3.512071835209894
31.05 1.3211764578532934 -3.5120896433782622
31.1 1.3208504145280973 -3.5121384569802694
31.15 1.320528520195122 -3.512174556929142
31.2 1.320374251126435 -3.512181769033667
31.25 1.3197880751465498 -3.5122081862719963
31.3 1.3188971231587796 -3.5122274180754336
31.35 1.3173649487275025 -3.512212598623192
31.4 1.315711024825009 -3.5121440119344487
31.45 1.3134559479509562 -3.511978827252791
31.5 1.3110274200692034 -3.511728338120488
31.55 1.3079806434418304 -3.5113228370208622
31.6 1.3047914022881164 -3.510808366079816
31.65 1.3009530098513107 -3.510082851820841
31.7 1.2969680753614279 -3.5092247199667286
31.75 1.2918235090831125 -3.5079860528078313
31.8 1.2851363459059684 -3.506215672737178
31.85 1.2770774543899164 -3.503897836209063
31.9 1.268841661232827 -3.501349194962285
31.95 1.260541404689657 -3.498611109527228
32.0 1.252174430484164 -3.4956938976999705
32.05 1.2437377944179129 -3.4926084565250437
32.1 1.2352278675213655 -3.489366257375716
32.15 1.2266403585842547 -3.485979348525271
32.2 1.2179703555714223 -3.4824603656171247
32.25 1.2092123829009593 -3.4788225481449366
32.3 1.2003604687321885 -3.4750797587267854
32.35 1.1914082163479656 -3.471246502171039
32.4 1.1823488762786711 -3.4673379428822964
32.45 1.1731880239315804 -3.4633750144213784
32.5 1.1640101623776271 -3.459404266119707
32.55 1.154832300837916 -3.4554335177935305
32.6 1.145654439311813 -3.4514627694422786
32.65 1.1364765777988546 -3.4474920210655213
32.7 1.1272987162986887 -3.443521272662931
32.75 1.1181208548110486 -3.4395505242342517
32.8 1.1089429933357395 -3.43557977577929
32.85 1.0997651319054755 -3.431609027071984
32.9 1.0905872704773008 -3.4276382783040757
32.95 1.0814094090350332 -3.423667529570775
33.0 1.0722315475786013 -3.4196967808722945
33.05 1.0630536861078645 -3.415726032208782
33.1 1.0538758246226714 -3.41175528358035
33.15 1.0446979631228681 -3.407784534987085
33.2 1.0355201016083238 -3.4038137864290525
33.25 1.0263422396542208 -3.399843037894342
33.3 1.0171643773681407 -3.3958722893585995
33.35 1.007986515083332 -3.3919015408233157
33.4 0.998808652799328 -3.387930792288309
33.45 0.989630790515842 -3.3839600437534747
33.5 0.9804529282326936 -3.379989295218743
33.55 0.9712750659497632 -3.376018546684074
33.6 0.9620972036669818 -3.3720477981494446
33.65 0.9529193413842997 -3.3680770496148384
33.7 0.9437414791016905 -3.364106301080248
33.75 0.9345636168191284 -3.360135552545667
33.8 0.9253857545365968 -3.3561648040110894
33.85 0.9162078922540956 -3.3521940554765157
33.9 0.9070300299716071 -3.348223306941943
33.95 0.8978521676891271 -3.3442525584073715
34.0 0.8886743054066675 -3.340281809872804
34.05 0.8794964431242062 -3.336311061338238
34.1 0.8703185808417602 -3.332340312803673
34.15 0.8611407185593136 -3.32836956426911
34.2 0.8519628562768602 -3.3243988157345394
34.25 0.84278499399442 -3.320428067199978
34.3 0.8336071317119697 -3.316457318665402
34.35 0.8244292694295305 -3.3124865701308366
34.4 0.8152514071471041 -3.3085158215962758
34.45 0.80607354486469 -3.3045450730617216
34.5 0.796895682582265 -3.3005743245271564
34.55 0.7877178202998304 -3.296603575992585
34.6 0.7785399580173946 -3.292632827458012
34.65 0.7693620957349602 -3.2886620789234384
34.7 0.7601842334525291 -3.284691330388864
34.75 0.7510063711700974 -3.2807205818542893
34.8 0.7418285088876653 -3.2767498333197116
34.85 0.7326506466052354 -3.272779084785134
34.9 0.7234727843227995 -3.2688083362505536
34.95 0.7142949220403704 -3.2648375877159737
35.0 0.7051170597579396 -3.260866839181387
35.05 0.695939197475508 -3.256896090646798
35.1 0.6867613351930782 -3.2529253421122095
35.15 0.67758347291065 -3.2489545935776194
35.2 0.6684056106282256 -3.2449838450430284
35.25 0.6592277483457978 -3.241013096508436
35.3 0.6500498860633745 -3.237042347973842
35.35 0.6408720237809509 -3.2330715994392465
35.4 0.6316941614985302 -3.229100850904651
35.45 0.6225162992161087 -3.225130102370053
35.5 0.6133384369336881 -3.2211593538354513
35.55 0.6041605746512659 -3.217188605300849
35.6 0.5949827123688447 -3.2132178567662417
35.65 0.5858048500864251 -3.209247108231634
35.7 0.5766269878040086 -3.205276359697026
35.75 0.56744912552159 -3.201305611162414
35.8 0.5582712632391766 -3.1973348626278018
35.85 0.5490934009567585 -3.1933641140931863
35.9 0.5399155386743422 -3.1893933655585713
35.95 0.5307376763919296 -3.185422617023956
36.0 0.5215598141095157 -3.1814518684893396
36.05 0.5123819518271016 -3.177481119954721
36.1 0.5032040895446854 -3.1735103714201025
36.15 0.4940262272622711 -3.169539622885482
36.2 0.4848483649798578 -3.1655688743508597
36.25 0.4756705026974421 -3.1615981258162353
36.3 0.4664926404150302 -3.157627377281609
36.35 0.4573147781326207 -3.153656628746979
36.4 0.4481369158502114 -3.149685880212348
36.45 0.43895905356780063 -3.1457151316777137
36.5 0.4297811912853957 -3.141744383143079
36.55 0.42060332900298697 -3.1377736346084424
36.6 0.41142546672057756 -3.133802886073803
36.65 0.4022476044381712 -3.129832137539164
36.7 0.3930697421557648 -3.125861389004523
36.75 0.38389187987336654 -3.1218906404698847
36.8 0.3747140175909625 -3.117919891935243
36.85 0.36553615530855926 -3.1139491434005984
36.9 0.35635829302615624 -3.1099783948659527
36.95 0.34718043074375887 -3.1060076463313075
37.0 0.33800256846135807 -3.102036897796657
37.05 0.32882470617895787 -3.0980661492620043
37.1 0.3196468438965577 -3.0940954007273516
37.15 0.3104689816141589 -3.0901246521926957
37.2 0.3012911193317617 -3.0861539036580377
37.25 0.29211325704936564 -3.0821831551233787
37.3 0.28293539476696933 -3.0782124065887175
37.35 0.2737575324845773 -3.0742416580540572
37.4 0.2645796702021784 -3.070270909519394
37.45 0.25540180791978206 -3.06630016098473
37.5 0.246223945637391 -3.0623294124500653
37.55 0.23704608335499566 -3.0583586639153952
37.6 0.22786822107260185 -3.054387915380727
37.65 0.21869035879020962 -3.0504171668460547
37.7 0.20951249650781856 -3.046446418311379
37.75 0.20033463422542686 -3.042475669776702
37.8 0.19115677194303565 -3.038504921242026
37.85 0.1819789096606493 -3.0345341727073483
37.9 0.17280104737826163 -3.030563424172668
37.95 0.16362318509587578 -3.026592675637987
38.0 0.15444532281348541 -3.022621927103305
38.05 0.14526746053109954 -3.0186511785686214
38.1 0.13608959824871378 -3.014680430033938
38.15 0.12691173596632815 -3.010709681499253
38.2 0.1177338736839408 -3.0067389329645664
38.25 0.10855601140155637 -3.00276818442988
38.3 0.09937814911917095 -2.9987974358951885
38.35 0.09020028683678905 -2.994826687360498
38.4 0.08102242455440849 -2.9908559388258067
38.45 0.07184456227202926 -2.986885190291109
38.5 0.06266669998965006 -2.9829144417564124
38.55 0.05348883770727055 -2.9789436932217126
38.6 0.04431097542489198 -2.9749729446870097
38.65 0.03513311314251252 -2.971002196152306
38.7 0.02595525086013378 -2.9670314476176003
38.75 0.016777388577757162 -2.9630606990828934
38.8 0.0075995262953835255 -2.959089950548187
38.85 -0.001578335986992665 -2.9551192020134796
38.9 -0.010756198269366949 -2.9511484534787704
38.95 -0.019934060551740726 -2.94717770494406
39.0 -0.0291119228341126 -2.9432069564093477
39.05 -0.03828978511648225 -2.9392362078746364
39.1 -0.04746764739885649 -2.935265459339921
39.15 -0.05664550968122785 -2.931294710805201
39.2 -0.0658233719636004 -2.9273239622704805
39.25 -0.0750012342459717 -2.923353213735757
39.3 -0.08417909652833942 -2.9193824652010325
39.35 -0.09335695881070659 -2.9154117166663074
39.4 -0.10253482109307412 -2.9114409681315814
39.45 -0.11171268337543898 -2.9074702195968536
39.5 -0.1208905456578032 -2.9034994710621245
39.55 -0.13006840794016944 -2.899528722527393
39.6 -0.13924627022253355 -2.8955579739926582
39.65 -0.14842413250489678 -2.8915872254579242
39.7 -0.15760199478726158 -2.8876164769231867
39.75 -0.16677985706962445 -2.8836457283884447
39.8 -0.17595771935198554 -2.879674979853702
39.85 -0.18513558163434846 -2.875704231318959
39.9 -0.19431344391670896 -2.871733482784214
39.95 -0.2034913061990681 -2.8677627342494674
40.0 -0.21266916848142597 -2.86379198571472
40.05 -0.22184703076378554 -2.859821237179972
40.1 -0.23102489304614754 -2.855850488645221
40.15 -0.24020275532850455 -2.851879740110471
40.2 -0.24938061761086217 -2.847908991575719
40.25 -0.25855847989322067 -2.843938243040967
40.3 -0.2677363421755767 -2.8399674945062143
40.35 -0.27691420445793097 -2.835996745971458
40.4 -0.28609206674028514 -2.832025997436702
40.45 -0.2952699290226358 -2.828055248901946
40.5 -0.3044477913049893 -2.824084500367183
40.55 -0.31362565358733874 -2.8201137518324204
40.6 -0.3228035158696894 -2.8161430032976558
40.65 -0.3319813781520414 -2.8121722547628876
40.7 -0.3411592404343908 -2.808201506228118
40.75 -0.35033710271674223 -2.804230757693346
40.8 -0.3595149649990923 -2.800260009158574
40.85 -0.36869282728144104 -2.7962892606238
40.9 -0.3778706895637875 -2.7923185120890257
40.95 -0.3870485518461328 -2.788347763554253
41.0 -0.3962264141284785 -2.784377015019476
41.05 -0.40540427641082094 -2.7804062664846994
41.1 -0.4145821386931636 -2.77643551794992
41.15 -0.4237600009755053 -2.772464769415139
41.2 -0.4329378632578481 -2.7684940208803517
41.25 -0.4421157255401913 -2.764523272345567
41.3 -0.45129358782253476 -2.760552523810779
41.35 -0.46047145010487445 -2.7565817752759894
41.4 -0.46964931238721164 -2.7526110267411985
41.45 -0.4788271746695518 -2.748640278206406
41.5 -0.4880050369518876 -2.744669529671612
41.55 -0.49718289923422576 -2.740698781136817
41.6 -0.5063607615165623 -2.7367280326020214
41.65 -0.5155386237988974 -2.732757284067224
41.7 -0.5247164860812329 -2.7287865355324223
41.75 -0.5338943483635689 -2.724815786997621
41.8 -0.5430722106459025 -2.720845038462818
41.85 -0.552250072928237 -2.7168742899280094
41.9 -0.5614279352105678 -2.712903541393202
41.95 -0.5706057974929001 -2.708932792858394
42.0 -0.5797836597752309 -2.704962044323585
42.05 -0.5889615220575615 -2.7009912957887723
42.1 -0.5981393843398927 -2.697020547253959
42.15 -0.6073172466222241 -2.6930497987191453
42.2 -0.6164951089045556 -2.68907905018433
42.25 -0.6256729711868854 -2.685108301649514
42.3 -0.6348508334692147 -2.681137553114696
42.35 -0.644028695751545 -2.6771668045798775
42.4 -0.6532065580338718 -2.673196056045061
42.45 -0.6623844203162009 -2.6692253075102417
42.5 -0.671562282598528 -2.6652545589754184
42.55 -0.6807401448808517 -2.6612838104405974
42.6 -0.6899180071631761 -2.6573130619057728
42.65 -0.6990958694454972 -2.653342313370945
42.7 -0.7082737317278203 -2.649371564836115
42.75 -0.7174515940101425 -2.645400816301284
42.8 -0.7266294562924659 -2.6414300677664473
42.85 -0.7358073185747873 -2.63745931923161
42.9 -0.7449851808571079 -2.6334885706967723
42.95 -0.7541630431394261 -2.629517822161934
43.0 -0.763340905421744 -2.625547073627094
43.05 -0.772518767704061 -2.6215763250922537
43.1 -0.7816966299863768 -2.6176055765574127
43.15 -0.7908744922686941 -2.613634828022569
43.2 -0.8000523545510078 -2.609664079487726
43.25 -0.8092302168333244 -2.605693330952881
43.3 -0.8184080791156386 -2.601722582418035
43.35 -0.8275859413979544 -2.597751833883182
43.4 -0.8367638036802701 -2.5937810853483283
43.45 -0.8459416659625838 -2.5898103368134726
43.5 -0.8551195282448985 -2.585839588278616
43.55 -0.8642973905272099 -2.5818688397437572
43.6 -0.8734752528095215 -2.5778980912088985
43.65 -0.8826531150918295 -2.5739273426740388
43.7 -0.8918309773741395 -2.5699565941391773
43.75 -0.9010088396564487 -2.565985845604315
43.8 -0.9101867019387571 -2.562015097069452
43.85 -0.9193645642210676 -2.558044348534586
43.9 -0.9285424265033758 -2.5540735999997186
43.95 -0.9377202887856813 -2.550102851464851
44.0 -0.9468981510679866 -2.5461321029299833
44.05 -0.9560760133502917 -2.542161354395109
44.1 -0.9652538756325957 -2.538190605860234
44.15 -0.9744317379148997 -2.53421985732536
44.2 -0.9836096001972006 -2.530249108790483
44.25 -0.9927874624795003 -2.526278360255604
44.3 -1.001965324761803 -2.5223076117207235
44.35 -1.0111431870441052 -2.5183368631858403
44.4 -1.0203210493264063 -2.5143661146509566
44.45 -1.0294989116087097 -2.510395366116071
44.5 -1.0386767738910088 -2.506424617581186
44.55 -1.0478546361733057 -2.5024538690462985
44.6 -1.0570324984556039 -2.498483120511407
44.65 -1.0662103607378994 -2.494512371976517
44.7 -1.0753882230201928 -2.4905416234416213
44.75 -1.084566085302488 -2.4865708749067235
44.8 -1.0937439475847817 -2.4826001263718247
44.85 -1.1029218098670746 -2.4786293778369224
44.9 -1.112099672149365 -2.474658629302021
44.95 -1.121277534431656 -2.470687880767116
45.0 -1.1304553967139461 -2.4667171322322106
45.05 -1.1396332589962364 -2.462746383697304
45.1 -1.1488111212785252 -2.458775635162397
45.15 -1.1579889835608146 -2.4548048866274894
45.2 -1.167166845843101 -2.4508341380925804
45.25 -1.1763447081253913 -2.4468633895576684
45.3 -1.1855225704076777 -2.4428926410227554
45.35 -1.1947004326899655 -2.438921892487838
45.4 -1.2038782949722495 -2.434951143952919
45.45 -1.213056157254535 -2.4309803954179987
45.5 -1.2222340195368198 -2.427009646883076
45.55 -1.231411881819096 -2.423038898348153
45.6 -1.2405897441013751 -2.419068149813226
45.65 -1.2497676063836565 -2.4150974012782997
45.7 -1.258945468665934 -2.4111266527433717
45.75 -1.2681233309482147 -2.4071559042084405
45.8 -1.2773011932304963 -2.4031851556735075
45.85 -1.2864790555127745 -2.399214407138574
45.9 -1.2956569177950532 -2.39524365860364
45.95 -1.3048347800773303 -2.3912729100687034
46.0 -1.3140126423596068 -2.387302161533762
46.05 -1.3231905046418821 -2.3833314129988206
46.1 -1.3323683669241595 -2.379360664463876
46.15 -1.3415462292064333 -2.375389915928933
46.2 -1.3507240914887062 -2.371419167393988
46.25 -1.3599019537709789 -2.367448418859041
46.3 -1.3690798160532502 -2.363477670324093
46.35 -1.37825767833552 -2.359506921789143
46.4 -1.3874355406177923 -2.3555361732541917
46.45 -1.3966134029000616 -2.3515654247192406
46.5 -1.4057912651823312 -2.3475946761842894
46.55 -1.4149691274646004 -2.3436239276493356
46.6 -1.4241469897468684 -2.339653179114378
46.65 -1.4333248520291353 -2.3356824305794226
46.7 -1.4425027143114042 -2.3317116820444608
46.75 -1.4516805765936696 -2.3277409335094994
46.8 -1.4608584388759376 -2.3237701849745336
46.85 -1.470036301158203 -2.319799436439566
46.9 -1.4792141634404692 -2.315828687904596
46.95 -1.4883920257227314 -2.3118579393696264
47.0 -1.4975698880049944 -2.3078871908346543
47.05 -1.5067477502872584 -2.3039164422996814
47.1 -1.5159256125695142 -2.2999456937647085
47.15 -1.525103474851773 -2.2959749452297347
47.2 -1.5342813371340311 -2.2920041966947595
47.25 -1.543459199416289 -2.2880334481597826
47.3 -1.5526370616985459 -2.2840626996248043
47.35 -1.561814923980807 -2.2800919510898234
47.4 -1.570992786263064 -2.2761212025548434
47.45 -1.5801706485453213 -2.272150454019857
47.5 -1.5893485108275793 -2.2681797054848687
47.55 -1.5985263731098371 -2.2642089569498807
47.6 -1.6077042353920945 -2.2602382084148895
47.65 -1.6168820976743505 -2.256267459879897
47.7 -1.6260599599566021 -2.2522967113449055
47.75 -1.635204782087557 -2.2483402574546205
47.8 -1.6435254328136535 -2.244740376488361
47.85 -1.6517442092690109 -2.24118457086324
47.9 -1.6591369781282408 -2.2379861326099153
47.95 -1.6662498222489532 -2.234908802210021
48.0 -1.6726743265874502 -2.232129277948846
48.05 -1.6787225386925644 -2.229512554401432
48.1 -1.6842292568111858 -2.227130105012946
48.15 -1.6893596826947332 -2.224910456333379
48.2 -1.6939486145890927 -2.2229250818075332
48.25 -1.6981428985215763 -2.2211104494824765
48.3 -1.7018140441874048 -2.2195221498091944
48.35 -1.704900182296918 -2.2181868982321564
48.4 -1.7069244115445577 -2.2173089828288512
48.45 -1.7086253534988312 -2.216566117508969
48.5 -1.7098981588856463 -2.2160026006673053
48.55 -1.710803647118795 -2.215594809159936
48.6 -1.7112825275481163 -2.2153724537993096
48.65 -1.7117325101622172 -2.215157274178643
48.7 -1.7123282346834983 -2.2148644461594778
48.75 -1.7128841400029156 -2.2145808253107733
48.8 -1.7135813300463696 -2.214212128229693
48.85 -1.7142488250549754 -2.2138432498404716
48.9 -1.715104430319935 -2.2133495229572415
48.95 -1.71616861907695 -2.212706108713817
49.0 -1.7174158338934944 -2.2119122565812326
49.05 -1.7188329705509169 -2.2109585346411027
49.1 -1.7203574469782026 -2.209869635325964
49.15 -1.7217541926882642 -2.2088052510974134
49.2 -1.7229953273243848 -2.207792001540648
49.25 -1.7240823218051275 -2.206837643735469
49.3 -1.7250178933809217 -2.2059504898939397
49.35 -1.7258063291226151 -2.2051390846122287
49.4 -1.726453194659381 -2.2044124000080636
49.45 -1.7269654325607988 -2.203779685181515
49.5 -1.7273514624778985 -2.2032502734752053
49.55 -1.7276229828355247 -2.202830756551329
49.6 -1.7278459454265274 -2.202441159268633
49.65 -1.7280491570447956 -2.202040907331598
49.7 -1.7282321099647908 -2.2016310011488973
49.75 -1.7283931066155045 -2.2012166612020985
49.8 -1.728490306586826 -2.2009473402145017
49.85 -1.7285441487135371 -2.200737288447573
49.9 -1.7285504337102038 -2.2006797640655833
49.95 -1.728563606129982 -2.2005620154279306
50.0 -1.728545644216273 -2.2006063236269955
50.05 -1.728525516845953 -2.20067484658699
50.1 -1.7284923106264554 -2.2009139341780943
50.15 -1.728469416476146 -2.2011399024574656
50.2 -1.728465070335466 -2.2008105213946907
50.25 -1.728452314496214 -2.200534105266981
50.3 -1.7283995029026222 -2.1995944210671996
50.35 -1.7283090660870895 -2.198538475800195
50.4 -1.7281106445772896 -2.196762264837199
50.45 -1.7277956011979811 -2.1945261182597315
50.5 -1.7273805662327744 -2.1920447161556322
50.55 -1.7267793806547618 -2.188943393590052
50.6 -1.7260700356255956 -2.1857012023923064
50.65 -1.7249404279637475 -2.1810568527589567
50.7 -1.723225418468006 -2.1746032200823326
50.75 -1.7209452696139145 -2.1666721654475904
50.8 -1.7183855518134656 -2.1583622702266174
50.85 -1.715643844812511 -2.1499850348762326
50.9 -1.712730808741809 -2.1415380239797814
50.95 -1.7096576884280719 -2.133018183165012
51.0 -1.7064362868808693 -2.124421788932245
51.05 -1.7030789564221538 -2.1157444337524383
51.1 -1.6995986127080582 -2.106981062272159
51.15 -1.6960087672113089 -2.098126054833354
51.2 -1.6923235663704674 -2.0891733380625754
51.25 -1.688557824157838 -2.0801164957742477
51.3 -1.6847270399768246 -2.0709488593627623
51.35 -1.6808688853590923 -2.0617231004285936
51.4 -1.6770107307179778 -2.0524973415149823
51.45 -1.6731525760505495 -2.0432715826159282
51.5 -1.6692944213562932 -2.0340458237308123
51.55 -1.6654362666348148 -2.024820064859168
51.6 -1.6615781118858066 -2.0155943060006325
51.65 -1.6577199571090373 -2.0063685471549406
51.7 -1.6538618022184148 -1.9971427883359691
51.75 -1.650003647103324 -1.987917029551701
51.8 -1.6461454920224936 -1.9786912707539583
51.85 -1.6422873369761557 -1.969465511942726
51.9 -1.638429181964478 -1.9602397531178861
51.95 -1.6345710269875784 -1.9510139942793012
52.0 -1.6307128720455524 -1.9417882354268101
52.05 -1.6268547171384677 -1.9325624765602714
52.1 -1.6229965622663747 -1.9233367176795606
52.15 -1.619138407429314 -1.9141109587845557
52.2 -1.6152802526273218 -1.9048851998751974
52.25 -1.6114220978599187 -1.895659440917953
52.3 -1.6075639430989508 -1.886433681223713
52.35 -1.60370578833855 -1.8772079215310946
52.4 -1.5998476335784875 -1.867982161839493
52.45 -1.5959894788186275 -1.8587564021485363
52.5 -1.5921313240588901 -1.8495306424580025
52.55 -1.5882731692992298 -1.8403048827677437
52.6 -1.584415014539612 -1.831079123077665
52.65 -1.580556859780021 -1.8218533633877099
52.7 -1.5766987050204437 -1.8126276036978362
52.75 -1.5728405502608769 -1.803401844008023
52.8 -1.5689823955013151 -1.7941760843182495
52.85 -1.5651242407417578 -1.7849503246285083
52.9 -1.5612660859822005 -1.7757245649387845
52.95 -1.557407931222642 -1.7664988052490709
53.0 -1.553549776463087 -1.7572730455593761
53.05 -1.549691621703532 -1.748047285869684
53.1 -1.5458334669439813 -1.7388215261800115
53.15 -1.5419753121844264 -1.729595766490332
53.2 -1.5381171574248693 -1.7203700068006451
53.25 -1.5342590026653178 -1.7111442471109746
53.3 -1.5304008479057651 -1.7019184874212983
53.35 -1.5265426931462094 -1.6926927277316246
53.4 -1.5226845383866587 -1.6834669680419652
53.45 -1.5188263836271134 -1.6742412083523184
53.5 -1.5149682288675663 -1.6650154486626687
53.55 -1.5111100741080092 -1.6557896889730013
53.6 -1.5072519193484506 -1.6465639292833376
53.65 -1.5033937645888948 -1.6373381695936824
53.7 -1.4995356098293344 -1.6281124099040194
53.75 -1.4956774550697736 -1.6188866502143604
53.8 -1.4918193003102076 -1.6096608905246954
53.85 -1.4879611455506405 -1.6004351308350322
53.9 -1.4841029907910708 -1.5912093711453725
53.95 -1.480244836031499 -1.5819836114557113
54.0 -1.4766298353081657 -1.5733315478698982
54.05 -1.4732098619421543 -1.5649375565586754
54.1 -1.4700396020493467 -1.5571917868607434
54.15 -1.467096652101118 -1.549708032162384
54.2 -1.4644602925311072 -1.5429421466788649
54.25 -1.4620589203826309 -1.5363552671750031
54.3 -1.4599526195856953 -1.5304881680582654
54.35 -1.4580985976920868 -1.524808777338884
54.4 -1.4565580178683626 -1.5199039008593014
54.45 -1.4552707590698366 -1.515249106063293
54.5 -1.454242157684332 -1.5114599828521686
54.55 -1.4533680890608582 -1.5079460781926644
54.6 -1.4526753126417982 -1.504889141643291
54.65 -1.452160663816686 -1.5024086776721386
54.7 -1.4516435544463477 -1.499670037517154
54.75 -1.4510245745471928 -1.4961131829010694
54.8 -1.4503570257695906 -1.4918937384634035
54.85 -1.449654891004501 -1.4871373613928058
54.9 -1.4489064701231287 -1.4817246643796564
54.95 -1.4481826331494243 -1.4761868870012476
55.0 -1.4474107129594345 -1.470563343831612
55.05 -1.4466483142185984 -1.464556549145097
55.1 -1.4458468348444429 -1.4578258714202377
55.15 -1.4450344145456455 -1.4506104087812544
55.2 -1.44406513979417 -1.4418337704584887
55.25 -1.4429685307960194 -1.4319041413724662
55.3 -1.4418708240720761 -1.4219645726435375
55.35 -1.440773117368324 -1.4120250039461189
55.4 -1.439675410684809 -1.4020854352717935
55.45 -1.4385777040216083 -1.3921458666143673
55.5 -1.4374799973788037 -1.3822062979692384
55.55 -1.4363822907564268 -1.3722667293329802
55.6 -1.4352845841539692 -1.3623271607030196
55.65 -1.4341868775715105 -1.3523875920773731
55.7 -1.4330891710092932 -1.342448023454526
55.75 -1.4319914644675114 -1.332508454833315
55.8 -1.4308937579465357 -1.3225688862128473
55.85 -1.4297960514466168 -1.3126293175924384
55.9 -1.428698344967781 -1.3026897489715497
55.95 -1.4276006385098674 -1.2927501802596855
56.0 -1.4265029320598013 -1.2828106108197677
56.05 -1.4254052256098768 -1.2728710413816433
56.1 -1.424307519160034 -1.2629314719446538
56.15 -1.4232098127102375 -1.252991902508379
56.2 -1.4221121062604662 -1.2430523330725738
56.25 -1.4210143998107094 -1.2331127636370691
56.3 -1.4199166933609586 -1.223173194201766
56.35 -1.4188189869112102 -1.2132336247665962
56.4 -1.4177212804614625 -1.2032940553315186
56.45 -1.416623574011714 -1.1933544858965042
56.5 -1.4155258675619653 -1.1834149164615344
56.55 -1.4144281611122167 -1.1734753470265964
56.6 -1.4133304546624674 -1.1635357775916784
56.65 -1.412232748212717 -1.1535962081567737
56.7 -1.4111350417629653 -1.1436566387218825
56.75 -1.4100373353132127 -1.1337170692870027
56.8 -1.4089396288634604 -1.123777499852138
56.85 -1.40784192241371 -1.1138379304172668
56.9 -1.406744215963953 -1.103898360982398
56.95 -1.4056465095142026 -1.093958791547544
57.0 -1.4045488030644462 -1.08401922211267
57.05 -1.4034510966146923 -1.0740796526778007
57.1 -1.4023533901649436 -1.0641400832429435
57.15 -1.401255683715195 -1.0542005138080999
57.2 -1.4001579772654447 -1.0442609443732598
57.25 -1.3990602708156878 -1.034321374938406
57.3 -1.3979625643659297 -1.0243818055035578
57.35 -1.39686485791617 -1.0144422360687013
57.4 -1.3957671514664092 -1.0045026666338401
57.45 -1.3946694450166452 -0.9945630971989852
57.5 -1.3935717385668789 -0.9846235277641331
57.55 -1.3924740321171107 -0.9746839583292805
57.6 -1.3913763256673437 -0.9647443888944369
57.65 -1.390278619217575 -0.9548048194595854
57.7 -1.3891809127678045 -0.9448652500247321
57.75 -1.3880832063180315 -0.9349256805898772
57.8 -1.3869854998682551 -0.9249861111550217
57.85 -1.3858877934184775 -0.9150465417201672
57.9 -1.3847900869686984 -0.9051069722853138
57.95 -1.3836923805189187 -0.8951674028504601
58.0 -1.3825946740691384 -0.8852278334156088
58.05 -1.381496967619356 -0.8752882639807597
58.1 -1.3803992611695712 -0.8653486945459086
58.15 -1.3793015547197824 -0.8554091251110524
58.2 -1.3782038482699923 -0.8454695556762017
58.25 -1.3771061418202013 -0.8355299862413481
58.3 -1.3760084353704094 -0.8255904168064978
58.35 -1.3749107289206148 -0.8156508473716468
58.4 -1.3738130224708174 -0.805711277936795
58.45 -1.3727153160210175 -0.7957717085019408
58.5 -1.3716176095712158 -0.7858321390670876
58.55 -1.370519903121414 -0.7758925696322405
58.6 -1.3694221966716107 -0.7659530001973894
58.65 -1.3683244902218044 -0.7560134307625336
58.7 -1.3672267837719945 -0.7460738613276868
58.75 -1.366129077322183 -0.7361342918928381
58.8 -1.3650313708723707 -0.7261947224579883
58.85 -1.3639336644225575 -0.7162551530231392
58.9 -1.3628359579727432 -0.7063155835882883
58.95 -1.3617382515229266 -0.6963760141534356
59.0 -1.3606405450731083 -0.6864364447185889
59.05 -1.3595428386232873 -0.6764968752837364
59.1 -1.3584451321734659 -0.6665573058488872
59.15 -1.357347425723642 -0.6566177364140354
59.2 -1.3562497192738179 -0.6466781669791959
59.25 -1.355152012823993 -0.6367385975443508
59.3 -1.3540543063741657 -0.6267990281095046
59.35 -1.3529565999243356 -0.6168594586746563
59.4 -1.3518588934745024 -0.6069198892398093
59.45 -1.350761187024667 -0.5969803198049584
59.5 -1.3496634805748318 -0.5870407503701102
59.55 -1.3485657741249952 -0.5771011809352634
59.6 -1.347468067675157 -0.5671616115004204
59.65 -1.3463703612253153 -0.5572220420655779
59.7 -1.3452726547754728 -0.5472824726307428
59.75 -1.3441749483256282 -0.5373429031958994
59.8 -1.3430772418757824 -0.5274033337610534
59.85 -1.3419795354259354 -0.5174637643262073
59.9 -1.3408818289760869 -0.5075241948913619
59.95 -1.339784122526236 -0.49758462545651305
60.0 -1.3386864160763832 -0.48764505602166447
60.05 -1.3375887096265289 -0.4777054865868214
60.1 -1.3364910031766724 -0.46776591715197596
60.15 -1.335393296726816 -0.4578263477171357
60.2 -1.3342955902769607 -0.447886778282301
60.25 -1.3331978838271028 -0.43794720884745614
60.3 -1.3321001773772436 -0.42800763941261644
60.35 -1.331002470927382 -0.41806806997777335
60.4 -1.3299047644775168 -0.40812850054292593
60.45 -1.328807058027649 -0.3981889311080818
60.5 -1.327709351577781 -0.3882493616732402
60.55 -1.3266116451279117 -0.37830979223839445
60.6 -1.325513938678041 -0.36837022280355264
60.65 -1.324416232228168 -0.3584306533687109
60.7 -1.3233854857463265 -0.3490973969201767
60.75 -1.3224106432824474 -0.34027119133190414
60.8 -1.3215023719003547 -0.3320925202138176
60.85 -1.3206076977828003 -0.3241794934850661
60.9 -1.3197446161693898 -0.31678288062813126
60.95 -1.3188904477572412 -0.3097666725002742
61.0 -1.3180430370112026 -0.30317482630065845
61.05 -1.3172106247810818 -0.2970879476557661
61.1 -1.3163622715646808 -0.29131134275658194
61.15 -1.3155616584730592 -0.28625973194282206
61.2 -1.3147182979234484 -0.28135112895897113
61.25 -1.3140113910455662 -0.27756663214694083
61.3 -1.313511807353191 -0.2751169793959338
61.35 -1.31312476991021 -0.27339494423737576
61.4 -1.3126368618376145 -0.2714031269997328
61.45 -1.3120382765896337 -0.26916251610375935
61.5 -1.311390513890756 -0.26694185887788796
61.55 -1.3107268640207144 -0.26486192895173644
61.6 -1.310051023421171 -0.26292555342844737
61.65 -1.3093675778093472 -0.26113538533568104
61.7 -1.308682033094092 -0.2594938153095244
61.75 -1.3080008405115058 -0.2580028711113585
61.8 -1.3073314139331444 -0.2566641046289164
61.85 -1.3066821370151827 -0.25547846614391906
61.9 -1.3060623575607682 -0.2544461658546851
61.95 -1.3054823661292765 -0.2535665228755177
62.0 -1.3049533555566413 -0.2528378022529786
62.05 -1.3044873575843816 -0.252257040879422
62.1 -1.3040971522746057 -0.2518198636922999
62.15 -1.3037724736668623 -0.2514956141945792
62.2 -1.302985270059801 -0.2507539838414548
62.25 -1.3019758742693701 -0.24989333391402813
62.3 -1.3003440342004404 -0.24861352860867245
62.35 -1.298410324794438 -0.24723258795407532
62.4 -1.2959628841669997 -0.2456261301690583
62.45 -1.293051390835035 -0.24388049831691433
62.5 -1.289744545669289 -0.24205419091518776
62.55 -1.285883370037199 -0.2401081307720616
62.6 -1.2816785667007977 -0.2381232781711624
62.65 -1.276488174373909 -0.23592239665148287
62.7 -1.269536906550018 -0.23322336423209902
62.75 -1.2612282143007807 -0.23025679323996484
62.8 -1.252903018760341 -0.22735437575771897
62.85 -1.2447787518809006 -0.22451942502140446
62.9 -1.2367042378758248 -0.22175148288076627
62.95 -1.2284725913140826 -0.21905063169955474
63.0 -1.2200914983980737 -0.21645874386984224
63.05 -1.2115709499927723 -0.21410207634106115
63.1 -1.2029173341578072 -0.2119698378122861
63.15 -1.1941362495068262 -0.21004133083496793
63.2 -1.1852327562745055 -0.20829653317833915
63.25 -1.1762113949050752 -0.20671610298143234
63.3 -1.167076201500279 -0.20528137560722365
63.35 -1.1578307254365996 -0.2039743519914477
63.4 -1.1484780544370383 -0.20277767976606786
63.45 -1.1390208499328502 -0.2016746296926009
63.5 -1.129461392192577 -0.20064907035683416
63.55 -1.1198016316961874 -0.1996854436180063
63.6 -1.110043241897571 -0.19876874239874168
63.65 -1.1001876694421204 -0.19788449109114986
63.7 -1.0902431791692833 -0.1970181104278518
63.75 -1.0802805693434272 -0.1961541713830592
63.8 -1.0703179595619132 -0.19529023249018418
63.85 -1.0603553497797342 -0.19442629359181945
63.9 -1.0503927399977928 -0.19356235468907146
63.95 -1.0404301302165044 -0.19269841578251926
64.0 -1.0304675204360274 -0.19183447687256566
64.05 -1.0205049106563808 -0.19097053795949526
64.1 -1.0105423008775174 -0.19010659904350952
64.15 -1.0005796910993547 -0.18924266012475485
64.2 -0.9906170813218272 -0.18837872120334015
64.25 -0.9806544715448618 -0.18751478227934434
64.3 -0.9706918617683842 -0.18665084335282764
64.35 -0.9607292519923571 -0.18578690442383541
64.4 -0.9507666422167143 -0.18492296549239964
64.45 -0.9408040324413971 -0.18405902655854603
64.5 -0.9308414226664009 -0.18319508762229852
64.55 -0.9208788128917046 -0.18233114868367128
64.6 -0.9109162031172788 -0.18146720974267624
64.65 -0.9009535933431181 -0.18060327079932117
64.7 -0.8909909835692014 -0.17973933185361324
64.75 -0.8810283737955197 -0.17887539290555882
64.8 -0.8710657640220528 -0.1780114539551627
64.85 -0.861103154248841 -0.17714751500242243
64.9 -0.8511405443072614 -0.17628357604725625
64.95 -0.8411779337270257 -0.17541963709093436
65.0 -0.8312153231484702 -0.17455569813476468
65.05 -0.8212527125709621 -0.17369175917869042
65.1 -0.8112901019941142 -0.17282782022267712
65.15 -0.801327491417691 -0.17196388126670323
65.2 -0.7913648808415455 -0.17109994231075498
65.25 -0.7814022702655773 -0.17023600335482358
65.3 -0.7714396596897293 -0.16937206439890368
65.35 -0.7614770491139625 -0.1685081254429912
65.4 -0.7515144385382495 -0.16764418648708426
65.45 -0.7415518279625745 -0.16678024753118117
65.5 -0.7315892173869295 -0.16591630857528147
65.55 -0.7216266068113004 -0.16505236961938377
65.6 -0.7116639962356804 -0.1641884306634874
65.65 -0.701701385660073 -0.16332449170759267
65.7 -0.6917387750844773 -0.16246055275169957
65.75 -0.6817761645088913 -0.1615966137958075
65.8 -0.6718135539332943 -0.16073267483991457
65.85 -0.6618509433577191 -0.15986873588402262
65.9 -0.6518883327821305 -0.15900479692813302
65.95 -0.6419257222065364 -0.1581408579722406
66.0 -0.631963111630957 -0.1572769190163477
66.05 -0.6220005010553893 -0.15641298006045387
66.1 -0.6120378904798149 -0.1555490411045598
66.15 -0.6020752799042348 -0.1546851021486675
66.2 -0.5921126693286608 -0.1538211631927778
66.25 -0.582150058753087 -0.15295722423689054
66.3 -0.5721874481775086 -0.1520932852810035
66.35 -0.5622248376019309 -0.1512293463251183
66.4 -0.5522622270263499 -0.15036540736923504
66.45 -0.5422996164507714 -0.1495014684133536
66.5 -0.5323370058751956 -0.14863752945747422
66.55 -0.5223743952996167 -0.1477735905015964
66.6 -0.5124117847240358 -0.1469096515457204
66.65 -0.5024491741484559 -0.1460457125898466
66.7 -0.492486563572874 -0.14518177363397478
66.75 -0.48252395299729134 -0.14431783467810477
66.8 -0.4725613424217084 -0.1434538957222366
66.85 -0.46259873184612726 -0.14258995676637068
66.9 -0.4526361212705433 -0.1417260178105063
66.95 -0.44267351069496175 -0.140862078854644
67.0 -0.4327109001193863 -0.13999813989878399
67.05 -0.4227482895438063 -0.13913420094292517
67.1 -0.41278567896822255 -0.1382702619870677
67.15 -0.4028230683926403 -0.13740632303121184
67.2 -0.39286045781705875 -0.13654238407535765
67.25 -0.3828978472414781 -0.13567844511950514
67.3 -0.3729352366658947 -0.13481450616365398
67.35 -0.3629726260903102 -0.13395056720780465
67.4 -0.3530100155147284 -0.13308662825195733
67.45 -0.3430474049391442 -0.1322226892961119
67.5 -0.33308479436356114 -0.13135875034026823
67.55 -0.32312218378797614 -0.13049481138442573
67.6 -0.31350826397680137 -0.12966111019242457
67.65 -0.30454191363182204 -0.1288835651725074
67.7 -0.2963626093569523 -0.12817427123928554
67.75 -0.2886415851712998 -0.12750471854209372
67.8 -0.2816677569377357 -0.1268999613397462
67.85 -0.275142246010111 -0.1263340813094355
67.9 -0.26916467884153095 -0.12581571804975739
67.95 -0.26367527941270963 -0.12533968768199155
68.0 -0.25869397330073673 -0.12490771832313491
68.05 -0.2544399375845543 -0.12453881638540631
68.1 -0.25078365850301015 -0.12422175078604877
68.15 -0.24779487450884963 -0.1239625691927228
68.2 -0.24533410869708844 -0.12374917623996398
68.25 -0.24336250719547123 -0.12357820277518812
68.3 -0.24227558543655828 -0.1234839469859455
68.35 -0.24143175136228362 -0.1234107713316264
68.4 -0.2414297588154289 -0.1234105985402031
68.45 -0.2414297588154289 -0.1234105985402031
68.5 -0.2414297588154289 -0.1234105985402031
68.55 -0.2414297588154289 -0.1234105985402031
68.6 -0.24142875880474787 -0.1234105120996541
68.65 -0.24142875880474787 -0.1234105120996541
68.7 -0.24142875880474787 -0.1234105120996541
68.75 -0.24142875880474787 -0.1234105120996541
68.8 -0.24142875880474787 -0.1234105120996541
68.85 -0.24142875880474787 -0.1234105120996541
68.9 -0.24142875880474787 -0.1234105120996541
68.95 -0.24142875880474787 -0.1234105120996541
69.0 -0.24142875880474787 -0.1234105120996541
69.05 -0.24142875880474787 -0.1234105120996541
69.1 -0.24142875880474787 -0.1234105120996541
69.15 -0.24142875880474787 -0.1234105120996541
69.2 -0.24142875880474787 -0.1234105120996541
69.25 -0.24142875880474787 -0.1234105120996541
69.3 -0.24142875880474787 -0.1234105120996541
69.35 -0.24142875880474787 -0.1234105120996541
69.4 -0.24142875880474787 -0.1234105120996541
69.45 -0.24142875880474787 -0.1234105120996541
69.5 -0.24142875880474787 -0.1234105120996541
69.55 -0.24142875880474787 -0.1234105120996541
69.6 -0.24142875880474787 -0.1234105120996541
69.65 -0.24142875880474787 -0.1234105120996541
69.7 -0.24142875880474787 -0.1234105120996541
69.75 -0.24142875880474787 -0.1234105120996541
69.8 -0.24142875880474787 -0.1234105120996541
69.85 -0.24142875880474787 -0.1234105120996541
69.9 -0.24142875880474787 -0.1234105120996541
69.95 -0.24142875880474787 -0.1234105120996541
70.0 -0.24142875880474787 -0.1234105120996541
70.05 -0.24142875880474787 -0.1234105120996541
70.1 -0.24142875880474787 -0.1234105120996541
70.15 -0.24142875880474787 -0.1234105120996541
70.2 -0.24142875880474787 -0.1234105120996541
70.25 -0.24142875880474787 -0.1234105120996541
70.3 -0.24142875880474787 -0.1234105120996541
70.35 -0.24142875880474787 -0.1234105120996541
70.4 -0.24142875880474787 -0.1234105120996541
70.45 -0.24142875880474787 -0.1234105120996541
70.5 -0.24142875880474787 -0.1234105120996541
70.55 -0.24142875880474787 -0.1234105120996541
70.6 -0.24142875880474787 -0.1234105120996541
70.65 -0.24142875880474787 -0.1234105120996541
70.7 -0.24142875880474787 -0.1234105120996541
70.75 -0.24142875880474787 -0.1234105120996541
70.8 -0.24142875880474787 -0.1234105120996541
70.85 -0.24142875880474787 -0.1234105120996541
