5.819 0.9998969530588157 -0.4999999990683863
5.91 1.0024487771690145 -0.5000022322120696
5.991 1.006647187616793 -0.500041768127601
6.052 1.0124206597812608 -0.5001467199946479
6.129 1.0134057623803838 -0.5001696290743536
6.227 1.010922690092708 -0.5001014874195029
6.327 1.021406090935315 -0.5004140253534913
6.431 1.0285401054307481 -0.5005135816367453
6.52 1.0508256548723331 -0.5004388017564614
6.552 1.0548317606967832 -0.500426943328159
6.58 1.0587596615321628 -0.5004176918642386
6.607 1.0577111529099599 -0.5004189248792907
6.636 1.0624677559018514 -0.5004079320863719
6.667 1.0681787138227556 -0.5003937334377913
6.696 1.0759514951874902 -0.5003581970242656
6.73 1.0783203575819413 -0.5003440535108901
6.756 1.0874903152206346 -0.5003186437148888
6.785 1.0955763927920625 -0.5003057505250469
6.805 1.097783353248363 -0.5003028779057143
6.833 1.108789974921451 -0.5002847778015781
6.852 1.113534024813433 -0.5002756561123752
6.881 1.1189855680046428 -0.5002617420365637
6.908 1.119123142187777 -0.5002612044980247
6.937 1.126646585831431 -0.5002195024498298
6.971 1.1352548709173773 -0.5001454913666515
6.996 1.138308470339326 -0.5001189081352982
7.027 1.1425146850085381 -0.5000941058571833
7.053 1.1443682525526928 -0.5000873760904843
7.078 1.1525880374663104 -0.5000742814054604
7.102 1.158699609869487 -0.5000638949539477
7.121 1.1625770150200865 -0.5000528045021196
7.151 1.1701984282630356 -0.5000284272268337
7.176 1.1757955760522163 -0.5000032856527998
7.21 1.1771259501817206 -0.499995748577086
7.241 1.1882725956384372 -0.4999334496195619
7.269 1.1974533505184548 -0.4999165876348342
7.296 1.203185732427217 -0.49992733208989737
7.33 1.2055275411866186 -0.4999371451911606
7.346 1.2102687745629834 -0.4999645212843449
7.376 1.2151646243149 -0.49998016237326476
7.397 1.220460548821554 -0.49998351409906894
7.422 1.2240487581855621 -0.49998672886046924
7.45 1.230195880990932 -0.49999116016022155
7.477 1.2324751893409307 -0.4999912618539943
7.509 1.2456725596490297 -0.500014136456462
7.537 1.2561037171145748 -0.5000397186354284
7.563 1.2620545504127538 -0.5000435435003112
7.593 1.2667538829144949 -0.5000343368336426
7.63 1.269416883701581 -0.500019941137496
7.652 1.2717530449860128 -0.5000021551528414
7.682 1.2755329404112343 -0.499972000077019
7.706 1.2764507814373696 -0.49996505608983904
7.737 1.2812551476841019 -0.49992357547286326
7.767 1.2936615119762893 -0.4998075802377481
7.797 1.296299078925457 -0.4997929101174566
7.812 1.3014467983184994 -0.4997755164308411
7.8420000000000005 1.3033483058794129 -0.4997673718428028
7.876 1.316832320674801 -0.49967748018830915
7.9 1.3226618261178738 -0.49962216568938933
7.925 1.3312554797553091 -0.49950816619335436
7.952 1.3334480856777822 -0.49946741988527715
7.973 1.3368199307130153 -0.49940156282818293
8.001 1.3408432874915694 -0.4993306919222045
8.023 1.3478346205842693 -0.49920578289536144
8.054 1.3500285779100283 -0.49916307156999207
8.086 1.3567483463948098 -0.4990201846511214
8.103 1.3596207125853934 -0.49895762337435706
8.131 1.3657358123660166 -0.4988168854290624
8.162 1.3716478436228918 -0.49867445866832444
8.186 1.3755330581961256 -0.49857787685981614
8.209 1.3816675445581736 -0.49842645651718653
8.239 1.3889899396502072 -0.49825742533956535
8.262 1.391243548884276 -0.49820436927344314
8.285 1.3969057649581123 -0.4980687661342759
8.305 1.4007921408368764 -0.4979794867372867
8.329 1.407604213081491 -0.49783459734050506
8.359 1.4130528345371143 -0.4977362934248936
8.389 1.41564163189734 -0.4976990223940526
8.41 1.420753946822469 -0.49763920304941844
8.443 1.4273022817320988 -0.4975649786463724
8.468 1.4335968200803164 -0.4974906009605005
8.497 1.4373372082541045 -0.4974518480984448
8.53 1.4498587386326458 -0.4973240542563056
8.559 1.452657995249612 -0.49729540195986033
8.584 1.4581611513400343 -0.4972512261504424
8.6 1.4607547541365293 -0.49723427355219485
8.625 1.4639661823876402 -0.49721779745120415
8.647 1.4666786230673994 -0.4972086490241842
8.676 1.473961915290297 -0.4971924981946895
8.7 1.479745541934543 -0.4971839321213338
8.727 1.4872815458520119 -0.497166672321353
8.758 1.4935213163659367 -0.49714817119132054
8.782 1.4951195443819718 -0.49714295482522797
8.802 1.5018037702162068 -0.49711016605926683
8.833 1.5040165228534108 -0.49710479532434293
8.859 1.5069510184274717 -0.49711379477295553
8.883 1.5133592581165158 -0.49713758028411736
8.906 1.5175898076893604 -0.49714253857440505
8.932 1.523171615669531 -0.4971318958814674
8.96 1.5278069860920078 -0.4971153109682626
8.984 1.5316598352496718 -0.4971058227759435
9.009 1.5363503200882638 -0.4971029382469666
9.037 1.5441170866405411 -0.4971043192909142
9.064 1.5495998616369127 -0.4971133257275015
9.096 1.5533692284768394 -0.4971231732431138
9.128 1.555289055026755 -0.49712333659568453
9.149000000000001 1.5612863990320316 -0.49711166783501975
9.179 1.5668570795366121 -0.49710011253935554
9.204 1.5673712619946716 -0.4970986150838755
9.237 1.5722016488911457 -0.49708216250257087
9.338 1.582622470815146 -0.4969429166152957
9.438 1.593736394610256 -0.4967320892530145
9.527 1.6133020272767937 -0.4965594920764
9.619 1.6336678243698755 -0.4963242684787354
9.728 1.6568045699442988 -0.495558997002962
9.823 1.6697117835017425 -0.494912090086546
9.925 1.680698491382595 -0.49428952996549014
10.022 1.7006616297277475 -0.4929996983594139
10.127 1.7212934208601023 -0.491513318106914
10.226 1.7417742956892281 -0.4899348791710233
10.315 1.7641736973720878 -0.4881665930779193
10.405 1.7593316825746503 -0.48855737786416836
10.501 1.7773469224217826 -0.4870951773177785
10.598 1.7697446285851008 -0.4877094250300162
10.686 1.7686848262988621 -0.48779760627440655
10.786 1.77013996201598 -0.4876681190591737
10.879 1.759316632350952 -0.48867538523800197
10.979 1.7565180554917765 -0.48889258646185735
11.078 1.7496715337658701 -0.48934937213487656
11.167 1.751429758870531 -0.4892222141765553
11.254 1.7454972752896416 -0.48960462904052093
11.27 1.7437112724206743 -0.48970130929969913
11.367 1.7450798432907224 -0.4896299054948001
11.468 1.754629873330897 -0.4893181162575398
11.565 1.756427195330279 -0.4892926230173475
11.664 1.767455040458761 -0.4894232270842052
11.74 1.7752794615275729 -0.48987862811065935
11.766 1.7767781351101741 -0.49000884638840664
11.801 1.7789962950222846 -0.49024525058179497
11.83 1.776045032915298 -0.4898581547070031
11.859 1.7735925079630837 -0.4894691209504749
11.89 1.7749111195014577 -0.4897163159447454
11.924 1.7729532382498607 -0.4892926749801423
11.943 1.7735639312809708 -0.4894410487863714
11.97 1.7715985964028886 -0.4889132039330695
12.0 1.7691041694718552 -0.48817185677114827
12.023 1.7671457815350218 -0.48753996900582564
12.046 1.7699760813851586 -0.4885242707210424
12.076 1.76504363846406 -0.4866430774954665
12.104 1.7667389779587679 -0.48734860937116053
12.133 1.7671601804737813 -0.48753689867676864
12.163 1.7668282022237978 -0.48737680992617183
12.191 1.764679864634922 -0.4862630049000449
12.22 1.7616956344646872 -0.4846135562366513
12.233 1.7627344861007963 -0.48521429560623225
12.263 1.7632040216847302 -0.48549716775784
12.294 1.7582779484963897 -0.48231989849579865
12.333 1.7605838563147576 -0.483923693600788
12.354 1.7606082320059413 -0.48394167135430227
12.383 1.7639603220875604 -0.48656156764928654
12.411 1.7603955926145003 -0.4835782958636803
12.439 1.7607448395405887 -0.4838875084566915
12.473 1.7665591339833777 -0.48930790184583245
12.572 1.7732455752137 -0.4962142526912762
12.673 1.7693466872715717 -0.491428599669592
12.772 1.7712552068863052 -0.49429858420403616
12.866 1.7810496513691962 -0.5127182319812448
12.964 1.7789535896591 -0.50763640508063
13.054 1.777440709363412 -0.5027238453347748
13.145 1.7778549567878612 -0.5046156043333817
13.24 1.776754342642904 -0.49707105737372087
13.303 1.7766273713567047 -0.4957093222489461
13.385 1.7766391423228114 -0.49594902893210097
13.486 1.7767127059023549 -0.5008628323329478
13.587 1.7766445546508915 -0.5069919507605224
13.68 1.7761768955336408 -0.5206838264695378
13.778 1.7752904391488482 -0.5381493784642224
13.808 1.774928112325802 -0.5440749318800246
13.83 1.7746119299964032 -0.5493499720624027
13.862 1.774272668335947 -0.5549684132640315
13.886 1.7740836348847384 -0.5580682951978269
13.907 1.773718493268664 -0.5640526096852122
13.938 1.7731759669567746 -0.5729113533586331
13.968 1.7724201309196217 -0.5859819905973933
13.998 1.772250898910753 -0.5890115714702145
14.026 1.7720395081962128 -0.5927543341271754
14.053 1.771689627362301 -0.599144156847313
14.079 1.771422418478177 -0.6040839946202875
14.1 1.7709840704161683 -0.6120412264043422
14.134 1.7707002525655837 -0.6174012699531555
14.163 1.770341864339225 -0.6246794240382653
14.194 1.7702013682300592 -0.6276039386797624
14.239 1.7695255486780395 -0.6418041770052888
14.255 1.7693752231856423 -0.6450066008748523
14.285 1.76902624675523 -0.6526268675831446
14.324 1.7686921832623952 -0.6599282073952648
14.336 1.768581176308853 -0.662310926096038
14.363 1.7682528823005714 -0.6691398848768446
14.389 1.7679585643974594 -0.6751229717615935
14.419 1.7675953130706255 -0.6827287977505925
14.449 1.7675052506444464 -0.6847118779683298
14.475 1.7673729605946784 -0.6879302189247517
14.5 1.7672525578575697 -0.6911294583785283
14.525 1.7669989366419112 -0.6979744565480585
14.545 1.7668687163181627 -0.7015268560008581
14.569 1.7668050734565295 -0.7032791281450438
14.595 1.766584972447735 -0.7096183795192659
14.624 1.766426554296636 -0.7144735140605223
14.651 1.7661395453062954 -0.7231698675273412
14.679 1.7659776149591806 -0.7279305973341517
14.707 1.7658207572250755 -0.7324452185664267
14.735 1.7658527626984626 -0.7315991792355117
14.765 1.7655584423473891 -0.7387958084218884
14.794 1.7652962063680753 -0.7453194863820842
14.838000000000001 1.764941034717953 -0.7536822686626891
14.851 1.764773742333566 -0.7573561850829117
14.877 1.7646206877274657 -0.7608558679964392
14.907 1.7643003992892465 -0.7687125510337902
14.937 1.7639439684959664 -0.7779790474647745
14.968 1.7634617964825958 -0.7903766657525062
14.996 1.7631005058378264 -0.7991564783971877
15.034 1.762931290427356 -0.8030650984970751
15.051 1.7627196061197776 -0.8078338717377372
15.076 1.762614908570869 -0.8101599950132619
15.105 1.7620345009541132 -0.8228234783587564
15.134 1.7617327280288841 -0.8294330821567791
15.164 1.761426144387477 -0.8362515142055453
15.192 1.7612580841469492 -0.8398253679913806
15.226 1.7611257868999355 -0.8424167013897297
15.245 1.7608484044858295 -0.8476689716947132
15.275 1.7603741942800348 -0.856787532000956
15.303 1.760389601425136 -0.8564961130952401
15.333 1.76002727297872 -0.8633396567188856
15.357 1.7598065459228542 -0.8676964144015837
15.387 1.7594133367642755 -0.876071468029607
15.416 1.7589709894701302 -0.8860008501936554
15.444 1.7584892765328974 -0.8967876303946718
15.475 1.7581753598008916 -0.9035489469686372
15.502 1.7579169800640209 -0.9089490009194184
15.529 1.757595444514325 -0.9153140436377689
15.56 1.757483894889568 -0.9174258827885293
15.589 1.7573447217301315 -0.9200023975690884
15.619 1.7567205535590766 -0.9315286033995059
15.649000000000001 1.7563617396048612 -0.938521882163343
15.679 1.7558096524123938 -0.9492330112153963
15.711 1.7555368585205993 -0.9543955943665001
15.742 1.755200057030302 -0.9608920944237618
15.768 1.7550154139143666 -0.9644252016175267
15.798 1.7547886103335812 -0.968708179368094
15.831 1.7542316194242367 -0.9801715524622363
15.854 1.7541216716714911 -0.9825132373742538
15.882 1.7539409232040681 -0.9862880861891731
15.908 1.7534435236255737 -0.997019901479216
15.937 1.7534054775210173 -0.9978725016679928
15.967 1.753128584467371 -1.0043294260661741
15.993 1.7527521874152845 -1.013164736778158
16.03 1.752378656190644 -1.0214938525264419
16.052 1.7521079215138888 -1.0272948904799912
16.085 1.7518525365916806 -1.0327020602591197
16.13 1.7515182324954595 -1.0400264289219454
16.14 1.7514412971542708 -1.041754233050844
16.17 1.7513044911017874 -1.04487512828372
16.199 1.750857101878337 -1.0552416754090754
16.23 1.7507779769078822 -1.056989960247246
16.253 1.750637153905312 -1.0600866171063452
16.282 1.7503146089933213 -1.0671888601454982
16.313 1.7500534509910532 -1.0728228640644384
16.342 1.7498090026379527 -1.0781063689072883
16.371 1.7495364100104152 -1.083978967596412
16.393 1.7494026006869452 -1.086817837219294
16.428 1.749088074836405 -1.0935780330029323
16.443 1.7491381082549236 -1.0924664340005912
16.475 1.7488203864846297 -1.0996147525112547
16.5 1.7484412696562877 -1.1082487942936723
16.533 1.748111810364525 -1.115643132978866
16.56 1.7480588116030966 -1.1167930742156107
16.587 1.747833431554247 -1.1216405669525569
16.613 1.747715594586784 -1.124208012601885
16.636 1.747512256094967 -1.1287827696967674
16.664 1.747194590572281 -1.13573687066943
16.69 1.7466404678432528 -1.1470372038498289
16.728 1.746236585867092 -1.1554854304175017
16.746 1.7460290228858493 -1.1600984202345104
16.769 1.7458924486686256 -1.1632660471318241
16.799 1.7457004181847455 -1.1679857312511537
16.828 1.7456621582338965 -1.1688923945683116
16.859 1.7454558353704877 -1.1736800698605578
16.889 1.7451028134693778 -1.1818534571033288
16.93 1.7447205287762744 -1.1915844073009512
16.947 1.7445637674731882 -1.1962461596500353
16.978 1.744471460202161 -1.1989056689570476
17.008 1.744165277113263 -1.207616780901267
17.034 1.7440565455370132 -1.2107692312027636
17.062 1.743818873335572 -1.218462208397486
17.086 1.743813370981569 -1.2186611509735876
17.112 1.743706868691586 -1.2226144416965878
17.138 1.7435887367496348 -1.2274156404104524
17.164 1.7435254132170606 -1.2301780977581456
17.2 1.7434441888272698 -1.2336485163500372
17.213 1.7434135082197995 -1.2349334985928626
17.226 1.7433279937639117 -1.2386145825298842
17.26 1.7431857161109787 -1.2446754691022672
17.284 1.7430746891338693 -1.2493473731459563
17.316 1.7429289673525539 -1.255589264773144
17.346 1.7427811876943853 -1.2621823372787395
17.373 1.7426538079360134 -1.268269218950547
17.398 1.7425173037079724 -1.2754064097496878
17.432 1.7424259664591386 -1.2805558585027161
17.45 1.7423680136301334 -1.2839773114244972
17.481 1.742253070010847 -1.2895498565042123
17.514 1.7421186259093027 -1.2940742066230333
17.544 1.7421043160299658 -1.29448024127831
17.574 1.7419535740923033 -1.2987350200968515
17.601 1.7417844312836128 -1.3035667388361696
17.631 1.7414814337946154 -1.312197014853468
17.657 1.7412260088748195 -1.3191851825008776
17.687 1.7411998210192734 -1.3198679857142734
17.729 1.7409799651749438 -1.3256185005920817
17.739 1.740913520851336 -1.3274098960328335
17.757 1.7406927705755892 -1.3334385705044651
17.774 1.7405405005285075 -1.3376505402947212
17.794 1.7403835254809203 -1.3419934374453992
17.827 1.7403737073758614 -1.34227496633838
17.853 1.7402487341307618 -1.3460093721962592
17.882 1.7402155265368469 -1.347054045258666
17.9 1.7401469160506091 -1.3494139864436503
17.928 1.740030246661321 -1.353435685828262
17.956 1.7397429593307336 -1.363322947290737
17.981 1.7396392599464137 -1.3670078542521589
18.001 1.7393936069793814 -1.3757040206659388
18.018 1.7392667917205125 -1.3800343683441156
18.048 1.7391823187954467 -1.3828343778964345
18.077 1.7390591773963138 -1.387063557408352
18.1 1.7389011366862526 -1.3926672947846808
18.129 1.7387278783310922 -1.3987405225427834
18.161 1.738532148656805 -1.4056999593623871
18.189 1.7384587568948484 -1.4082513958158136
18.217 1.7382891154543902 -1.4140337242730163
18.247 1.738110466323098 -1.4200446264955797
18.279 1.7379434985185407 -1.4254610492057374
18.308 1.7378156331829473 -1.4300201628586904
18.338 1.737569640423567 -1.440619502089359
18.368 1.7375445338538786 -1.4418143322555224
18.4 1.7374328599861395 -1.4469835739845804
18.432 1.737258708219618 -1.4543878493378835
18.458 1.73706826950285 -1.4627382418096146
18.485 1.7369735096979986 -1.4672461889454282
18.533 1.7368180543344536 -1.4767733292719973
18.542 1.7367965772332514 -1.4784347588749336
18.575 1.736778640071872 -1.4800130811289953
18.6 1.7367722888972514 -1.4806820716633389
18.644 1.7367450020244435 -1.4830915016065211
18.661 1.7366994526580144 -1.4864618142397432
18.691 1.7366305249841687 -1.4911181112738081
18.745 1.7365423089262655 -1.4966142083034197
18.749 1.7365125310692922 -1.4983412400391445
18.78 1.736377059076671 -1.5058008389613728
18.809 1.7363193944173971 -1.5091028360592444
18.841 1.736218559268114 -1.5154543559212914
18.876 1.7361118632744064 -1.5240911597481916
18.9 1.7360894417480743 -1.5271490932556278
18.946 1.7360826265294897 -1.5292578682352225
18.958 1.7360825021707798 -1.5323039091261157
18.988 1.7360747982130453 -1.5391368606629048
19.028 1.7359922568165436 -1.55266086489994
19.045 1.7359684391716048 -1.555103886130538
19.073 1.7359327535814182 -1.5586981166741738
19.1 1.7358836816029612 -1.563873444719768
19.129 1.7357932110506735 -1.5728650832346582
19.149 1.7357552508038812 -1.5763913303077544
19.178 1.7356935645755092 -1.5811072241726791
19.21 1.735649919368212 -1.5841386717452586
19.236 1.7355886282659256 -1.5886880573884896
19.264 1.7355077000945216 -1.5963384140865504
19.291 1.7354401845871734 -1.6041489693513322
19.32 1.7352593303068584 -1.617192806873994
19.341 1.7351136410310886 -1.6251370087978512
19.368 1.7349930161398008 -1.6317142026473082
19.401 1.7347662842282974 -1.6424148849426867
19.431 1.734654143559367 -1.6477537768829935
19.46 1.7345315862076618 -1.654274660852888
19.489 1.7344890483303026 -1.656506000501747
19.507 1.7344032275712424 -1.6615195637431002
19.539 1.7342848961057926 -1.6683675952476051
19.567 1.73414567967427 -1.6753588215050097
19.591 1.7340019097835466 -1.6817656197125876
19.625 1.7338788612288625 -1.6874671581423806
19.642 1.7337473584066216 -1.6940315847650569
19.672 1.7335949972690503 -1.701207970454379
19.7 1.7334847541323217 -1.7062276020947718
19.723 1.7333365085858332 -1.7127259940860404
19.748 1.7332195273575255 -1.717331548199685
19.779 1.7329970517707838 -1.7254036672184534
19.81 1.7327914723926456 -1.7322375668428418
19.841 1.732776375014678 -1.7327486161755594
19.871 1.73254157566989 -1.7417812339911682
19.901 1.7323192877372346 -1.7502964532980811
19.931 1.7320787807253875 -1.7585897759424833
19.962 1.7320031797016087 -1.7610844386929685
19.991 1.731789192444393 -1.7682678703770145
20.013 1.7317717134173567 -1.7688432756915085
20.043 1.7313837965316492 -1.7813219528351254
20.074 1.7313027274452903 -1.7839817736585655
20.107 1.731186291316542 -1.7877916771351894
20.133 1.7310614422707562 -1.7919838029545074
20.163 1.7309745893319122 -1.7951602669164692
20.192 1.730782893897605 -1.8019684648202154
20.226 1.730690904452513 -1.8049086708323738
20.243 1.730498459325737 -1.8108100626754995
20.27 1.7303751216530836 -1.8145399202975845
20.301 1.7301707149129153 -1.8204408914777128
20.333 1.729922115825443 -1.8273754515254415
20.363 1.729763065830957 -1.8318881138550303
20.395 1.729710043706947 -1.833498840453237
20.435 1.7294584167721898 -1.8407825784238272
20.448 1.7294322434503726 -1.8414660767750637
20.479 1.7291557819080996 -1.8486081477383092
20.51 1.7288153673302837 -1.8575868298916074
20.541 1.7285161782008565 -1.8655003819874925
20.568 1.7283680189914425 -1.869356466242274
20.597 1.7280844273473719 -1.8767689364520865
20.627 1.7277777226826445 -1.8850075581961374
20.653 1.7275306126388774 -1.8915610181828664
20.685 1.7273507704557196 -1.8964434487718649
20.716 1.7271653299653822 -1.9014102929132766
20.745 1.726836833056843 -1.9093493236240922
20.774 1.7266916525074278 -1.9129965497392596
20.803 1.7264910992700164 -1.918723140474124
20.835 1.7262329212497638 -1.9262402611514566
20.866 1.7262345658472766 -1.926191619264626
20.892 1.7260869714796807 -1.9311374532884502
20.939 1.7257831920361457 -1.9436105452449053
20.952 1.7257456076037128 -1.9453434051671348
20.98 1.725658887373068 -1.9498596413118474
21.003 1.7256023366823925 -1.9530731299380992
21.03 1.7255421909656974 -1.955777996437743
21.061 1.725350359356232 -1.9635152781725338
21.091 1.7252104365395888 -1.9697269818437055
21.115 1.725040536575128 -1.9781307392422856
21.143 1.7249568893977365 -1.9826768104544956
21.167 1.724924583890966 -1.9845986978933403
21.195 1.7247658875875116 -1.993874462478594
21.219 1.7246713989194509 -1.9997184905478256
21.243 1.724540281251146 -2.00831219237404
21.271 1.7244891360476065 -2.0114074418022785
21.295 1.7243952007475 -2.016413230026051
21.325 1.7241083657484526 -2.0300892292202493
21.356 1.723965804942745 -2.036594965063462
21.379 1.7237728952990066 -2.0451230797300055
21.407 1.723629830723063 -2.050496469396322
21.436 1.7233777983209544 -2.0585561575954348
21.463 1.7232198086175832 -2.063591600535929
21.491 1.7230982305952376 -2.067775916910827
21.515 1.7229411095529212 -2.0737338475127545
21.536 1.7228359525494545 -2.0781947183938065
21.565 1.7227873488838261 -2.0804612414931785
21.596 1.7226938700936734 -2.084986672164611
21.618 1.7225742149241194 -2.0904688715999495
21.645 1.722401481063548 -2.097630809293859
21.673000000000002 1.7222987894793984 -2.1019474074504902
21.7 1.7221755894776072 -2.1074338308563756
21.732 1.7221196769141034 -2.109804338793509
21.751 1.722121284465352 -2.1097387651099817
21.779 1.72197466975677 -2.11558931611916
21.805 1.721861975870965 -2.1199293090476807
21.832 1.7216678864007713 -2.127911928466835
21.861 1.7215043710630462 -2.134547919120985
21.891 1.7214361177434407 -2.13724996564849
21.931 1.7214381179567366 -2.13716418736633
21.949 1.721335606454972 -2.142099287410803
21.977 1.7212042897293611 -2.1492114196389283
22.008 1.7211310197903151 -2.152847702271364
22.042 1.7210230078320257 -2.158323679352173
22.059 1.7210040129396282 -2.159508630506517
22.085 1.7208933038311454 -2.167146665512002
22.106 1.720862270419951 -2.1692142573837443
22.137 1.720671116367935 -2.182276211475246
22.165 1.720584784672643 -2.190795173615756
22.199 1.7205340923186139 -2.1984166042045308
22.245 1.7204953192101902 -2.2048202603138525
22.257 1.7204809418357379 -2.20734908674668
22.283 1.7204482608697658 -2.2128144532935368
22.301 1.7204578159179247 -2.2109473392513075
22.324 1.7204484044683745 -2.2154588824181327
22.351 1.7204464928968102 -2.22085271717891
22.382 1.720425520355418 -2.2293782437322665
22.41 1.7203985623354225 -2.233319892532526
22.439 1.7203339777211086 -2.2442009426092273
22.468 1.7203216728894584 -2.2478033475300685
22.5 1.7202993823888055 -2.256533045226272
22.528 1.7202772287527686 -2.2643822543489467
22.559 1.7202050839049234 -2.2756573572948993
22.585 1.72017711689005 -2.278983465015949
22.621 1.7201526506455274 -2.2817327677771786
22.635 1.7201085200925905 -2.2863283988743786
22.668 1.7200845010950976 -2.2912678958460586
22.694 1.7200835599955155 -2.2956282461929405
22.725 1.7200610319797296 -2.3037604855217495
22.755 1.720021407824371 -2.30865533585133
22.78 1.7198923405145328 -2.319890795260447
22.811 1.7198158542952486 -2.3255038514687123
22.833 1.7197535804035846 -2.3297268526042005
22.86 1.7196607169216558 -2.336685594429965
22.886 1.7196309924417053 -2.3386624478309836
22.918 1.7194363409133233 -2.350333413508497
22.948 1.719359610991674 -2.354721428719677
22.972 1.7192199115545104 -2.362367731614332
23.0 1.7190870509142897 -2.3703367861520253
23.04 1.7188111836164854 -2.3877420544447725
23.059 1.7187555794827787 -2.3911736626145195
23.088 1.7186965265666632 -2.3944282209235896
23.119 1.718671103632181 -2.3957013454879745
23.148 1.7186115906228234 -2.398605235828875
23.178 1.7184346026202826 -2.406690309200151
23.207 1.7182959758727336 -2.412717253594591
23.239 1.7181187415702754 -2.4214611699180617
23.267 1.7180661155367118 -2.424748468403564
23.296 1.7179218711980706 -2.4341233118834205
23.325 1.7178092125598372 -2.4409668877163986
23.354 1.717756589841039 -2.4438411987716226
23.387 1.717618135352433 -2.4508532596548553
23.408 1.7175649108355782 -2.4533896956447574
23.439 1.7174100027904295 -2.4605558736640947
23.465 1.7172721187288147 -2.4666767884996497
23.491 1.717076737891311 -2.4748523463672703
23.525 1.7169134301787674 -2.4820034905660444
23.547 1.7167907480122722 -2.4870268996670157
23.575 1.71680162221318 -2.486624080517692
23.606 1.716556286012269 -2.4952680031265086
23.637 1.716420740038238 -2.49943940288045
23.667 1.716035259827691 -2.510658988985701
23.697 1.7157927154687653 -2.5174084025948638
23.743 1.7154166810592775 -2.527734209359639
23.758 1.7152542699151732 -2.5324113242872883
23.785 1.715174007410948 -2.5347359701208916
23.815 1.7148726582929399 -2.542926147289475
23.836 1.7145421352392387 -2.5509204045377345
23.867 1.7143125243029196 -2.556241650225
23.894 1.7142400316527722 -2.5579383047949267
23.931 1.71374330797672 -2.5697091296424843
23.94 1.713591756530969 -2.5732712716857513
23.972 1.7134600890630853 -2.5763297156843548
24.001 1.7132707640836153 -2.5805548788544588
24.029 1.7129129379643282 -2.5884596076967967
24.056 1.712801609269586 -2.5909789710446223
24.084 1.712586857342315 -2.59573996159087
24.113 1.712392924155255 -2.600028565564649
24.14 1.7122362899851744 -2.6034729474935716
24.17 1.7118616039894283 -2.611201435531142
24.199 1.711449110562881 -2.619592740410115
24.235 1.7109888783924427 -2.6291100683547426
24.258 1.7108795867437439 -2.631412928900559
24.288 1.710590824606556 -2.6375880253914668
24.331 1.710659616820402 -2.6361279391669403
24.348 1.710542982261387 -2.638648760278774
24.377 1.7102871800272053 -2.6443658866532864
24.407 1.7102750286486348 -2.644641936815198
24.44 1.7097788911768763 -2.6551790808679447
24.465 1.7095996771824142 -2.6588692028858287
24.496 1.7094343753299464 -2.662398542701402
24.526 1.7092222052486712 -2.666849276150718
24.543 1.7088914656532699 -2.673331149296087
24.572 1.7084720917584233 -2.6813753003645187
24.602 1.7083480609653636 -2.683716362756035
24.631 1.7082367137256593 -2.68580188959779
24.657 1.7078969617810367 -2.69241740702118
24.687 1.7074140723880007 -2.7021915168457236
24.717 1.7071367326513827 -2.7080436210051193
24.748 1.706797512414871 -2.715571617281881
24.772 1.7065455717815905 -2.721263896515651
24.804 1.706443234034083 -2.7233709857588666
24.835 1.70610560007601 -2.729850586043652
24.861 1.705633163615207 -2.7389101286900055
24.891 1.705568768515919 -2.740158023823109
24.919 1.7051971635696372 -2.7476681885630945
24.964 1.7047365656242937 -2.7574407596617885
24.979 1.7047562786586916 -2.7570124586200913
25.003 1.7044016473112875 -2.7649520595681296
25.033 1.7040718068579508 -2.7725544117599057
25.056 1.7039276973821391 -2.775990478036806
25.082 1.7038651630822328 -2.7775284966636673
25.113 1.7035802120084467 -2.784940028669925
25.144 1.703387610437326 -2.7903590213520073
25.172 1.7032726254453892 -2.7935398189441387
25.199 1.7028668161499398 -2.8040269425504225
25.221 1.7028021628062493 -2.8057329617062106
25.235 1.7026596823095765 -2.8096237889915945
25.258 1.702587278074375 -2.811485009003524
25.284 1.7024538202952488 -2.8147518484305443
25.309 1.702213827826771 -2.8207801953590588
25.344 1.7018402626474272 -2.8305375672527453
25.368 1.7017376821535914 -2.8333004077804125
25.399 1.701462106249877 -2.8411280407571966
25.428 1.7012707607361925 -2.8465794280633587
25.455 1.7012125749185745 -2.8482633113529015
25.484 1.7010247402743697 -2.854033942089162
25.513 1.7007399390624065 -2.8630653812948887
25.544 1.7002930171441333 -2.8769018250512564
25.573 1.6998993988615678 -2.888186933789028
25.606 1.699647355269391 -2.895031979784696
25.632 1.6994058209974299 -2.901055174532324
25.657 1.699223196561086 -2.9053124669335006
25.684 1.6988798907130862 -2.9130870178706
25.713 1.698514608434287 -2.9210934624430918
25.739 1.6983814908537371 -2.9240007567848996
25.77 1.698205928919057 -2.927941620195832
25.798000000000002 1.6979401592418464 -2.934088868494119
25.825 1.6975906663909075 -2.9420202089042293
25.852 1.697340984902128 -2.9476964460757897
25.884 1.697007732271571 -2.9553997074390677
25.905 1.6968499573279179 -2.9589005051810577
25.937 1.6965405667061755 -2.9655517127838844
25.964 1.6964796191444753 -2.9668293193693804
25.995 1.6962061492220157 -2.972192415129259
26.044 1.6957390844708635 -2.980775323501692
26.057 1.6956038286257695 -2.9831911741553325
26.079 1.695428101667939 -2.986287818857295
26.1 1.6954025920233216 -2.9867243174208022
26.126 1.6951045411797991 -2.9918302654505506
26.155 1.6952122025899043 -2.989949106472126
26.185 1.6949496266136448 -2.9944715461367952
26.214 1.6944405913371696 -3.0029888356950645
26.244 1.6938915987953536 -3.0124242598035615
26.274 1.6936562813126546 -3.0165253732842308
26.296 1.6934697098912566 -3.0197133352774825
26.32 1.6929316040292022 -3.029161250885201
26.344 1.6929500924785226 -3.0288294691338367
26.371 1.6928664331894436 -3.0303337877659344
26.4 1.6926369498772138 -3.0341994167278923
26.42 1.6923146846246389 -3.0391843244377577
26.433 1.6920394246983443 -3.0433178140434123
26.467 1.691407860921706 -3.052608563094706
26.489 1.6911517486197516 -3.0563839324760815
26.529 1.6907201501670033 -3.062979644028895
26.555 1.6902882033134556 -3.069925273718811
26.589 1.6902926912807281 -3.0698493330719123
26.626 1.6899180347328415 -3.076537772985116
26.65 1.6896659409567543 -3.0812425212527206
26.685 1.68931144296007 -3.0881165229746803
26.7 1.6891029147383954 -3.092288319160817
26.721 1.6888513523068676 -3.0971914303496773
26.751 1.6887729989063882 -3.0987568590463446
26.775 1.6885703593627728 -3.1031904968002983
26.804 1.6885351053425064 -3.104000592900264
26.835 1.6883275251792955 -3.1087749338981
26.863 1.68816699011886 -3.112540206175798
26.894 1.6878477832005 -3.1202179423025633
26.922 1.687638103500917 -3.125547504469784
26.939 1.6874856497854687 -3.129842434331185
26.965 1.6873726867051266 -3.1331428970280535
26.991 1.68705786564521 -3.1420854184774347
27.009 1.686939176463271 -3.1454667557494402
27.037 1.68690348142974 -3.146496689815896
27.069 1.6866441262007374 -3.1534329666402976
27.101 1.6862229715632846 -3.163948023203242
27.143 1.6859521607257473 -3.1704455854749507
27.162 1.6856314998381736 -3.177826073034276
27.191 1.6855659478199445 -3.1792864779675023
27.222 1.6852861632517564 -3.185234784426898
27.248 1.684931326713973 -3.192875204523106
27.28 1.6847307929657183 -3.1976021036089386
27.303 1.6843947494005773 -3.206028731831328
27.33 1.6843622420575917 -3.2068597707343613
27.359 1.6839941971441306 -3.216389720682167
27.39 1.6836322020607195 -3.2257220411858953
27.42 1.6833350890279617 -3.2332285953298445
27.451 1.6831532305363577 -3.2377384980497084
27.479 1.6829488085357835 -3.243151061303165
27.51 1.6829016978467144 -3.244437053791661
27.54 1.6829473066907092 -3.2432197426736398
27.572 1.6828094241517826 -3.247015505441443
27.601 1.682558404006565 -3.2539980331731604
27.642 1.682299660303534 -3.26159072285057
27.657 1.6821469805170792 -3.266403456421229
27.687 1.6817102961205705 -3.2800841975387263
27.708 1.6815087322154907 -3.2866012595402037
27.738 1.6813758448060165 -3.2908046124757635
27.768 1.6810786122608397 -3.2987658218955387
27.797 1.68083489279959 -3.3045413672626047
27.829 1.6804837044063294 -3.3123713560379
27.857 1.6800862153431746 -3.3210238543906736
27.886 1.6798113509183183 -3.3272162605127877
27.979 1.679270039870082 -3.3417888800948767
28.078 1.67919418919976 -3.34489903861423
28.165 1.6788267894441098 -3.362879433854098
28.255 1.6785140982983608 -3.378629761942155
28.352 1.6783608219846091 -3.3887719597798442
28.443 1.6778534888696792 -3.417401031418242
28.542 1.6777818035970509 -3.420564946751523
28.625 1.6772984659792836 -3.4403195501608916
28.708 1.6770118486652634 -3.4508076566376142
28.812 1.6766257473641422 -3.4638942312693115
28.896 1.6767813481231528 -3.4589235394043834
28.982 1.6775434572474515 -3.4392474965522397
29.082 1.6779768106169628 -3.4313106358703673
29.173 1.6795205423371657 -3.4127501602417234
29.262 1.6806828531622489 -3.4028036696936854
29.29 1.6811385773560104 -3.3995541827326616
29.335 1.6804834576082526 -3.4035457721826607
29.35 1.6801484210575477 -3.4053523722082617
29.376 1.6806012258705365 -3.4031067838937084
29.404 1.6801590158609452 -3.4050513154815
29.432 1.6788761108604877 -3.409997142120078
29.463 1.6785765091670992 -3.4110210153080556
29.497 1.6781545796689852 -3.4123208945190022
29.526 1.6788176055059645 -3.4104684523870685
29.555 1.68123928326209 -3.404295859135283
29.595 1.680970408069575 -3.4049112927639404
29.674 1.680636059002764 -3.4055624647572524
29.767 1.681107891506175 -3.4048238930725088
29.866 1.6820443368111209 -3.403644660601399
29.944 1.681192930386974 -3.4045530734265235
30.041 1.6846202270657382 -3.401431227578608
30.133 1.693287391077721 -3.3947831381223716
30.228 1.699861559086003 -3.390476993683334
30.326 1.6980655673168796 -3.3914932800059483
30.425 1.7048173882788529 -3.3881503726968805
30.524 1.7070230194629383 -3.387181144602536
30.555 1.708121691491068 -3.386731281715246
30.648 1.7005723263782349 -3.389601468181113
30.745 1.6983561624734937 -3.3903237428714847
30.839 1.6840743400998108 -3.3939628870006175
30.932 1.6788396915335988 -3.3948488241047716
31.031 1.6814866433803126 -3.394624070028093
31.132 1.685407740937093 -3.3945992832559417
31.214 1.6773592264276878 -3.394068033232294
31.302 1.6861688666359942 -3.395162817044987
31.406 1.6881075320712164 -3.3955199535432863
31.504 1.6823298256733865 -3.3940925469816623
31.601 1.6782141178339167 -3.3928991815187515
31.689 1.6663120535344789 -3.389030602563402
31.715 1.6654505131585504 -3.3887320365421063
31.743 1.6610293057823842 -3.3871983569575352
31.768 1.6558521647254854 -3.3854180497577255
31.797 1.6502971369267716 -3.3835149924043106
31.821 1.6470712221214432 -3.3824037030943286
31.853 1.6437439536972507 -3.381253332009032
31.88 1.635832806546309 -3.378516212815182
31.907 1.628564692560396 -3.3759909814546147
31.944 1.6167489539328088 -3.3718789162748948
31.969 1.6162367098786279 -3.371700968958879
31.997 1.6149557493151085 -3.3712539526175367
32.035 1.607319980377296 -3.36858796060502
32.059 1.600033006988559 -3.366059584377194
32.086 1.597078443079811 -3.3650266132705444
32.129 1.5835384054548078 -3.360249946060911
32.147 1.5823331300507042 -3.3598259057105766
32.177 1.580424226740241 -3.3591522014447674
32.212 1.5683928662964441 -3.354904785574379
32.237 1.5624979871952687 -3.3528289238172126
32.264 1.5508621773773184 -3.348709368058516
32.295 1.5433847656952013 -3.3460541156500874
32.33 1.5390652336445432 -3.344516960585656
32.365 1.53315401429288 -3.3424014768251302
32.382 1.5293053658902265 -3.341021183010766
32.412 1.5256488784244073 -3.3397190508553316
32.439 1.5252485593575424 -3.3395777439046825
32.468 1.5215159997295316 -3.3382604532037945
32.497 1.5126784929126902 -3.3351402954328013
32.518 1.5077419621894348 -3.3334035151499277
32.544 1.502469022684283 -3.3315497714091977
32.572 1.4951437399337697 -3.328968052563713
32.6 1.4922152198916916 -3.3279288192343834
32.63 1.4855166229471735 -3.3255354788159384
32.658 1.4810174427740133 -3.3239234582029082
32.695 1.4715854478090966 -3.3205555747277598
32.719 1.4628446640121466 -3.317441668050369
32.751 1.4580349669720651 -3.315724698965467
32.781 1.4547488193077291 -3.314558392744252
32.809 1.4523768799639172 -3.313724051406739
32.837 1.4484982723624404 -3.3123566092627796
32.865 1.4393690514715125 -3.309117783083939
32.892 1.4355466743188787 -3.307757909509372
32.934 1.4279104887622653 -3.3050337233166456
32.951 1.4234529300362788 -3.3034450410198324
32.975 1.4196166891971613 -3.302081502393028
33.004 1.414207489155188 -3.300160533806664
33.04 1.4057609344390931 -3.2971639013042684
33.064 1.402601319569678 -3.296046815194011
33.09 1.398335660710463 -3.294551150974728
33.129 1.3864210950357931 -3.29041625257941
33.144 1.3840250132565084 -3.289587426348039
33.171 1.3792489993988015 -3.287933873359988
33.199 1.3731051274579207 -3.2858157102719154
33.23 1.3706086503011932 -3.2849605830429796
33.253 1.3648990123851494 -3.2830088826184154
33.284 1.3639773945107458 -3.282693358246198
33.316 1.3575672306335291 -3.2804974692638855
33.353 1.3489752139113012 -3.277548066290161
33.381 1.339307080307794 -3.2742310020474363
33.403 1.3337338868728925 -3.272329281797148
33.437 1.3243411205345186 -3.269145530652544
33.459 1.3207491473353703 -3.267935899084267
33.488 1.3183830053711716 -3.267141358471695
33.514 1.3114502670182213 -3.2648101108283276
33.547 1.3046294155671152 -3.2624962315922863
33.576 1.2990619972468955 -3.2605923150309564
33.605 1.2919609018296905 -3.2581600810577758
33.633 1.285874990266781 -3.25607314051795
33.664 1.2834450514942475 -3.25524087715385
33.691 1.2769971125597082 -3.253030891487267
33.731 1.2750826942696807 -3.2523692356416896
33.746 1.2719375175296845 -3.25127489998081
33.777 1.2668326410173973 -3.249496481878699
33.803 1.262635820755231 -3.2480386756639943
33.832 1.2528160478559094 -3.2446476534940096
33.862 1.243640214257999 -3.2415049466738544
33.891 1.2432587001721784 -3.241374213614701
33.917 1.2401123946734853 -3.2402913609875945
33.946 1.2359234646695758 -3.2388619294708483
33.976 1.2313454626681115 -3.237320882383059
34.005 1.2223496324195018 -3.234309542730131
34.031 1.2139254255893728 -3.2314965438664616
34.057 1.2080302569899766 -3.2295411367881157
34.088 1.198962235788249 -3.226549438735343
34.126 1.1847648835716438 -3.2218592706902585
34.142 1.1834023952243118 -3.2214093126797674
34.173 1.1760552605533854 -3.2189824057595486
34.204 1.1711749537198104 -3.2173590780259405
34.222 1.1675724628963478 -3.21616126600003
34.244 1.163847237255297 -3.2149204483646754
34.27 1.1560103154849068 -3.212288185718626
34.299 1.149327879931159 -3.2100486956138448
34.333 1.14405037786452 -3.208290805968279
34.359 1.1395283952803956 -3.2067794735488326
34.389 1.1360770335539376 -3.205618140459552
34.408 1.13521284858656 -3.205325407726427
34.439 1.1296817469454064 -3.203424153498904
34.467 1.121266507457758 -3.2005107006031928
34.497 1.1138261667819562 -3.1979511702304744
34.54 1.1137195521571555 -3.197914960066743
34.554 1.1126106612988065 -3.1975394682618345
34.583 1.106317994928384 -3.195400022666197
34.618 1.1045132017565034 -3.1947946413589277
34.652 1.0995220781052062 -3.193122475604303
34.672 1.0958926766553088 -3.1918897980721765
34.698 1.085834988141423 -3.1884455038845934
34.737 1.0769706740829634 -3.1853993273895136
34.755 1.076216942760879 -3.1851415230703073
34.784 1.0689848932031452 -3.1826789942172384
34.815 1.0588819912261813 -3.179239475184229
34.845 1.0529377385330634 -3.177206762149222
34.874 1.0444326163333437 -3.174271910522162
34.905 1.0409543088397069 -3.173063788665352
34.941 1.035666151596207 -3.171222263433463
34.963 1.0316472217261774 -3.1698211927954043
34.992 1.022038182431067 -3.1665054800778334
35.038 1.0086729026192405 -3.1619382251509176
35.055 1.0056223562424358 -3.160889941717241
35.081 0.9979209307943763 -3.1582279466685335
35.108 0.9935796969787318 -3.1567222432221365
35.131 0.9889831071272007 -3.155119578158116
35.162 0.9804023443364911 -3.1521236216723896
35.194 0.9740877878406529 -3.1499275386973538
35.226 0.9663848707824384 -3.14724646050329
35.251 0.9641210803015021 -3.146459412543952
35.278 0.95748424905393 -3.14415555869976
35.304 0.950703892873624 -3.1418009636039934
35.336 0.9424980563729195 -3.1389615939829465
35.363 0.9323279405852568 -3.135453193851896
35.389 0.9306575817049334 -3.134875517886587
35.416 0.9248421484550721 -3.1328572189972803
35.443 0.9222934046516751 -3.131978033771803
35.469 0.9210451534225919 -3.1315522337382125
35.499 0.9104570271083233 -3.127988930735705
35.52 0.9058768186811677 -3.1264612456068437
35.549 0.9006032016371921 -3.124694374361323
35.574 0.8922788915101395 -3.1218795794240206
35.605 0.8825703998378602 -3.118594779392785
35.633 0.8815111755024119 -3.1182376154106595
35.661 0.8833386761397103 -3.1188500018514387
35.688 0.8803535189015652 -3.117859370846728
35.717 0.8781972358217399 -3.1171412476366798
35.74 0.8738528096155131 -3.115674824566271
35.771 0.868349583407899 -3.113818232442324
35.799 0.8649878999672204 -3.112686806719698
35.827 0.856216244600756 -3.109719800920313
35.856 0.8502003919578074 -3.1076789396129927
35.892 0.8411616426695483 -3.104599509924898
35.925 0.8337800440348608 -3.102064678449831
35.942 0.8305226494684529 -3.1009386159498677
35.973 0.8239801176486359 -3.098663386785527
36.009 0.8177858811434054 -3.0964914664899834
36.034 0.813832917466485 -3.0950997249805887
36.064 0.8047528586957313 -3.09189800757446
36.092 0.7985008943513514 -3.089679427604451
36.126 0.7956100995042819 -3.088651866571107
36.15 0.7940617506177043 -3.08810102460876
36.176 0.7870588532928425 -3.0856066987765893
36.205 0.7794489978974704 -3.0828884788497333
36.221 0.7785738524080933 -3.082573543068612
36.251 0.7690504522476933 -3.0791560973409386
36.281 0.7606597655019166 -3.076159582251319
36.301 0.7554208733111254 -3.0742922232872756
36.324 0.7485635894100704 -3.071861568164405
36.356 0.7392532227794908 -3.0685711008725876
36.388 0.7383437075793924 -3.068248270261181
36.415 0.7339462866777826 -3.0666890111714613
36.443 0.7305886362283922 -3.065510819532797
36.471 0.7221382756825161 -3.062564000164524
36.508 0.7225788159997645 -3.062717955670918
36.531 0.716473767563956 -3.060577171220186
36.565 0.7038086509072329 -3.056045189127362
36.591 0.6989115628643154 -3.054274844775323
36.624 0.6926510093630652 -3.0520482288646944
36.652 0.6892234701758647 -3.0508389140207353
36.68 0.6794110902403474 -3.047352787825809
36.707 0.6739235457242042 -3.0453911786025367
36.74 0.664170414994726 -3.0419241871280467
36.768 0.6553246951163946 -3.0388056308729015
36.799 0.650706532348266 -3.0371874326402146
36.843 0.6434250133497237 -3.0346579708726438
36.866 0.6410911748608483 -3.0338533614905687
36.886 0.6389333879194378 -3.0331100594609084
36.915 0.6325166914625087 -3.030903227435011
36.948 0.6249286818334039 -3.0282958716557062
36.974 0.6218785843407624 -3.0272510861686848
37.003 0.6189746951945925 -3.026260104027032
37.034 0.6090888411733825 -3.0228918031916594
37.064 0.6010634383005135 -3.0201511537298558
37.095 0.5937166583779446 -3.017635193352663
37.136 0.5907657742433451 -3.016632952747
37.156 0.5880244941020101 -3.015711112473693
37.183 0.5846321205991123 -3.0145749491876455
37.203 0.5840131868047204 -3.0143681182551076
37.217 0.5824076259717739 -3.013831347394545
37.231 0.5791468869219432 -3.0127408158841047
37.262 0.5699826845524493 -3.009675083160651
37.295 0.5662294317921118 -3.008400721856346
37.328 0.5600242615354394 -3.006267596337682
37.349 0.5601891584677554 -3.0063242270293995
37.379 0.5539036310446538 -3.00417495382833
37.409 0.5466480330544746 -3.001705243507631
37.439 0.5384748777858801 -2.9989302549453853
37.464 0.5316548111748973 -2.9966335841057274
37.495 0.5288854414245482 -2.995710164900426
37.527 0.5263407056520156 -2.994865491896667
37.547 0.5246090505390706 -2.994292842369536
37.578 0.5210877772618276 -2.993131734702296
37.603 0.51938559182985 -2.992575329474967
37.632 0.5155329950307308 -2.991327110660171
37.66 0.5114579912584908 -2.9900157836432424
37.691 0.5027736430231134 -2.9872253590730766
37.726 0.4960072660284552 -2.9850510790476115
37.751 0.4917989736995976 -2.9837086812003135
37.776 0.48494585250711786 -2.9815183575288566
37.8 0.47910342065279626 -2.9796396295261443
37.822 0.4723320182010282 -2.9774653043480357
37.848 0.4685142662774422 -2.976242984039806
37.874 0.46210188193537993 -2.9741963150115045
37.901 0.4560317739924299 -2.9722686302907353
37.926 0.44946917525045943 -2.9701777026606035
37.955 0.44486824928490126 -2.968696523516134
37.978 0.43923080845515283 -2.9668817951124318
38.005 0.4325251534822514 -2.964742722837427
38.037 0.42525718923621914 -2.962406603570473
38.066 0.41881969657590734 -2.960303910295885
38.098 0.4093498089601158 -2.957174616045324
38.135 0.4053809005375913 -2.9558447231349696
38.159 0.40023803048213125 -2.954103802683626
38.19 0.39550095553293096 -2.95249155980258
38.219 0.38748600050721593 -2.949766816177643
38.248 0.3800006061124299 -2.9472345236461828
38.28 0.3714192440288093 -2.944303677286623
38.308 0.3686593425003376 -2.9433537076925917
38.334 0.3636672698545097 -2.9416358976230086
38.363 0.35979542907671475 -2.94029837864022
38.393 0.3587115443640497 -2.9399236921772314
38.433 0.3504362718269746 -2.937072191468703
38.452 0.34871026234995517 -2.9364784655465024
38.482 0.3406847422270971 -2.9337328765257014
38.511 0.33429075517187606 -2.93154128655315
38.541 0.33198074600703664 -2.930750055016153
38.571 0.3255421994400163 -2.928574404386269
38.6 0.32159276637639367 -2.927248466232712
38.639 0.3144432393618167 -2.924849349011513
38.66 0.31104951093652494 -2.923713060516593
38.691 0.3047650163187019 -2.921600502911955
38.713 0.30348759913002155 -2.9211691035803486
38.742 0.2957830968011509 -2.9185675717259585
38.771 0.2897168531245512 -2.916520559035456
38.8 0.2836460435005757 -2.914473909243392
38.825 0.27972901090077534 -2.9131508158927857
38.852 0.279606038279798 -2.9131095209040785
38.885 0.2749422450523273 -2.911553920822289
38.905 0.26908206686888964 -2.909606488571905
38.935 0.2659844817040366 -2.908576238525434
38.965 0.2605752577140878 -2.906758719516194
38.997 0.25568941718805993 -2.905097306714362
39.024 0.25174735955937705 -2.9037368995495627
39.05 0.24891747317000038 -2.902753136573001
39.08 0.24309474230685368 -2.900733003158208
39.109 0.23580808753251642 -2.8982035166408764
39.138 0.226230984293271 -2.8948937793652574
39.168 0.21778124552478403 -2.891987944912343
39.198 0.2126043772183611 -2.8902037968405594
39.231 0.20738500649826258 -2.8883967707371743
39.257 0.21147881241891048 -2.889825203300565
39.288 0.20275009858564771 -2.886748795687303
39.316 0.19395200834557225 -2.8836106242640005
39.346 0.18623786226228367 -2.88083417549115
39.377 0.18017236631959027 -2.87864399583775
39.415 0.16738010598744668 -2.87405625996554
39.435 0.16227635262539827 -2.872238233514033
39.463 0.15824098381245544 -2.870796676305426
39.493 0.15091261709666506 -2.868182728729203
39.521 0.14240260609915487 -2.865157898676581
39.549 0.13704948523287896 -2.863243387889121
39.579 0.13135343145327327 -2.861179384645013
39.608 0.12736110359603145 -2.859732503005554
39.632 0.12355571954240611 -2.8583668170050327
39.662 0.11770540877670313 -2.8562761955499614
39.692 0.11687920445585989 -2.8559834030779165
39.73 0.11526048650776573 -2.855411311536611
39.747 0.1106088887967424 -2.8537619238445426
39.777 0.10720801348332507 -2.8525575748146665
39.808 0.10120643784302069 -2.8504304593143397
39.836 0.09653661299260792 -2.848771334717756
39.866 0.09111279191638882 -2.846828809567467
39.895 0.0858051526163549 -2.844925239898268
39.947 0.07547775752847079 -2.8412694357569106
39.953 0.0747907326373259 -2.8410282666859277
39.983 0.07096549106998873 -2.839686108460656
40.004 0.068759960844554 -2.838915721292721
40.034 0.06739409629407851 -2.838439268061289
40.062 0.06385290251258878 -2.8372028653815753
40.087 0.05973319705174854 -2.835763646828653
40.119 0.05410752866976592 -2.833807621787326
40.144 0.05390559054531428 -2.833737921399499
40.174 0.044636002627354246 -2.8305459894745884
40.2 0.039215400244505164 -2.8286728506345966
40.22 0.03335731641930986 -2.826642510482633
40.245 0.03188897790209458 -2.8261340109226527
40.275 0.028733375370841613 -2.8250436155686693
40.307 0.02363882755863024 -2.823302368837182
40.337 0.01719115586569578 -2.821126942619268
40.368 0.01059639713225476 -2.818922337091301
40.397 -0.0007206201023232609 -2.815144093355486
40.432 -0.004660999309713274 -2.8138273452334968
40.452 -0.008985992257623648 -2.812387648981215
40.484 -0.010925593374450975 -2.8117359135277415
40.508 -0.01901414036058738 -2.8089823635710207
40.537 -0.022475328739175324 -2.8077997624353443
40.567 -0.0283329335017153 -2.805791144974862
40.591 -0.030889211875980597 -2.8049108780944882
40.618 -0.03235087912080814 -2.804406489256996
40.647 -0.03640097618961449 -2.802999082562409
40.678 -0.04241934710215624 -2.800895392914853
40.712 -0.051120770153277095 -2.79786164942092
40.742 -0.05667876486609172 -2.7959182224551604
40.765 -0.06028792330216209 -2.794652032039161
40.793 -0.06386184048630936 -2.7933870613207605
40.823 -0.06600498679391771 -2.7926198915272082
40.849 -0.07461403195617566 -2.7895311432299876
40.879 -0.0777790070609767 -2.788389207605949
40.903 -0.07817334915173116 -2.788246498342133
40.944 -0.08193982196775981 -2.786895959404539
40.962 -0.08390493873263942 -2.7861943209454596
40.99 -0.0893699413413816 -2.7842388946915277
41.019 -0.09421587144003195 -2.7825029515067574
41.045 -0.10291810766301877 -2.7793768885976142
41.075 -0.10580621449729775 -2.7783387710298695
41.104 -0.1120176061995751 -2.7760925592240286
41.134 -0.11653395640377803 -2.774450377079451
41.157 -0.12156336234220701 -2.7726215745703136
41.182 -0.12470414389989753 -2.7714670219945323
41.213 -0.1349614571251304 -2.7676505595930156
41.239 -0.14031565751798164 -2.765652385737701
41.267 -0.14298982257264944 -2.7646511582075357
41.296 -0.14402265138917927 -2.764262428353549
41.327 -0.1486148512154679 -2.7625348968245547
41.355 -0.15738610199385586 -2.759235382829753
41.385 -0.16374002028720092 -2.7568204602894997
41.409 -0.16805471136916353 -2.755174610443957
41.441 -0.17059827754054316 -2.754205495183536
41.468 -0.17812431876300194 -2.751351072263668
41.499 -0.17961319556386818 -2.75078993572082
41.533 -0.18735424785459193 -2.7478652881904644
41.557 -0.1934969857318045 -2.7455370692997603
41.586 -0.1997694181141805 -2.7431553935684145
41.615 -0.20526362964574743 -2.7410756055238075
41.657 -0.21131334915135527 -2.73882202582778
41.677 -0.2147130873023466 -2.73757200216683
41.706 -0.21958663660544311 -2.7357823300591977
41.735 -0.22727757563672688 -2.732962313040031
41.764 -0.23108750714018508 -2.7315681822485574
41.794 -0.2365976390240418 -2.729558424511954
41.84 -0.24507141152024234 -2.726418402066367
41.847 -0.2469954427755106 -2.7256930391870897
41.874 -0.24859351750450287 -2.72509096707844
41.899 -0.25140621545927855 -2.724036885126439
41.933 -0.26133306053825295 -2.720360491114671
41.958 -0.2673257061606595 -2.718152052490415
41.989 -0.2747425447109854 -2.715396303136961
42.019 -0.284928670202475 -2.711583372699979
42.048 -0.2931251972961381 -2.708524689878919
42.073 -0.2973274718386525 -2.7069589349155585
42.1 -0.30565480414137175 -2.7038415951433605
42.126 -0.31286111238086906 -2.7011406478120827
42.153 -0.3173925793495345 -2.6994476413538155
42.181 -0.3210386651704188 -2.698094596861368
42.212 -0.3269950441528368 -2.695884490724722
42.245 -0.3353571658214572 -2.6927527683512538
42.269 -0.3421628650454611 -2.690186654093066
42.296 -0.3465358077766211 -2.6885334820728874
42.335 -0.35063097902480395 -2.6869936095801505
42.354 -0.35422296383700674 -2.6856570997290263
42.385 -0.3571036133630901 -2.6845834675709086
42.418 -0.3664906324895779 -2.681080140282378
42.432 -0.3688023355955542 -2.680222071164464
42.46 -0.37612663983057654 -2.677508211263298
42.481 -0.38100745109766315 -2.6757047269468237
42.506 -0.3851827260632018 -2.6741665109994175
42.534 -0.3919425039763461 -2.671681084950689
42.563 -0.3966088818293698 -2.6699562092029443
42.592 -0.39738534467243686 -2.669666192144598
42.634 -0.40795494166507534 -2.6657733877054683
42.652 -0.4105991361909731 -2.6648183171773776
42.682 -0.41453597044952867 -2.663401229145036
42.712 -0.41813385026642336 -2.6621181265135907
42.742 -0.4232591726383534 -2.660298957400546
42.77 -0.43188086466384223 -2.6572182857985784
42.798 -0.43354175499193254 -2.656615561462965
42.823 -0.4372220869752734 -2.6552567764919477
42.848 -0.4412149437213189 -2.6537769040442867
42.879 -0.4487907856322207 -2.65097357010544
42.907 -0.4595116345498644 -2.6470126562114626
42.933 -0.46599282926381774 -2.644620643577011
42.962 -0.469933204908796 -2.6431658316085422
42.989 -0.4800566426133239 -2.639419330901296
43.008 -0.48454903633616386 -2.6377506695699506
43.029 -0.48843919110197853 -2.636315722864515
43.056 -0.4937118829048909 -2.634391980361323
43.084 -0.5005559689728655 -2.631895198414163
43.118 -0.5044052617186257 -2.6304860518023334
43.146 -0.5103782702888167 -2.6282858265880953
43.176 -0.512963634841722 -2.6273249994394683
43.206 -0.5160451486041947 -2.6261768450426053
43.242 -0.5234670290888076 -2.6234193927460474
43.267 -0.5250390985917509 -2.622834321056473
43.294 -0.5271326749932846 -2.6220499369779415
43.335 -0.5292310309994627 -2.621252772034797
43.353 -0.5342467959592547 -2.6193242551194658
43.389 -0.5376596445230498 -2.618002138638078
43.411 -0.5400828055170617 -2.617060880120262
43.447 -0.5497709065160797 -2.613330182035463
43.467 -0.5528516406942883 -2.6121502729046098
43.497 -0.5578132374030572 -2.610248016920205
43.523 -0.5620987009033195 -2.6085966232021773
43.549 -0.5666584557813903 -2.606834566935049
43.578 -0.5740373123035669 -2.603979495064553
43.605 -0.5789380189322412 -2.602082161288387
43.626 -0.5862292886758591 -2.5992431559593023
43.654 -0.5896412957267778 -2.597902054861274
43.683 -0.5991358531160559 -2.5941938283552535
43.707 -0.6058718294811845 -2.5915922862857914
43.737 -0.6066354938618671 -2.5912986983479587
43.766 -0.6106286015532824 -2.589763935236495
43.798 -0.6149459678404853 -2.5880945603104055
43.82 -0.6214386963885864 -2.585561740818432
43.849 -0.6281760391736378 -2.582916519821849
43.88 -0.6309400424084093 -2.581822677331031
43.907 -0.6385567428892339 -2.5788136935969987
43.938 -0.6375519084794465 -2.579205683692072
43.963 -0.6428827394079105 -2.577127645118417
43.992 -0.6500409263940004 -2.574316048197195
44.024 -0.655963712281218 -2.5719946696466844
44.054 -0.6637766246863469 -2.5689383481721255
44.08 -0.6695733404241831 -2.5666639444145654
44.107 -0.6732278292024031 -2.5652295730015795
44.132 -0.6770861845523816 -2.563705837263732
44.161 -0.6805720161518214 -2.5623169442238103
44.192 -0.6838851799025383 -2.5609891595465695
44.22 -0.6894496308444651 -2.558756248417321
44.243 -0.6946317246112386 -2.5566784371256133
44.273 -0.7042060267674584 -2.5528142955477837
44.312 -0.7130212774848055 -2.54926320458255
44.335 -0.7190897463271076 -2.5468461625081678
44.365 -0.7239390973129943 -2.5449274540147258
44.393 -0.7247303014591104 -2.544613955876223
44.422 -0.730439713992779 -2.5423482066340335
44.451 -0.735962772920364 -2.5401757602587036
44.479 -0.7400535932904422 -2.5385646710976997
44.507 -0.7450028205632251 -2.5366104963776865
44.535 -0.7516413844728014 -2.5340081274696358
44.569 -0.760320417689099 -2.5306314729544064
44.594 -0.7648685367488185 -2.5288772667363824
44.639 -0.7610535399681126 -2.530349774933754
44.655 -0.7652643502460612 -2.5287155898975393
44.686 -0.7743015510535819 -2.525205639201631
44.736 -0.7865552886861289 -2.5204964455379275
44.749 -0.7898094205976423 -2.519262378229363
44.774 -0.7918120279144679 -2.5185022175507155
44.803 -0.7944106177184715 -2.517515174364086
44.831 -0.7987763557991198 -2.5158598416584836
44.86 -0.8051774165622678 -2.5134293933116707
44.889 -0.811732574014307 -2.51095674900029
44.933 -0.8270304452705771 -2.5052109760676533
44.943 -0.8287902470801074 -2.504548236392114
44.973 -0.8348101176963579 -2.5023006272222688
45.001 -0.8407439718746184 -2.5001095445330654
45.032 -0.8497392708885619 -2.496803164380317
45.059 -0.8557464190392254 -2.494596974261686
45.086 -0.8576222724827566 -2.4939018933297534
45.113 -0.8659273957744776 -2.490776783153486
45.134 -0.8709337441871716 -2.488873514220562
45.161 -0.8747026146132596 -2.4874324701741974
45.191 -0.8798440180564041 -2.485472783935017
45.208 -0.8833316316237221 -2.4841487543137073
45.238 -0.8856393050148096 -2.4832663696554365
45.265 -0.8891778652151227 -2.4819000098576094
45.291 -0.8910852831336125 -2.4811623172306816
45.308 -0.8929896019198647 -2.480427161587155
45.337 -0.8967546397654733 -2.4789762364870183
45.369 -0.9025569026540233 -2.476754309086282
45.398 -0.9118738826843577 -2.473193212722727
45.442 -0.9201383893004895 -2.470019588099627
45.454 -0.9218509935337436 -2.46935802214832
45.484 -0.9237268517159501 -2.4686270477804304
45.514 -0.9343686086159537 -2.464475871604306
45.547 -0.9455074152179257 -2.460146044590269
45.575 -0.9488341460503196 -2.4588571342656764
45.603 -0.9527333453264938 -2.457355238254532
45.641 -0.9654668481611236 -2.452454219512269
45.663 -0.9733563769181673 -2.449414197279121
45.681 -0.9779453045288471 -2.447642017389928
45.704 -0.981691811665014 -2.4461922054914695
45.728 -0.9853303064435708 -2.4447826146816776
45.754 -0.9908145089122692 -2.4426491347902264
45.78 -0.9941889883482466 -2.4413261564539472
45.8 -0.9990570660597453 -2.439405202433621
45.822 -0.9988139913269393 -2.439500851176726
45.849 -1.002782925626635 -2.4379430540264178
45.879 -1.0136845776535792 -2.4336721480458086
45.907 -1.0194226596663067 -2.43143788373029
45.932 -1.0247485904891291 -2.429371148464213
45.954 -1.0313919532452032 -2.4267884582344132
45.983 -1.0337891276047086 -2.42585322605627
46.003 -1.0391931465325415 -2.4237381011714483
46.023 -1.0428027625334744 -2.4223250495217705
46.054 -1.0442035287262135 -2.4217797817199513
46.083 -1.0523843771576016 -2.4185894377802857
46.113 -1.058424443807963 -2.416209502004697
46.147 -1.0606330945933418 -2.415332184312533
46.175 -1.0656137128348933 -2.413345644736748
46.206 -1.0687828816271112 -2.412073037269218
46.24 -1.077955770282353 -2.4083504003240015
46.265 -1.0845478101063435 -2.4056713723276557
46.296 -1.0911967084786387 -2.4029873807121276
46.325 -1.0953371301711892 -2.401317659444989
46.36 -1.1037215782505847 -2.3979119125907826
46.385 -1.1119834492759073 -2.3945279873425345
46.414 -1.1164670525442264 -2.3926884020444206
46.445 -1.1263921667437258 -2.3886248690390297
46.471 -1.1313679409895783 -2.386595174440686
46.499 -1.1400311283953886 -2.383075186395066
46.515 -1.1398095541358957 -2.3831654366493833
46.548 -1.1450183477061187 -2.381032588474539
46.576 -1.1504561813749141 -2.3788000928746498
46.603 -1.155927603580392 -2.376548078706765
46.63 -1.1628463728594878 -2.37368843340915
46.659 -1.1715493211704469 -2.370103168759411
46.685 -1.1787705898835408 -2.367148211606499
46.703 -1.1820401432198462 -2.3658133528810823
46.725 -1.1857488695755285 -2.364304877728101
46.754 -1.1917139776789842 -2.3618821348256307
46.783 -1.1982483719452186 -2.3592271542110246
46.803 -1.202404763900952 -2.357539669121068
46.822 -1.20758162697898 -2.355424901781046
46.853 -1.212059035276833 -2.3535766812872865
46.879 -1.2166729345425138 -2.3516624311236027
46.911 -1.221978335132311 -2.3494630188880197
46.936 -1.2221375797794065 -2.34939709633653
46.963 -1.2303260412691603 -2.345998802321882
46.994 -1.235868576527034 -2.34369700779859
47.035 -1.2379240865779273 -2.3428396601962955
47.045 -1.2404839086590145 -2.341769743666795
47.072 -1.243594548797454 -2.34047883962801
47.1 -1.2468235747077 -2.339153032679777
47.135 -1.2569167179265957 -2.3350531113045863
47.155 -1.262242564851994 -2.3329018461633275
47.184 -1.2682359783422852 -2.330488543741258
47.207 -1.2732197223725235 -2.328485638679045
47.236 -1.2815146995882933 -2.3251491031802924
47.272 -1.2875618084910823 -2.32271754766792
47.361 -1.2996781141468223 -2.3178117317461426
47.463 -1.3229392508547884 -2.3082337270793034
47.565 -1.328253028982426 -2.30597274226507
47.644 -1.3413693361639958 -2.300263641659393
47.74 -1.366199274616268 -2.2895192978794485
47.84 -1.3770961598768232 -2.2848448380637256
47.928 -1.3852595686721214 -2.281294595231383
48.019 -1.393264879402361 -2.277697913481537
48.119 -1.39411004572726 -2.277314945561643
48.218 -1.3922050508342292 -2.2781609714293065
48.313 -1.3827687082892746 -2.282164807128818
48.334 -1.3839709064345573 -2.2816733719375883
48.426 -1.399189016366692 -2.27543562489477
48.534 -1.3908355956637397 -2.278915295477945
48.621 -1.3929433201119699 -2.277977704636627
48.724 -1.4003341747003162 -2.2742778494093576
48.836 -1.4102768746591328 -2.2685777827155116
48.851 -1.4105776958369685 -2.2683901846561914
48.881 -1.4137201286743106 -2.2663635008705496
48.911 -1.4165186970416859 -2.2644721739236
48.94 -1.4161804298044278 -2.264714093637967
48.97 -1.4161028389090413 -2.2647730174968066
48.999 -1.4127945710462912 -2.2674358678022277
49.035 -1.4129258329106598 -2.267322947881102
49.058 -1.4092376909219542 -2.2706908650386475
49.087 -1.406930203597969 -2.2729137293396375
49.118 -1.4128660590808197 -2.266846609815802
49.149 -1.4121251521406324 -2.2676489556759973
49.172 -1.4111284108371347 -2.2687854136468606
49.197 -1.4119704070224666 -2.267776707790036
49.233 -1.4123126807725448 -2.267340632101725
49.249 -1.413003318768441 -2.266414979133372
49.273 -1.414213776897185 -2.2647231636454266
49.303 -1.4179372824452179 -2.2592019374619112
49.403 -1.4126101783121072 -2.2681127949576427
49.498 -1.4139661338821228 -2.265281433429426
49.58 -1.4122388109086115 -2.2700112189111596
49.664 -1.414890373374643 -2.2600562622801714
49.74 -1.4132843068149135 -2.269119302285193
49.82 -1.4139634225522282 -2.2624255344884205
49.932 -1.414065552529326 -2.257125263168581
50.02 -1.4135154461995822 -2.2470670009278755
50.12 -1.4144811486286757 -2.2567624405687123
50.149 -1.4145307631430724 -2.257161775539401
50.249 -1.4126317350230766 -2.2442140613183934
50.34 -1.411256145498902 -2.23593209993593
50.411 -1.4115475833734177 -2.2375490017948017
50.504 -1.4093199946516992 -2.226029725149356
50.599 -1.407342815233168 -2.215821570074627
50.62 -1.4068162208902708 -2.213072306610224
50.645 -1.4064181197402024 -2.2110193946148735
50.675 -1.4048095824329452 -2.2027919665582876
50.706 -1.4041601850082484 -2.1994948127315634
50.743 -1.4023860912971884 -2.1904231425313068
50.761 -1.4020691291186802 -2.1887898721577757
50.789 -1.4022824180866362 -2.1898847928734617
50.817 -1.4018083195019673 -2.187467050263318
50.847 -1.4006036868504206 -2.1813885322291884
50.877 -1.399733071350814 -2.1770029167666674
50.902 -1.399029896376111 -2.1734912017148447
50.928 -1.3978526217550402 -2.167594041468508
50.959 -1.3965231873409656 -2.1609298660833876
50.988 -1.3945116593752434 -2.150916499931384
51.02 -1.392361296878002 -2.1401968176964834
51.04 -1.3912046406928467 -2.134439450513175
51.069 -1.3889651552018587 -2.123201282631712
51.098 -1.3880240112658042 -2.1184945827050563
51.122 -1.3876321379836092 -2.1165640031702524
51.149 -1.3872210087264791 -2.1145423124326976
51.18 -1.3862258716702398 -2.1096093383642356
51.208 -1.384605387752898 -2.1014910700550016
51.246 -1.3838839657627682 -2.097815006246708
51.266 -1.3824622067072898 -2.0904859518757912
51.293 -1.3807581593696623 -2.081730340089734
51.307 -1.3799036006594314 -2.0773658808637805
51.332 -1.379293888072295 -2.0743082984038947
51.356 -1.3786202365526843 -2.0709772525637886
51.375 -1.3779205883117227 -2.067490536227758
51.399 -1.3770173702066577 -2.062955707562294
51.408 -1.3766222948099007 -2.0609689307878716
51.44 -1.3756780375734434 -2.0562665580163966
51.469 -1.3747842409539843 -2.0518814785355217
51.494 -1.3731385739403532 -2.043808502677763
51.507 -1.3725333024933137 -2.040824150388634
51.539 -1.372607429512275 -2.0411850352954337
51.567 -1.3710751792922489 -2.033860568064381
51.599 -1.368685526170501 -2.022570108029135
51.617 -1.3682992973658203 -2.020776623184255
51.633 -1.3680715552164207 -2.0197268615830772
51.662 -1.367917890222673 -2.019021544974074
51.689 -1.3667262950486019 -2.0136568815022162
51.714 -1.3656386249281527 -2.0088544160690964
51.746 -1.3640885895322181 -2.00206536554748
51.771 -1.3628912623195206 -1.996826255586044
51.793 -1.362115009382589 -1.993429533768834
51.819 -1.3612360090816693 -1.9895819896724818
51.844 -1.360368294466124 -1.9857736841857765
51.872 -1.3586365450009128 -1.9782321924543034
51.901 -1.3571025699190837 -1.9716007669719693
51.926 -1.3560341643877463 -1.9669903709212626
51.957 -1.355406288854945 -1.9642866884624315
51.985 -1.3544468726860992 -1.9601652019058213
52.006 -1.3541557729502434 -1.9589131220268303
52.036 -1.3540174031399408 -1.9583150464908772
52.066 -1.353798473372398 -1.9573664116367009
52.096 -1.352392079813863 -1.951287112474782
52.136 -1.3514441019881118 -1.9472183919493933
52.156 -1.3505673806612624 -1.9434854091606006
52.185 -1.349390933309091 -1.938535584800718
52.226 -1.3472174133898198 -1.9294477071733507
52.244 -1.3463220155303615 -1.9256778628484863
52.268 -1.3452046115900278 -1.920921697828683
52.287 -1.344125486348997 -1.9163411475369347
52.305 -1.3432595354317014 -1.9126576197884304
52.327 -1.3424870528514337 -1.9093689332532837
52.36 -1.3406668163893982 -1.9016625893220245
52.387 -1.3383016630893811 -1.8917120556719045
52.416 -1.3378837636613607 -1.8899809531845249
52.446 -1.3370459899841496 -1.8865575462429063
52.475 -1.3371649638408318 -1.8870436694031207
52.504 -1.3358988615097667 -1.881865779001629
52.55 -1.3339153804973767 -1.8737850210669544
52.562 -1.3333509189039259 -1.871489479076462
52.593 -1.3311875184736837 -1.8626590210819165
52.623 -1.3293959997410778 -1.8553226444493163
52.66 -1.3267341020138022 -1.8442686691848347
52.682 -1.3256027994454058 -1.8394740432922712
52.711 -1.3228423391685253 -1.827837255572732
52.744 -1.3223247761871377 -1.8256723741222236
52.77 -1.3210423822776447 -1.820235358336965
52.799 -1.3197841142653024 -1.814843657707923
52.839 -1.316699745937817 -1.8016449293520296
52.86 -1.3165337103389918 -1.8009307068331069
52.884 -1.3159050348773451 -1.7982056582955221
52.905 -1.3153354278801286 -1.7957431738461493
52.936 -1.3136286570766933 -1.788425773299456
52.968 -1.310940321477707 -1.7769750994398898
52.998 -1.3099769861435255 -1.7728521132255024
53.026 -1.308696845328699 -1.7673301963190557
53.059 -1.3067360494271467 -1.7587857491693055
53.088 -1.305875640070514 -1.7549818449091017
53.118 -1.3052013326518626 -1.7519832269887148
53.147 -1.3046221203720674 -1.7494174511791847
53.173 -1.3035101340444937 -1.7444943936104123
53.203 -1.3021660333557632 -1.7385512125780869
53.245 -1.302234458708536 -1.738843337560404
53.264 -1.3010466476209352 -1.733885909827376
53.291 -1.3001352219941429 -1.7300319409633336
53.324 -1.2979785116105478 -1.7209187369453447
53.329 -1.297793788608768 -1.7201449648608085
53.359 -1.295997202245279 -1.7126221467948355
53.395 -1.294163496225182 -1.704942264926847
53.429 -1.2918794762641652 -1.6953595598407702
53.456 -1.291845348718327 -1.6952170747328748
53.485 -1.2911726282612837 -1.6924263931142633
53.514 -1.2905674908538047 -1.689955591964367
53.551 -1.2882605477173885 -1.680650954215928
53.573 -1.287043096940447 -1.6757013779460466
53.601 -1.285869016297541 -1.670933559156768
53.636 -1.2862960321433796 -1.6726680430624248
53.66 -1.2860022173451242 -1.6714615836965205
53.689 -1.2839055204953096 -1.6628243369731137
53.717 -1.2823001051282896 -1.6562144612266283
53.747 -1.2801275373284338 -1.6471503385060013
53.776 -1.2778816536631175 -1.63769830805591
53.875 -1.2746300162743704 -1.6243161707697804
53.953 -1.2726622145900595 -1.6162527709691672
53.956 -1.2724173889509034 -1.6152356076875956
54.057 -1.267552802508382 -1.5948753701696503
54.15 -1.2614757467545172 -1.5680042993018886
54.251 -1.259526719969972 -1.5582955381741364
54.346 -1.2563225969696847 -1.5385462423663387
54.434 -1.2564158630669304 -1.539411980025283
54.523 -1.256392941310632 -1.538984032675276
54.605 -1.2561159842921945 -1.5248227364934128
54.671 -1.256145390559153 -1.5299717028833424
54.756 -1.2561385766811317 -1.5274476573549294
54.848 -1.2561624368473667 -1.5040976696597477
54.932 -1.2561513918263518 -1.4963802192388038
55.023 -1.2560521700251668 -1.4844613109934253
55.124 -1.2560498667490658 -1.4841083227995697
55.154 -1.2560075036603646 -1.4748157343908779
55.184 -1.2559860736826995 -1.468506814906333
55.214 -1.2559787030852676 -1.4582598333537409
55.245 -1.2559833619722292 -1.4499624617669973
55.273 -1.255982281047179 -1.4416381591095855
55.303 -1.255983670322144 -1.4381640936357005
55.337 -1.2560031233926756 -1.4284771269399563
55.36 -1.2560151119617524 -1.4250710871486183
55.39 -1.2560316180947828 -1.4200416195479006
55.418 -1.2560430988644622 -1.4174812496549665
55.44 -1.2560967229541835 -1.4107620802720209
55.472 -1.2560812456183168 -1.4120904055578651
55.498 -1.256131296720615 -1.4086156944518904
55.53 -1.2561627930041694 -1.40631912900488
55.559 -1.256216108687325 -1.4025867932742762
55.588 -1.2562591467440387 -1.4003162391364128
55.613 -1.2564350356801457 -1.3934340077819503
55.637 -1.2566205674366655 -1.3868674251661217
55.659 -1.2567154917048273 -1.3835262843140392
55.685 -1.2569189431491563 -1.376776270858083
55.71 -1.2569793731111245 -1.3746933243784887
55.729 -1.2570920543077597 -1.3709149882210718
55.762 -1.2572251798656706 -1.3667859680266023
55.792 -1.2575066002210427 -1.358120533220366
55.815 -1.2576485715824135 -1.3538995685313229
55.846000000000004 -1.2577679299442357 -1.3501713171231904
55.87 -1.2579286790157644 -1.3449957720881696
55.894 -1.2580394897139964 -1.3416668596666037
55.914 -1.258198509093028 -1.3368383202734144
55.943 -1.2584714117544464 -1.3283253648774365
55.97 -1.258724957041009 -1.3201186613850824
55.997 -1.2589476972151117 -1.3126018069837873
56.03 -1.2592899890955755 -1.3025172535867613
56.064 -1.2594175076375425 -1.2989297746064783
56.086 -1.259533659629879 -1.2954218979159164
56.115 -1.2597688312680693 -1.2885688752221083
56.146 -1.2599639362060466 -1.282990798025853
56.175 -1.2599812907686345 -1.2824952142235677
56.199 -1.2600741901395316 -1.2798686698542958
56.233 -1.2601422489154972 -1.2778342988949425
56.265 -1.2605061520809264 -1.2664271612762419
56.297 -1.260742715799032 -1.2589806894838333
56.332 -1.2608314700296512 -1.256132455841363
56.348 -1.2609739806348852 -1.2514980008423848
56.378 -1.2613195161435065 -1.2405658464301987
56.4 -1.2615301506699121 -1.2343582567102391
56.422 -1.2617226566956994 -1.228830062009251
56.452 -1.2620188079307841 -1.2205050549638066
56.481 -1.2621891631437077 -1.2155707812382612
56.51 -1.2625190631283698 -1.205427832350675
56.543 -1.2627022545358537 -1.1999370568152767
56.572 -1.2629089360536294 -1.193909732803963
56.6 -1.2629871156324721 -1.1918748670381665
56.641 -1.2633536591910663 -1.18380448500052
56.663 -1.2635857669337693 -1.1791240245805448
56.689 -1.263794264448066 -1.1749656534326243
56.734 -1.2641887211925857 -1.1667156065456368
56.748 -1.2642906950874948 -1.164482667724652
56.774 -1.2643951997178375 -1.1621754921236906
56.802 -1.2646433859038704 -1.1565993809513646
56.842 -1.2651092264983121 -1.1453286382649197
56.86 -1.2652618522409416 -1.141372659781365
56.889 -1.2655470919453236 -1.134136736016839
56.945 -1.2661848172455792 -1.1187205543046208
56.95 -1.2662041479872277 -1.11826557529686
56.974 -1.2662900414775586 -1.1162999537044487
57.002 -1.2666412776498428 -1.1083574866266972
57.018 -1.2667176068787418 -1.1066174426671351
57.041 -1.2668575160583668 -1.1033581727014874
57.06 -1.2670473128977793 -1.0987031695132967
57.086 -1.2672307210868412 -1.09387163515728
57.117 -1.2675623060637413 -1.0852226514678345
57.145 -1.2677143764443715 -1.081187970076266
57.175 -1.2678877001521776 -1.076060495728471
57.21 -1.2682119977103996 -1.0671450158356837
57.245 -1.2685721123947789 -1.0580710215611004
57.262 -1.2687214732560717 -1.0543138506010084
57.288 -1.268883179473361 -1.0502940487423824
57.32 -1.2691707988709144 -1.0434561387474277
57.35 -1.269303491795457 -1.0404376235195552
57.38 -1.2696311768149666 -1.032617554949938
57.414 -1.2700544265008102 -1.0223808636528262
57.443 -1.2701435880528305 -1.020272418494919
57.471 -1.2704167711310497 -1.013276944286083
57.493 -1.2706769511744456 -1.0059674777750345
57.541 -1.2709480223390706 -0.9980856776242633
57.56 -1.2712464189774408 -0.9896455684380734
57.582 -1.27137043625352 -0.986140181781171
57.616 -1.2717232587731246 -0.9755926083699282
57.643 -1.271772752362584 -0.9740979986484088
57.668 -1.2718383195880707 -0.9720464827244435
57.698 -1.2719656326553135 -0.9679794439553691
57.736 -1.2723510096872548 -0.9558125619159432
57.751 -1.272378648510832 -0.9549130028523203
57.776 -1.2725132850142733 -0.9507009466253022
57.795 -1.2726083037639044 -0.9480174139483577
57.82 -1.2727670713565198 -0.9438821761349131
57.844 -1.2730047490345118 -0.9380228489357422
57.873 -1.2732010552350617 -0.9334784671778819
57.902 -1.273345837535297 -0.9301944605798216
57.943 -1.2736406631934774 -0.9233485429256832
57.96 -1.273775226786835 -0.9202076307707021
57.99 -1.274092172009347 -0.9131450448356708
58.019 -1.2745314878139204 -0.9035495180676499
58.051 -1.2748708526201848 -0.8961174728083634
58.078 -1.274961345667671 -0.8941531305988208
58.1 -1.2753609110088295 -0.8851500590329847
58.13 -1.2755529188545147 -0.8808478332863644
58.145 -1.275620479742418 -0.8793168995402829
58.173 -1.2758209311025006 -0.8744239115349163
58.2 -1.2758928382639048 -0.8725880744459409
58.228 -1.2761621310098545 -0.8657018348670105
58.245 -1.2762672378687705 -0.8630079712940976
58.274 -1.2762855471450911 -0.862514602831748
58.302 -1.2766555206131358 -0.8523273646521969
58.345 -1.2768546232758 -0.8467414071839524
58.36 -1.2770425637446094 -0.841360739732244
58.389 -1.2772907228189487 -0.8342258299068359
58.419 -1.277537246636765 -0.8272402534446488
58.46 -1.2778064710591777 -0.8202178367273887
58.479 -1.277981667982505 -0.8157540164792397
58.512 -1.278265836082599 -0.8081647416120729
58.541 -1.2782418811747012 -0.808832521821792
58.567 -1.2784230265444496 -0.8036439426372514
58.597 -1.2786308541809273 -0.7972677511180538
58.646 -1.2789513082274073 -0.7857915844766188
58.659 -1.2789576870640367 -0.7855302344821674
58.686 -1.2789931116725581 -0.784065055850219
58.715 -1.2791994709019865 -0.7760199750976339
58.744 -1.2793519359018386 -0.7700656376115679
58.773 -1.2795962327090868 -0.761353202222728
58.803 -1.2798307622994496 -0.7540999746586697
58.831 -1.2800479086986656 -0.747866973124244
58.86 -1.2801150132754993 -0.7459894700616103
58.888 -1.2803242114738895 -0.7401132574475024
58.917 -1.2803545323444476 -0.7392784362224363
58.945 -1.2805746829036648 -0.7333299987455342
58.974 -1.2808367977933761 -0.7261768975671069
59.001 -1.2808505798025878 -0.7258068138302809
59.03 -1.280841785352747 -0.7260382937322922
59.061 -1.281127678415792 -0.7185395382235854
59.086 -1.281385400616947 -0.7116648507388285
59.127 -1.2815338984940476 -0.7075737574618526
59.14 -1.2816857452170567 -0.7035326961830346
59.165 -1.2820200669023694 -0.6946260500906518
59.188 -1.2821445360780213 -0.6911787718735307
59.219 -1.2823765401383316 -0.6847157385543386
59.242 -1.2826268345201481 -0.6776464955120886
59.267 -1.282863161016226 -0.6708561111269448
59.291 -1.283074429912334 -0.6644041234414587
59.311 -1.283314462453244 -0.6566912991608089
59.34 -1.283455244564916 -0.6523743884736802
59.365 -1.2835663243017066 -0.6489818373006918
59.392 -1.2840068566646257 -0.6346390709221782
59.431 -1.284045663492845 -0.6333811841025492
59.451 -1.2841585411049976 -0.6300047381051439
59.48 -1.284139291512802 -0.630568004149495
59.511 -1.284097254562586 -0.6318541313156223
59.54 -1.2843714698809243 -0.6234998630684674
59.569 -1.2846020981683905 -0.6165023816546319
59.598 -1.2847709110822514 -0.611043568048235
59.604 -1.2847987579185283 -0.610114999966678
59.627 -1.284971757138582 -0.604592000869779
59.654 -1.285133853087339 -0.5990373998246448
59.682 -1.285255133034753 -0.5942480275800949
59.708 -1.285395237191861 -0.5885862633362867
59.733 -1.285465094046916 -0.5855525017510399
59.762 -1.2856165192715165 -0.5786124318731347
59.792 -1.285686719450918 -0.574902145474658
59.835 -1.2858202897352955 -0.5660302209066298
59.854 -1.2858677426846858 -0.5629327004051008
59.882 -1.2859479663619187 -0.5578541489288446
59.913 -1.2859938161346511 -0.5546910986683278
59.928 -1.2860702101805501 -0.5487940652972979
59.958 -1.2861063848163679 -0.5459602023064443
59.987 -1.2862232918735288 -0.5371689517678521
60.016 -1.2863182015794585 -0.529602349464853
60.047 -1.2863711548745345 -0.5239032720143553
60.075 -1.2863877168786002 -0.5217674559272201
60.106 -1.2864629401407754 -0.5122862500754443
60.134 -1.286507034300649 -0.5054739450704853
60.162 -1.2865146545342725 -0.5038756296441944
60.183 -1.2865213920639198 -0.5017103851893454
60.21 -1.2865328795091309 -0.49810200774693514
60.231 -1.286538165134181 -0.49696495976400573
60.314 -1.2867003299326478 -0.47604657937210954
60.398 -1.2868490721232007 -0.46051462064459564
60.492 -1.286999061695971 -0.4421608863409038
60.592 -1.2870759534871141 -0.4343835647470275
60.66 -1.2874232633965343 -0.4091137472800988
60.735 -1.2875727538486794 -0.40081709182673647
60.827 -1.2879900091321657 -0.37963507147966513
60.928 -1.2881837216509768 -0.36823857881833605
61.027 -1.2884309284087971 -0.3526917797943872
61.097 -1.2884225871726704 -0.35657228830764176
61.189 -1.288303214379226 -0.3534730551731553
61.221 -1.288204145764249 -0.3520760774866108
61.251 -1.2881870593185654 -0.35188102744838573
61.28 -1.2881142859420642 -0.3512133352424516
61.308 -1.2885397951794755 -0.3544425254862086
61.335 -1.288466488517218 -0.35397354586491975
61.363 -1.2886988965380004 -0.35523952363484085
61.394 -1.2889882741414953 -0.3565811605310143
61.443 -1.287025997621053 -0.3488314474301033
61.455 -1.28674140546998 -0.34781245092630814
61.485 -1.2882354963431852 -0.35274652924531
61.517 -1.2880886269146887 -0.35231176561923366
61.547 -1.2879855759637533 -0.3520312675816806
61.575 -1.2901814196099075 -0.35759626732524286
61.606 -1.2891072274629434 -0.35507205666118247
61.633 -1.2903812200857232 -0.3578572050675323
61.663 -1.2906777138704182 -0.3584602435465084
61.692 -1.2899319952744637 -0.35705043037345563
61.729 -1.290063495082494 -0.3572820182981078
61.746 -1.2910760928788783 -0.3589763797493105
61.772 -1.2911076830900872 -0.35902696851832017
61.798 -1.2897345179325992 -0.3569480258430961
61.837 -1.2891299521825166 -0.3560937877689374
61.857 -1.2907345083822714 -0.35822464499610707
61.953 -1.2910376281005562 -0.3585792840532681
62.048 -1.2891921192307159 -0.356773276550339
62.14 -1.279979570671581 -0.34913843354529056
62.153 -1.2806691291357812 -0.3496527684402821
62.236 -1.2712184643926567 -0.3432524130847507
62.325 -1.279383534979181 -0.34788506403532343
62.416 -1.2694759805468796 -0.3431577499321333
62.513 -1.2646218548907004 -0.34121914603380854
62.604 -1.249095441239487 -0.33605908134687584
62.619 -1.2462934578645124 -0.3352159147713017
62.647 -1.2409131396142132 -0.33364456810601567
62.674 -1.2348793574257488 -0.3319343512838959
62.703 -1.2304330265987262 -0.3307035274275249
62.719 -1.2260069081548288 -0.3294921115047438
62.743 -1.2249749953954499 -0.32921083688337005
62.775 -1.2151577056471219 -0.3265396560061563
62.805 -1.207124768366249 -0.3243311993423472
62.836 -1.1996186211932762 -0.3222643630221178
62.868 -1.196819711549463 -0.3214998344799815
62.897 -1.190439409511077 -0.3197701535929716
62.942 -1.187017257812566 -0.3188574433129389
62.96 -1.1822282810571383 -0.31759790425334006
62.986 -1.1752833259829842 -0.3157753970498746
63.016 -1.1644055836335077 -0.3129267118754956
63.046 -1.1604936454780903 -0.31192265666399227
63.075 -1.155825808232377 -0.31075009457924746
63.106 -1.1465031864356676 -0.30841002379454135
63.136 -1.1422717698403813 -0.30735152148598804
63.158 -1.1387505410195782 -0.3064701773884282
63.189 -1.1357991568161523 -0.3057269520773115
63.213 -1.1280193521967932 -0.3037761862868697
63.249 -1.1218982041526362 -0.30226101044992265
63.264 -1.1189468105352947 -0.30153600372397366
63.297 -1.1178453081505066 -0.301265554846894
63.309 -1.1163087903489441 -0.30088980618080113
63.328 -1.1106134973918005 -0.29949413724746343
63.356 -1.101200827839508 -0.297158272647414
63.378 -1.0976710681581616 -0.2962654838713255
63.409 -1.0912757394101373 -0.2946271417389468
63.425 -1.0886022373756499 -0.29394525819468326
63.455 -1.0848089457899068 -0.2929885803445654
63.48 -1.0769765638139692 -0.29101606144575903
63.508 -1.0669941823547873 -0.2885059124507827
63.536 -1.056869962116849 -0.28595382188260837
63.568 -1.0531588425145653 -0.2850102488514275
63.594 -1.049819428573588 -0.28415274763290505
63.625 -1.0452794323348504 -0.2829694742263718
63.651 -1.0391448678819788 -0.28135510663290153
63.681 -1.035549608234752 -0.28039732253378635
63.711 -1.0287386750481837 -0.27856341007983815
63.745 -1.0197772877925155 -0.27613572707529976
63.768 -1.0169737141822903 -0.27536959354743623
63.795 -1.0110822640125128 -0.2737567026268886
63.814 -1.0092426836054063 -0.27325381604469695
63.839 -1.0030963725542157 -0.2715732630413013
63.864 -0.9998365993686261 -0.2706842716638967
63.892 -0.9921771279594477 -0.26860341127418397
63.924 -0.9845828829105951 -0.2665566442602139
63.947 -0.976932983874401 -0.264515474654167
63.977 -0.9689036731640416 -0.2623913801357958
63.999 -0.9656608532387527 -0.2615354296978556
64.027 -0.9603985846721546 -0.2601402469618023
64.057 -0.9532939414142116 -0.2582505389691919
64.087 -0.9426616918611989 -0.25546428549018985
64.105 -0.9391114534088305 -0.25455394015189897
64.139 -0.9326432022193443 -0.252912833618451
64.16 -0.9266681753476134 -0.2514014050235498
64.188 -0.9224747021585892 -0.2503321154056547
64.218 -0.9143909939473186 -0.24825280926756849
64.248 -0.9064050590540006 -0.24618460665707714
64.277 -0.8990847667893194 -0.2442786030287492
64.305 -0.894953622651875 -0.24320069322758556
64.335 -0.8916383047182631 -0.24233836962287117
64.364 -0.8831112876148647 -0.24014197533474682
64.395 -0.8822591303558707 -0.23992387768895596
64.425 -0.8760848199603536 -0.2383607738619241
64.455 -0.8695560560696549 -0.23673319735578188
64.484 -0.861602466129383 -0.2347379609904394
64.516 -0.8599979851107478 -0.23432913193782437
64.546 -0.8533095880024116 -0.2326362199919614
64.57 -0.848265221478625 -0.23138394730558448
64.596 -0.8472001585533648 -0.23111957610916295
64.64 -0.8333312875030597 -0.22765088788158352
64.657 -0.8309104385315689 -0.22704798204976437
64.684 -0.8272001604879645 -0.22612870479983269
64.715 -0.8214279816151913 -0.22468758174608594
64.724 -0.8201203817837365 -0.22435950700790255
64.742 -0.8132392786763887 -0.22263251570002293
64.771 -0.8070546225389655 -0.22107356600092312
64.799 -0.8023639832820362 -0.2198930266077367
64.81 -0.7993415646676878 -0.2191325944283773
64.827 -0.7959438639115808 -0.21827864561154706
64.859 -0.7834935443612238 -0.21517045913387992
64.89 -0.780780201763791 -0.21449717754667413
64.92 -0.7718404575523908 -0.21229427942867166
64.952 -0.7683557268001276 -0.21144585582144565
64.975 -0.7671320503751283 -0.21115203510966268
65.01 -0.7598719959637845 -0.20941931273882805
65.036 -0.7527159668813393 -0.20770889890140948
65.065 -0.7455045229773917 -0.20598697191208123
65.104 -0.7389006806378952 -0.20442752763701325
65.139 -0.7363125845045531 -0.20382597435397956
65.143 -0.7353776800462278 -0.20361032684845398
65.171 -0.7354178679426068 -0.2036196437989295
65.193 -0.7294597190897927 -0.2022415820787295
65.239 -0.7154639919099236 -0.19897291127312058
65.252 -0.7133213274190827 -0.1984657645845084
65.281 -0.7056512203120044 -0.1966524378744621
65.309 -0.7006706487819206 -0.19547579365458018
65.34 -0.6957429511799225 -0.19430400059457165
65.366 -0.6919000970119258 -0.19338614319491454
65.393 -0.6835883803554897 -0.19139960144283294
65.418 -0.6821476289056645 -0.19105694009077745
65.45 -0.6813633665021078 -0.19087111935201603
65.477 -0.6736041711755124 -0.18901970144058125
65.507 -0.6705476270578314 -0.18828596154441027
65.537 -0.6659631584586919 -0.18717440344865122
65.566 -0.6634104102339725 -0.18654565975552953
65.595 -0.6553627767337928 -0.18453688897424944
65.623 -0.6514891441890858 -0.18357790315546144
65.639 -0.6498833688247524 -0.18318511291127287
65.653 -0.6468725393667117 -0.18244978452856334
65.673 -0.6443940197397684 -0.18184469840357306
65.702 -0.6411583023897657 -0.18104880911252
65.731 -0.6448113282605229 -0.18195352228562364
65.757 -0.6390412129860404 -0.18052378381656528
65.785 -0.6325737343253969 -0.17891973734632755
65.814 -0.6279442918224679 -0.1777776839739168
65.841 -0.6285530606045903 -0.1779274501591781
65.87 -0.6195476760493062 -0.17571818541895348
65.9 -0.6184905784959371 -0.1754578778223556
65.917 -0.6132997113320341 -0.1741715404823055
65.945 -0.609880085584874 -0.17331378860113
65.975 -0.6002513470756898 -0.1708631033716217
66.006 -0.596549551166775 -0.1699233262129378
66.046 -0.5822205761982865 -0.16628303565383948
66.062 -0.5787233094833344 -0.16539055036282285
66.088 -0.571828224476909 -0.1636455762364575
66.109 -0.5713739806453044 -0.16353138442266735
66.138 -0.5643706808570625 -0.1617665071884837
66.161 -0.5594512881448922 -0.160534685066903
66.187 -0.5568445455207783 -0.1598856263672094
66.23 -0.5481339046176887 -0.15768982924912364
66.242 -0.5457310793176209 -0.1570786794272638
66.266 -0.5406544473559238 -0.1557876070010914
66.294 -0.5424725609206311 -0.15625203038356875
66.343 -0.5317462162892764 -0.15349624509400558
66.353 -0.5306722738472375 -0.15321910539226932
66.377 -0.5272516773283522 -0.15233923827583362
66.405 -0.5254134869979916 -0.1518696408868663
66.453 -0.5119628696381484 -0.1484946151175005
66.467 -0.5125855362909116 -0.1486488593356506
66.492 -0.5100626030219046 -0.14802349541086313
66.524 -0.5031290189369998 -0.14630827851780817
66.54 -0.4955161860481048 -0.14442994501660972
66.567 -0.49105678060983365 -0.14334012078745362
66.599 -0.48962651425160775 -0.14299018360107704
66.625 -0.48477055949187137 -0.14178393933024053
66.655 -0.47912275205871013 -0.14038452745346144
66.684 -0.47402448391397245 -0.13913616720374172
66.714 -0.4653799859801612 -0.1370331638467799
66.744 -0.45810865781613025 -0.13528213152959948
66.773 -0.45627606499817736 -0.13484675283521602
66.798 -0.4502807262465892 -0.1334455126949106
66.812 -0.4484838726800708 -0.1330293173798595
66.829 -0.4450879234347148 -0.13224091096246354
66.86 -0.4381687356396998 -0.13062748763963017
66.894 -0.43021584627575327 -0.12876481447203217
66.925 -0.4216254768659562 -0.12675973370744795
66.944 -0.414413847024586 -0.12509188578867264
66.969 -0.41124833455660664 -0.1243591741472348
66.993 -0.4061381080742169 -0.12317861912243594
67.014 -0.40168705355907597 -0.12215298972732555
67.042 -0.3974303360149634 -0.12116740771518109
67.066 -0.3933782095763759 -0.12022330094933144
67.093 -0.3944570787720191 -0.1204734522977756
67.185 -0.3777103771614016 -0.11666374255557693
67.285 -0.3513723565086153 -0.11098418621747343
67.38 -0.3394451499208797 -0.10847339916313781
67.481 -0.3372845913708109 -0.108006919198383
67.572 -0.3079426818825064 -0.10162644610342869
67.651 -0.2994859177857911 -0.0997667847069354
67.727 -0.28825343657675123 -0.09735175983561146
67.817 -0.2645960450336378 -0.09239700345217917
67.915 -0.2502567269545467 -0.08944010481759317
68.003 -0.24112451151316486 -0.08760205140714428
68.073 -0.23029585411539116 -0.08539096441284585
68.163 -0.23723326450482501 -0.08681760320362535
68.244 -0.2346596397050148 -0.08630416303116961
68.332 -0.23289265637847345 -0.0859485166201465
68.409 -0.22173835257709476 -0.0835676424592485
68.5 -0.23818905595865705 -0.08721421142847675
68.587 -0.25028018237614835 -0.09002092181482518
68.687 -0.25079207448313945 -0.0901454785279706
68.787 -0.2583857465453534 -0.09199454811960521
68.882 -0.2683036080563143 -0.09431959757529383
68.971 -0.27398471067522584 -0.09565612373720186
69.065 -0.2806335901121095 -0.09732983862569165
69.149 -0.2781927449752979 -0.09669969399062114
69.249 -0.26431645844859936 -0.09309859585094687
69.346 -0.2604410892134659 -0.09207918250589892
69.446 -0.24289551231630838 -0.08729748799098506
69.547 -0.2522737596442199 -0.09001385337685092
69.644 -0.2519196160938317 -0.08991078829336442
69.745 -0.243411680016955 -0.08747218840316481
69.853 -0.24041184283681735 -0.08658477365035888
69.938 -0.23901219138526153 -0.08616323560117227
70.026 -0.24386761419892258 -0.08763054208412033
