5.819 1.0132037893661032 -0.48902753562036083
5.91 1.0079313714878748 -0.489010600006911
5.991 1.0121299044537355 -0.4890337151797195
6.052 1.018466272470824 -0.48902838246301494
6.129 1.0188082062364954 -0.4889730969523029
6.227 1.015895903091821 -0.4889149857064603
6.327 1.024848945224511 -0.48896689608405786
6.431 1.0291377522030087 -0.4889335535254384
6.52 1.0472705074379276 -0.48864139847878724
6.552 1.051276186212968 -0.4885817155649397
6.58 1.0552036966941905 -0.4885255730494317
6.607 1.0527197191161184 -0.48867993122523556
6.636 1.057476088820181 -0.4886315566219534
6.667 1.063186758785634 -0.48857247598523573
6.696 1.0709590208272757 -0.48847585436908453
6.73 1.0723017776952855 -0.48865731337771345
6.756 1.0814715794337437 -0.48859811176851314
6.785 1.0895575545890266 -0.488555420860309
6.805 1.0894900862557721 -0.48877580689868316
6.833 1.1004966757214658 -0.4887436105954935
6.852 1.1052407100406751 -0.48872841319462695
6.881 1.1106922309412723 -0.4887075173222586
6.908 1.1060817107166494 -0.4889498999999294
6.937 1.1136051864948096 -0.4889144664635839
6.971 1.1222135302584397 -0.4888476277881873
6.996 1.1252671507694838 -0.488823588810541
7.027 1.1256073365548522 -0.4889134645857617
7.053 1.1274609143202432 -0.48891074463136874
7.078 1.1356807083278868 -0.48891543172190566
7.102 1.139590714245865 -0.48897902994615633
7.121 1.1434681351859837 -0.48897828620839434
7.151 1.1510895863438235 -0.48897424640522924
7.176 1.1566867812944392 -0.4889640406482054
7.21 1.1565107057086026 -0.4890689018856188
7.241 1.167657505089641 -0.4890476967747017
7.269 1.176838259744625 -0.48906468084031607
7.296 1.1825705630877172 -0.4890965583244182
7.33 1.1830730447298135 -0.4891630399879948
7.346 1.1878141375650029 -0.4892086701068831
7.376 1.1927098908107336 -0.4892431605971857
7.397 1.1980057631612735 -0.4892669021437756
7.422 1.2000243445670402 -0.48930548705755783
7.45 1.2061714077638506 -0.48933291833777887
7.477 1.2084506997787159 -0.4893415482675278
7.509 1.2201443292025267 -0.48937652332446513
7.537 1.230575347123723 -0.48943623635953465
7.563 1.236526136051547 -0.48945953247073115
7.593 1.2412254735217993 -0.4894657021800362
7.63 1.241598277193008 -0.4895294874030504
7.652 1.2439344878114964 -0.4895202227286852
7.682 1.2477144680832308 -0.4895038550927112
7.706 1.2471748232434494 -0.4899238964200956
7.737 1.2519793565434059 -0.48991315193618035
7.767 1.2643862090236884 -0.48987652711478147
7.797 1.2670238158495175 -0.48987873077304067
7.812 1.2701181481153285 -0.4898984087137367
7.8420000000000005 1.2720196696323434 -0.4899020499848771
7.876 1.2855039825786567 -0.4898957351073479
7.9 1.2913337188907008 -0.48987655343271985
7.925 1.2980811513210522 -0.4915110122315636
7.952 1.3002740370787553 -0.4914902024610533
7.973 1.3036463415124593 -0.49145500444952317
8.001 1.3013926084674925 -0.49231789107561635
8.023 1.3083849196122557 -0.49227401018128975
8.054 1.3105792245780268 -0.49225672661226466
8.086 1.3173001976890024 -0.49219172198020283
8.103 1.32054368225157 -0.4920193055424224
8.131 1.3266600824479446 -0.4919568464837593
8.162 1.3325734523693138 -0.4918900996674229
8.186 1.336459584854538 -0.4918432527562294
8.209 1.339718887883463 -0.4919776366316501
8.239 1.3470429837796072 -0.49191713269022114
8.262 1.3492971317834361 -0.4918974781012754
8.285 1.3549607355935238 -0.49184579676499113
8.305 1.356704256475425 -0.49199177185406984
8.329 1.363517772262015 -0.49195538739259104
8.359 1.3689672682704497 -0.49194386868783757
8.389 1.3715563308817338 -0.49194783061956115
8.41 1.3750829092368613 -0.4919746266817392
8.443 1.3816316071230585 -0.49200211024043744
8.468 1.38792654143772 -0.4920254989436355
8.497 1.3916670803512121 -0.4920448409079321
8.53 1.402299462737669 -0.49208989793503505
8.559 1.4050988332213583 -0.4921034425564291
8.584 1.4106020299860844 -0.49214222175701466
8.6 1.4131955936614355 -0.49216436489304183
8.625 1.414562529191737 -0.4921514334908537
8.647 1.4172748220040152 -0.49218119647781516
8.676 1.4245575964809754 -0.49226952750945924
8.7 1.430340750886381 -0.4923439295314962
8.727 1.4362548123374437 -0.492322754463124
8.758 1.4424942904293425 -0.49238593277405446
8.782 1.44409244979694 -0.49240163747002635
8.802 1.4492561030021107 -0.4923996652701269
8.833 1.4514687474342627 -0.4924221973608837
8.859 1.454402896214417 -0.4924681995366711
8.883 1.4608103264735646 -0.4925727898657828
8.906 1.4642411821497137 -0.49249655136628384
8.932 1.4698227542637299 -0.49254895680918653
8.96 1.4744580163139884 -0.4925847302400068
8.984 1.4783107268597233 -0.49261876123012216
9.009 1.482572766689815 -0.49257509104601627
9.037 1.4903391063374456 -0.49265653466146886
9.064 1.495821497178223 -0.49272205905155664
9.096 1.4995905622302044 -0.4927707620436358
9.128 1.5012263320629269 -0.4927031990409678
9.149000000000001 1.507223529125925 -0.49274677271613565
9.179 1.5127940797433466 -0.4927865298251601
9.204 1.5138310786145157 -0.4927981075884557
9.237 1.5186614197974995 -0.492824796781621
9.338 1.530943176420393 -0.4929227561967391
9.438 1.542850945514051 -0.4930590417335277
9.527 1.564231921420839 -0.49316324224763664
9.619 1.586507495078526 -0.49331571973731886
9.728 1.6134771291809007 -0.4933946001605824
9.823 1.6299657820493934 -0.4935901329657522
9.925 1.6452450489471988 -0.49374971386700767
10.022 1.6673589968822482 -0.4938142351191154
10.127 1.6877069957082378 -0.49393314844227454
10.226 1.7054010562493709 -0.49401459609494064
10.315 1.721675578182263 -0.4941412990155784
10.405 1.7139943364794352 -0.49436416143101425
10.501 1.7254334406479375 -0.4944546249715672
10.598 1.7178063754367112 -0.4944476899199238
10.686 1.715383336142937 -0.4945007276799255
10.786 1.716421643126666 -0.4945233820511485
10.879 1.7053496594401638 -0.49455710942186115
10.979 1.705321548072551 -0.4945224349459293
11.078 1.7014002313825696 -0.4944638269256673
11.167 1.7066686583614412 -0.49454261058343035
11.254 1.7030879359451163 -0.49449044672940334
11.27 1.7012998928120144 -0.49444511379830874
11.367 1.7055977748417812 -0.49457586998562686
11.468 1.716709492887124 -0.49498744436997494
11.565 1.720322713585435 -0.49517919548056
11.664 1.728893659755055 -0.4957786023356882
11.74 1.733378567744932 -0.49622747377469645
11.766 1.7348715258988192 -0.49641201444172767
11.801 1.7324633590373164 -0.4961911317603228
11.83 1.7295203027708628 -0.4957459227611959
11.859 1.7270759249188739 -0.4953086095763287
11.89 1.7283894063308884 -0.4955817548391793
11.924 1.7256025224156608 -0.49493588950077166
11.943 1.7262134845144705 -0.49508315143896026
11.97 1.7242471920756026 -0.494558884887467
12.0 1.7217514198298614 -0.49382207946801027
12.023 1.7233213277297794 -0.49278653602250283
12.046 1.7261782233387617 -0.4936907453940763
12.076 1.7211947616228094 -0.49194919710376483
12.104 1.722723347278758 -0.49262152677810955
12.133 1.7231545220079814 -0.49278569977874975
12.163 1.7228140232910896 -0.4926446374155028
12.191 1.7206061470636045 -0.4916540827243784
12.22 1.7205868252418297 -0.4908990063773879
12.233 1.7216722914207023 -0.4914107325605512
12.263 1.7221638453678283 -0.49165333312897636
12.294 1.716989238798239 -0.4888993026515919
12.333 1.7215997535144052 -0.4909719116240226
12.354 1.7216259800785323 -0.490987062243686
12.383 1.7252490434836127 -0.4932172586643017
12.411 1.723827062505141 -0.49137435459844997
12.439 1.7242155373806645 -0.49163256597338545
12.473 1.7307204137154946 -0.4962012931734992
12.572 1.740129940562649 -0.5023261434692355
12.673 1.7363553756078225 -0.4985518939613617
12.772 1.740150807549065 -0.5017894637619463
12.866 1.7534121246326029 -0.5171952998608611
12.964 1.748038310612282 -0.5104442453024816
13.054 1.744679262830324 -0.5051030844955215
13.145 1.745973785710359 -0.5071230664937032
13.24 1.74630414760161 -0.5039349644128881
13.303 1.7458719028676595 -0.5025013756950032
13.385 1.7459418435332386 -0.5027309539014831
13.486 1.7471319561032508 -0.5071404742655418
13.587 1.7479596454450397 -0.5115410425467942
13.68 1.7496424355662177 -0.523120828847907
13.778 1.7502642382839348 -0.5359499583129512
13.808 1.7492641618273195 -0.5369374822354877
13.83 1.7497075994097497 -0.5422033518979096
13.862 1.7501774341191674 -0.5478123834860041
13.886 1.7504348253280453 -0.5509073392877466
13.907 1.7491065345339318 -0.5524277610193323
13.938 1.7496418542379477 -0.5612869430969827
13.968 1.7504759974340447 -0.5743528166257879
13.998 1.7506752552061267 -0.5773805709219709
14.026 1.748845180539018 -0.5759724405938214
14.053 1.7491194182543293 -0.5823659564238031
14.079 1.7493346867318176 -0.5873083300735447
14.1 1.749673564654373 -0.59527041826963
14.134 1.747314057230407 -0.5960967919858675
14.163 1.7474936658952136 -0.6033815507145366
14.194 1.7475693386245075 -0.606308460122609
14.239 1.7458892211349126 -0.6165687323995159
14.255 1.74590458893569 -0.6197746457209758
14.285 1.7459498731627103 -0.6274027646629742
14.324 1.7440776355728307 -0.6304832806501803
14.336 1.7440375563169281 -0.6328682470239465
14.363 1.74391254816851 -0.6397039494712929
14.389 1.7437963389951754 -0.6456931436680592
14.419 1.7420337058167419 -0.6495381388243657
14.449 1.741965800598736 -0.6515221013421463
14.475 1.7418694686174199 -0.6547417192260614
14.5 1.7417848098377153 -0.6579421040142898
14.525 1.7387248627161946 -0.6627642520922828
14.545 1.7385696208105113 -0.666315646065878
14.569 1.7384936356789196 -0.6680674264005384
14.595 1.7382288833909205 -0.6744049699834771
14.624 1.7368490718417817 -0.677704219140706
14.651 1.736374347785998 -0.6863923475266848
14.679 1.7361096558667755 -0.6911484707293224
14.707 1.734044923119808 -0.6939206526185551
14.735 1.7341061776514484 -0.6930762269071183
14.765 1.7335630704646283 -0.7002583666091076
14.794 1.7330753087829824 -0.706769067829338
14.838000000000001 1.7303080824872896 -0.71476660419606
14.851 1.7299740068262706 -0.7184291227362684
14.877 1.729662072037906 -0.7219182347859872
14.907 1.726413568323986 -0.7297986973499724
14.937 1.725546376708443 -0.7390314097205477
14.968 1.724380867375854 -0.7513835357340898
14.996 1.723535677397488 -0.7601300376009036
15.034 1.7202005784292569 -0.7629194293430354
15.051 1.719686237942288 -0.7676651076223115
15.076 1.7194339129746872 -0.7699798739561798
15.105 1.7175480057157848 -0.7783237590686453
15.134 1.7167915459549998 -0.7848968631980161
15.164 1.7160158985718725 -0.7916779678476928
15.192 1.7156019979583048 -0.7952317491309268
15.226 1.715044152337752 -0.7963059048643263
15.245 1.714383913598817 -0.8015238900279587
15.275 1.7132450000367723 -0.8105834647020842
15.303 1.7131097075600146 -0.8096189046248419
15.333 1.7122291099537663 -0.8164152212072041
15.357 1.71167841214037 -0.8207426673197815
15.387 1.7106508061123553 -0.8290637347132019
15.416 1.7091700090071738 -0.8378370279639564
15.444 1.7078285877900947 -0.8485509097804276
15.475 1.706975831157853 -0.8552655766861036
15.502 1.706138743017073 -0.8587967898184269
15.529 1.705290933832261 -0.8651133057490878
15.56 1.705004790136437 -0.8672086409735348
15.589 1.7046526169255507 -0.8697647653078114
15.619 1.7030399590201082 -0.880168550150286
15.649000000000001 1.7020933928534976 -0.8871067565334014
15.679 1.7006410945469432 -0.8977333230281167
15.711 1.6999646776684345 -0.900911270356924
15.742 1.699072350208302 -0.9073550037422963
15.768 1.6985855909463419 -0.910859287541276
15.798 1.6979925606895796 -0.915107069714443
15.831 1.69646309006733 -0.9251099276695041
15.854 1.6961495961097668 -0.9274331362856373
15.882 1.695640739916887 -0.931177895150897
15.908 1.6941919053159957 -0.9400765063190596
15.937 1.6940780336264858 -0.9409223241636941
15.967 1.6932268524177332 -0.947328885877816
15.993 1.6920646202057668 -0.9560955047473452
16.03 1.690927494507442 -0.9626933200109086
16.052 1.6901294981507597 -0.968445583949432
16.085 1.6893826631935887 -0.9738070151040364
16.13 1.6884098364254683 -0.9795630701199698
16.14 1.6881735607474257 -0.9812763710154718
16.17 1.6877489324449 -0.9843712690356461
16.199 1.6863454659969894 -0.9946521123059748
16.23 1.6861412786571266 -0.9950000426662241
16.253 1.6857105782183444 -0.9980698328794296
16.282 1.6847231918198728 -1.0051104975858025
16.313 1.683883102385938 -1.0103145725820568
16.342 1.6831394730683835 -1.015551193043749
16.371 1.6823120463941688 -1.0213715957104808
16.393 1.6819100342020672 -1.0241850405505604
16.428 1.6808921630903622 -1.0308489939441117
16.443 1.6810478331004282 -1.0297472124172469
16.475 1.680050779715077 -1.0368327814981304
16.5 1.6788511163023088 -1.0453914738495433
16.533 1.6776967809432335 -1.0526378915194827
16.56 1.6775333835211912 -1.0537773979912277
16.587 1.676842635164641 -1.0585807144193935
16.613 1.6763598464155025 -1.0616934013747392
16.636 1.675715529983203 -1.0662271200861837
16.664 1.674727572749104 -1.0731180106110636
16.69 1.673084411133614 -1.084311964420698
16.728 1.6718938105197978 -1.0922400301159922
16.746 1.6712411479786196 -1.0968113307022969
16.769 1.6707989069136497 -1.0999509063930313
16.799 1.670151386829051 -1.104629903254863
16.828 1.6698784126712165 -1.1053129783800386
16.859 1.669203185755296 -1.1100572878598225
16.889 1.668049667615062 -1.118156564332638
16.93 1.666544817929344 -1.12830814801039
16.947 1.6659282930353632 -1.1329316105792278
16.978 1.6655737067149516 -1.1355689916528966
17.008 1.6641603221589047 -1.1444264920805198
17.034 1.6637356801135033 -1.147552103155551
17.062 1.6627269465531531 -1.155182361525887
17.086 1.662701501080666 -1.1553797468151445
17.112 1.6618313371843711 -1.1599373774768884
17.138 1.6612208682317167 -1.1647010726711224
17.164 1.6608742450569083 -1.167442428693657
17.2 1.6604371259667303 -1.1708861664167491
17.213 1.6597702091777613 -1.1737135821455764
17.226 1.659298506341678 -1.177365319828926
17.26 1.6585203796019992 -1.1833777326350141
17.284 1.6579192295311733 -1.1880121293568573
17.316 1.6566517519385329 -1.195333142557624
17.346 1.6557971382463699 -1.2018722617130282
17.373 1.655017140153172 -1.2079103041991353
17.398 1.6541153321290687 -1.2149916083301042
17.432 1.652968698893321 -1.22122462896571
17.45 1.6525354165514514 -1.2246190309805838
17.481 1.6518092953315178 -1.230145261040492
17.514 1.6508526863259956 -1.2363951428829596
17.544 1.65079384492345 -1.2367971461208556
17.574 1.6501764683407067 -1.2410095934002359
17.601 1.6490195859285088 -1.248792382361678
17.631 1.6477755857947838 -1.257337903719699
17.657 1.64675826593984 -1.2642563420746091
17.687 1.6466576418568322 -1.2649321976996657
17.729 1.6453831902079505 -1.2736637737242662
17.739 1.6451234321784534 -1.2754374812084353
17.757 1.6442520966674115 -1.2814069385536508
17.774 1.6436452798378383 -1.2855777477097516
17.794 1.6430196284410534 -1.2898782078196274
17.827 1.6427473061130946 -1.2916748944655967
17.853 1.6422174242755214 -1.295373628122075
17.882 1.6420709360564163 -1.296408512537493
17.9 1.641746384048707 -1.298747036813548
17.928 1.640689495246192 -1.3053776928462115
17.956 1.6393167856126258 -1.315173413416929
17.981 1.6388085371751404 -1.3188245743833116
18.001 1.6375855386429163 -1.3272275387066217
18.018 1.6369826787461943 -1.3315175915115063
18.048 1.6365904096602997 -1.3342912739252655
18.077 1.636002340938098 -1.3384811782590387
18.1 1.6352282321764346 -1.3440334395167621
18.129 1.6335324184798057 -1.3542397910783135
18.161 1.6325691171790646 -1.3611350156254503
18.189 1.632214331868421 -1.3636627303462898
18.217 1.6335728513857677 -1.3696083948484752
18.247 1.6327354767092568 -1.3755633645958767
18.279 1.6319749676351984 -1.3809287293710941
18.308 1.6309095738930632 -1.3872485717117382
18.338 1.629488199826741 -1.397755055439801
18.368 1.629330579997987 -1.398939709589922
18.4 1.6286456275826466 -1.4040645872757689
18.432 1.6274106941048114 -1.4125620153742722
18.458 1.626288098476851 -1.420838796173162
18.485 1.6256900646973866 -1.425307903734916
18.533 1.6241804561145468 -1.4359336885854073
18.542 1.623970441460275 -1.4375819311150064
18.575 1.6237733817433022 -1.4391480059367732
18.6 1.6236910992597806 -1.4398119473990767
18.644 1.622675797866276 -1.4444750146292804
18.661 1.6222369819609108 -1.4478169485890762
18.691 1.6216247730849065 -1.4524333382374703
18.745 1.6201328269017472 -1.4616789583487708
18.749 1.6198972892856573 -1.4633901121607857
18.78 1.618873124407538 -1.4707803120933804
18.809 1.6176715272026565 -1.478764323383929
18.841 1.6168134777287622 -1.4850584256539634
18.876 1.6156769034833274 -1.4936207830025006
18.9 1.6152897351239432 -1.4966541904466522
18.946 1.6151578920105953 -1.5022691614168557
18.958 1.6147849535006131 -1.5052922859581592
18.988 1.6139409997752674 -1.5120729222236249
19.028 1.6118328565817865 -1.52935878581756
19.045 1.6115033675875625 -1.5317796032448037
19.073 1.6110179761587704 -1.5353410863379837
19.1 1.6103213551197884 -1.540469550783276
19.129 1.608864440382645 -1.5511303839968982
19.149 1.6083835360668655 -1.5546238908939745
19.178 1.6077295567363534 -1.55929462650748
19.21 1.6068048328841051 -1.5648177976134494
19.236 1.6061672469308568 -1.5693227005516128
19.264 1.6051170287634786 -1.5769010611116152
19.291 1.604059804404587 -1.5846400280028037
19.32 1.6021427609314163 -1.5985215338793677
19.341 1.600981099544376 -1.606381693699241
19.368 1.6000193272048278 -1.6128893064154843
19.401 1.5988863440352217 -1.6229265098555532
19.431 1.5981018673606304 -1.6282086438018786
19.46 1.5971580086485313 -1.63466202111805
19.489 1.5968344396982872 -1.6368701853406606
19.507 1.5960454198358833 -1.6413341724852262
19.539 1.5950601561501603 -1.648111988748006
19.567 1.5940360280923394 -1.6550291982661725
19.591 1.5930814508747224 -1.6613661151339962
19.625 1.5923247755319507 -1.666198431887492
19.642 1.5913649341747602 -1.6726936373843015
19.672 1.590307082766557 -1.6797932624361132
19.7 1.5895635101738885 -1.6847587387630993
19.723 1.589246225247265 -1.6901158195616508
19.748 1.5885512415794727 -1.6946701374033244
19.779 1.587315843956879 -1.7026502623117423
19.81 1.5867057131355233 -1.7079597261713146
19.841 1.586627111806733 -1.7084649203739783
19.871 1.5852696531292474 -1.717398039721333
19.901 1.58430801184415 -1.724547391474376
19.931 1.583040718705596 -1.732746843419956
19.962 1.5826562816791816 -1.735212865708212
19.991 1.581552966297871 -1.7423142864445837
20.013 1.581780012382238 -1.742357263321999
20.043 1.57987176138067 -1.754695271300594
20.074 1.5794666221215468 -1.757325305747191
20.107 1.5790098299727104 -1.7605480877612583
20.133 1.5783783477441558 -1.7646942590510444
20.163 1.5779075509422578 -1.7678368403317672
20.192 1.5768929793944102 -1.7745717457067824
20.226 1.577609863788519 -1.7768725587126772
20.243 1.576708761853708 -1.7827079229786
20.27 1.5761375441041192 -1.7863958438488297
20.301 1.5752463540404014 -1.7927099307560828
20.333 1.5741756026154432 -1.7995658344855554
20.363 1.5734815179906902 -1.8040276351013738
20.395 1.5732374967929819 -1.8056206527330636
20.435 1.57195721719946 -1.8139691085402343
20.448 1.5718506309256983 -1.8146447522371363
20.479 1.5707339320209066 -1.8217043975670681
20.51 1.5692590779913835 -1.831639470496387
20.541 1.5680414190761855 -1.8394645026161738
20.568 1.5674457276533933 -1.8432771773544798
20.597 1.5663018459591678 -1.8506063433030417
20.627 1.5650203999652865 -1.859261178552589
20.653 1.5640207441611513 -1.8657426590504882
20.685 1.563280215275594 -1.8705719538889596
20.716 1.562504240507436 -1.87571876064267
20.745 1.5612717383629655 -1.8835684139668665
20.774 1.5607112163141403 -1.8871752340011723
20.803 1.5597593857121876 -1.8930596403955906
20.835 1.558646639526448 -1.9004984276014356
20.866 1.5586538140446615 -1.9004502896315592
20.892 1.5579438179074652 -1.9053471216455995
20.939 1.5559184749695132 -1.918380588889986
20.952 1.555682334145976 -1.9200976950634914
20.98 1.5550780555881734 -1.9245741620563097
21.003 1.5542660357158413 -1.9282825700040034
21.03 1.553890879998854 -1.9309619689060231
21.061 1.5527980959688426 -1.9386240933551344
21.091 1.5519347675486164 -1.9447771011506678
21.115 1.5504613908522695 -1.953620782561578
21.143 1.5498423757691129 -1.9581252892652687
21.167 1.549583717941537 -1.9600299653798852
21.195 1.5483325780475672 -1.9692223340693737
21.219 1.5472488221444793 -1.9751197156494682
21.243 1.5460917964662098 -1.9836361817299883
21.271 1.5456711713907187 -1.9867031442991638
21.295 1.544979775625096 -1.9916618448826982
21.325 1.5428888426256333 -2.004932515665187
21.356 1.5419642868177583 -2.0113737980688016
21.379 1.5407463343635845 -2.019816697198588
21.407 1.5400830758185045 -2.0237569979926167
21.436 1.5388639196660197 -2.031727929711963
21.463 1.5381017048990384 -2.036707856920502
21.491 1.537477961847613 -2.0408472082400393
21.515 1.5366934367869953 -2.0453890685135967
21.536 1.5360520844386596 -2.049804846381434
21.565 1.5357310102881494 -2.052049039034967
21.596 1.5350934801072973 -2.0565303129960912
21.618 1.5342123123411842 -2.0611562348559564
21.645 1.5331724989182964 -2.068244392343175
21.673000000000002 1.532547196122501 -2.0725166940203574
21.7 1.5317596999685674 -2.077947704040292
21.732 1.5313664391770057 -2.0794138688937123
21.751 1.5313760256779845 -2.079348979825362
21.779 1.5305175446812815 -2.0851380603535694
21.805 1.5297508002836382 -2.0897429954183777
21.832 1.5285867917653917 -2.097642676910878
21.861 1.5276169940778246 -2.104209457071111
21.891 1.5272204506755946 -2.1068831188452677
21.931 1.5270329199367738 -2.107319554664381
21.949 1.5263298825034715 -2.1122053974191504
21.977 1.5253330061412451 -2.1192485434797685
22.008 1.5245000293848596 -2.1238967226868137
22.042 1.5237233309195404 -2.1293184134808967
22.059 1.5235596055646323 -2.130492152826867
22.085 1.5225158954600906 -2.138059352075558
22.106 1.5218125589146982 -2.1413082158148207
22.137 1.5200114510389409 -2.1542468090528817
22.165 1.5188748200601772 -2.162690045347761
22.199 1.5178842819484937 -2.170247002948778
22.245 1.5166863778584156 -2.1762588288736815
22.257 1.5163537898972328 -2.178765730364434
22.283 1.5156333965901738 -2.184183509708426
22.301 1.5154202964831636 -2.183054716298241
22.324 1.5148320903215886 -2.187527760433167
22.351 1.514138115914954 -2.192876765630735
22.382 1.5130234132165252 -2.2013291310247296
22.41 1.5121308288418278 -2.205818934235506
22.439 1.5106542650126304 -2.216599527039355
22.468 1.510174417378481 -2.2201698517963737
22.5 1.5090190680232793 -2.2288227869400665
22.528 1.5076316056761487 -2.236381861994457
22.559 1.5060701172683728 -2.247548549295231
22.585 1.5056028588206058 -2.2508417915075407
22.621 1.5050613916113909 -2.253124558246635
22.635 1.504406009791905 -2.2576734314431466
22.668 1.5037247946512493 -2.262565788050919
22.694 1.503143532150455 -2.2668872218336342
22.725 1.5016998203470646 -2.2747723540383125
22.755 1.500999791328157 -2.279617051056225
22.78 1.499355203869782 -2.2907322450984413
22.811 1.4985431897969503 -2.29561273921414
22.833 1.4979120436222613 -2.2997887745509265
22.86 1.4968816924703963 -2.3066714403083033
22.886 1.4965856751413342 -2.3086262310016314
22.918 1.4948944527872443 -2.319647763320901
22.948 1.4942290725701473 -2.323985716080109
22.972 1.4930636792995788 -2.3315439779447487
23.0 1.4918617147400197 -2.3394229857104523
23.04 1.489381987676292 -2.3553391996178776
23.059 1.4888666607016543 -2.3587323492696863
23.088 1.4883716608872029 -2.3619495860060384
23.119 1.4884405850853892 -2.3615312919252904
23.148 1.4879944161768783 -2.364401318791948
23.178 1.4867409933920432 -2.372390603334034
23.207 1.4860058985734994 -2.3774103024967905
23.239 1.484674504585031 -2.386054079143448
23.267 1.4841878462851064 -2.389305581032008
23.296 1.4828057609312593 -2.398579109852027
23.325 1.4819353189778819 -2.4038555346677564
23.354 1.4815034724512341 -2.4066977066840387
23.387 1.4804399661734493 -2.413630031104656
23.408 1.4801903785476338 -2.4152568715298015
23.439 1.4790953069592019 -2.4223405797482065
23.465 1.4781544404839806 -2.428390321950513
23.491 1.4768866326538304 -2.43646934314273
23.525 1.4760235427337194 -2.442214627466049
23.547 1.475246277872247 -2.4471790558565902
23.575 1.4753096331475186 -2.446781101557201
23.606 1.4741632038409511 -2.4546580437993444
23.637 1.4734909720335199 -2.458777152078491
23.667 1.4716621717639082 -2.4698533967913776
23.697 1.470551452168344 -2.476515206891765
23.743 1.4692787898013038 -2.48572175981222
23.758 1.4685269708335993 -2.490340910130836
23.785 1.468153753871244 -2.4926368041659086
23.815 1.4671943267085306 -2.499634362967532
23.836 1.465874049125531 -2.507525767249674
23.867 1.4649856986591003 -2.5127773584652107
23.894 1.4647031644064745 -2.5144518931199946
23.931 1.4631474382337402 -2.5251469718023833
23.94 1.462563577910899 -2.5286642052180857
23.972 1.4620607428819503 -2.531683902710941
24.001 1.461772023151271 -2.5349459034784694
24.029 1.4604763692491542 -2.5427519305453234
24.056 1.4600661205711218 -2.5452401591881157
24.084 1.4592865128129744 -2.549941793065308
24.113 1.458876975870463 -2.553584469416088
24.14 1.4583193490383488 -2.556987020437253
24.17 1.4570450764007756 -2.564618936722657
24.199 1.4556558840399536 -2.5729047253383204
24.235 1.4543861499399755 -2.5816999431962415
24.258 1.4540137939700344 -2.5839751272304685
24.288 1.453019599286338 -2.5900765022537566
24.331 1.4534458109262707 -2.5883099088312216
24.348 1.4530459322661755 -2.5908015427841575
24.377 1.4521476876723474 -2.59645345621368
24.407 1.4519395999692681 -2.598063335653144
24.44 1.4502737288120227 -2.6084797856466246
24.465 1.4496849064706565 -2.6121270320617977
24.496 1.4491278053802639 -2.615616043757293
24.526 1.448282820887393 -2.6213878276151754
24.543 1.4472428074141042 -2.627794265012669
24.572 1.4459432624644764 -2.6357438199561436
24.602 1.4455412358407447 -2.6392886027430094
24.631 1.445206619817661 -2.641350119789402
24.657 1.4441585573013367 -2.647890919979358
24.687 1.4426290627213787 -2.6575566869617564
24.717 1.4416636229314057 -2.6640114813817766
24.748 1.440525858657195 -2.671460729046348
24.772 1.4396700747044833 -2.6770939475565947
24.804 1.4393013280395428 -2.6800226217068466
24.835 1.438286187404899 -2.686431108738285
24.861 1.436866487658404 -2.695391184731288
24.891 1.4366716092392098 -2.696625450259352
24.919 1.4354628937007836 -2.7047687673196616
24.964 1.4339914644050986 -2.7144409021498883
24.979 1.43405548154942 -2.714016953814266
25.003 1.4329304116447574 -2.722145922511704
25.033 1.4318168565597564 -2.729673508356125
25.056 1.431318501771749 -2.7330762956703047
25.082 1.4310973930781181 -2.7345996218930284
25.113 1.4299634216815074 -2.74234397514877
25.144 1.4292080447731172 -2.7477135172875315
25.172 1.428762736844118 -2.7508650876451233
25.199 1.427267994226497 -2.7612530704726415
25.221 1.4271555264982954 -2.762954648743059
25.235 1.4266078256887624 -2.7668093681206347
25.258 1.4263416030469513 -2.7686528723411534
25.284 1.4258679872766133 -2.771887951771837
25.309 1.4250843917709661 -2.7785180145949853
25.344 1.4236935210184527 -2.788182968592017
25.368 1.4233028687221614 -2.7909199744967306
25.399 1.4222110502968262 -2.7986759858830066
25.428 1.4215986010342228 -2.8042017801099144
25.455 1.4213635297618437 -2.8058701895378055
25.484 1.4205694483519906 -2.8115890089668807
25.513 1.4195880636241747 -2.820825419309046
25.544 1.4176762152739362 -2.8345364276931817
25.573 1.4160879560061093 -2.84571614356944
25.606 1.4158995641514518 -2.8508418502612383
25.632 1.4150205203519512 -2.85680544781397
25.657 1.4143873609246733 -2.861019353296241
25.684 1.4132213556948028 -2.8687136325336184
25.713 1.4132173576062181 -2.87479054998805
25.739 1.4127806570398826 -2.8776679400025467
25.77 1.4121935588523806 -2.881568778647603
25.798000000000002 1.4112858002793154 -2.8876544396252735
25.825 1.4112674307443904 -2.8941347846623615
25.852 1.4104309234861752 -2.8997545947019088
25.884 1.4093012553780873 -2.9073818578357145
25.905 1.4101635891733264 -2.9091539083320908
25.937 1.4091759517227285 -2.9157386526246865
25.964 1.4089847301133136 -2.917003337363534
25.995 1.4081644923149519 -2.922310388511041
26.044 1.4084139501625919 -2.929911119265159
26.057 1.4080384093532303 -2.9323014325552594
26.079 1.4075546961451222 -2.9353651084366486
26.1 1.407485776890811 -2.9357968860116768
26.126 1.4082179837571327 -2.940914397685445
26.155 1.408506939454296 -2.9390524485222262
26.185 1.407808536702199 -2.9435283439923805
26.214 1.4078476059650207 -2.9529225025889985
26.244 1.4064139656474197 -2.9622645203773526
26.274 1.4057941207819316 -2.966325345224809
26.296 1.4053086567811246 -2.969481646108695
26.32 1.4052689430170549 -2.9792206398214685
26.344 1.405317920571208 -2.97889197258476
26.371 1.4050960211106505 -2.98038218533901
26.4 1.4045113654345425 -2.984210230218908
26.42 1.405045192310659 -2.9904266630341434
26.433 1.4043998399977748 -2.994518731550106
26.467 1.4029364801130788 -3.0037152237393023
26.489 1.4023423587458235 -3.0074523385727012
26.529 1.402762766743997 -3.0144842460453702
26.555 1.4017238688192357 -3.021365309987499
26.589 1.401734993841893 -3.0212900547048105
26.626 1.4018805976305602 -3.0290282479893884
26.65 1.4012203702227128 -3.0336932568107517
26.685 1.400269504986203 -3.040510398719584
26.7 1.3996990195093657 -3.0446482621487716
26.721 1.4000202667708348 -3.050272458051934
26.751 1.399805369346943 -3.0518250447184103
26.775 1.3992159333659353 -3.0562239959277573
26.804 1.3998271583415656 -3.058718097435249
26.835 1.3991963728265668 -3.063455135657793
26.863 1.3987020653700708 -3.0671912709563705
26.894 1.3977022337068434 -3.0748103169421994
26.922 1.3976953865040271 -3.081755028080693
26.939 1.3971552765264255 -3.0860185883138556
26.965 1.3967443996783737 -3.0892953237146283
26.991 1.395622424518786 -3.0981727655710234
27.009 1.3958576494847414 -3.1025539932203317
27.037 1.3957269573967324 -3.1035762250408094
27.069 1.3948279084482123 -3.1104588780400317
27.101 1.3941574036201025 -3.121916910459574
27.143 1.3932794847384382 -3.1283605827372183
27.162 1.3922692758708723 -3.1356786356245694
27.191 1.392067289621192 -3.1371264896196345
27.222 1.3919893491153825 -3.1442627252750883
27.248 1.3909194453931357 -3.151836181173171
27.28 1.3902764372642562 -3.156523432958389
27.303 1.3898866579190836 -3.1653992400066855
27.33 1.3897753806423698 -3.1662234364355726
27.359 1.3885040190492748 -3.1756753697174793
27.39 1.3872574471673988 -3.1849311411584793
27.42 1.3869745364130601 -3.192480821938434
27.451 1.3863604615886882 -3.196952422005935
27.479 1.3856372508870751 -3.2023203448451776
27.51 1.3861436273759984 -3.2040882892287614
27.54 1.3863072963981338 -3.202881169112161
27.572 1.3858012636162984 -3.206645575759654
27.601 1.3853911076796543 -3.2150234786230176
27.642 1.3843853752890933 -3.222553710173234
27.657 1.3837591510299716 -3.2273279701909363
27.687 1.3819763757725416 -3.240899082273873
27.708 1.3817151125473772 -3.2475471380188625
27.738 1.3811610109575758 -3.2517159275785135
27.768 1.3800662228192226 -3.2596071024937943
27.797 1.3792440498783345 -3.2653290213256287
27.829 1.3789290540694756 -3.2730073802354176
27.857 1.3776685065221077 -3.281576787751746
27.886 1.376775921639677 -3.287710688326495
27.979 1.375597821067714 -3.3015365772380334
28.078 1.375632496450198 -3.3051959405021223
28.165 1.3733572350736973 -3.3265912623185807
28.255 1.371450317800103 -3.3451017798239793
28.352 1.3701920096916733 -3.358489492085995
28.443 1.3665976691360637 -3.38910139226777
28.542 1.3664862176851227 -3.3943070774189716
28.625 1.364072216273601 -3.4153984750909276
28.708 1.3630820552283363 -3.4263823481405313
28.812 1.3617975534700426 -3.439280908776111
28.896 1.362521443713408 -3.4343607490096164
28.982 1.3655377992240816 -3.4186010495809933
29.082 1.3658493204743327 -3.4209808604039695
29.173 1.3680138048135027 -3.414316328205435
29.262 1.3679608885989523 -3.4202648542092615
29.29 1.36873451965682 -3.4170760699523783
29.335 1.365931522024536 -3.432133285105043
29.35 1.3654390645543526 -3.4339034655429845
29.376 1.3660874016389524 -3.431706340580253
29.404 1.36425605711823 -3.440969064351844
29.432 1.3626283633801093 -3.4458123751485976
29.463 1.3622574686453484 -3.4468126324032413
29.497 1.361745130601393 -3.4480796052494957
29.526 1.361768247789146 -3.4512893274365193
29.555 1.3644797318377653 -3.4452384361913735
29.595 1.3641819925465914 -3.4458404359712103
29.674 1.3624841815814597 -3.452158127331773
29.767 1.3607732863425508 -3.457695453983307
29.866 1.3584342781885312 -3.4642059578240403
29.944 1.355150190373301 -3.470243504169278
30.041 1.3561081787789784 -3.4707000522266687
30.133 1.3614141634047097 -3.4668455713439847
30.228 1.3644455599836172 -3.4658091499276935
30.326 1.3599350659561875 -3.4713006508088977
30.425 1.362670471357608 -3.4712954318822944
30.524 1.3638783651296953 -3.471701022402423
30.555 1.3648860453184615 -3.471073298354832
30.648 1.3578915545667924 -3.4761416583570734
30.745 1.3577801385002557 -3.476759694697388
30.839 1.3457932363141552 -3.482242477152612
30.932 1.343093397403505 -3.4832675959302732
31.031 1.347750376882665 -3.4821870949120743
31.132 1.3533576338140427 -3.481295592024549
31.214 1.3480140919339312 -3.4817548084170733
31.302 1.358377765384766 -3.481508059006434
31.406 1.3610368930945391 -3.4818221123559567
31.504 1.356355030806539 -3.4817289849714657
31.601 1.3533368241498405 -3.4816484590959877
31.689 1.3410022949578313 -3.4795308124462356
31.715 1.3420474249019176 -3.4797460789300816
31.743 1.3374643951093677 -3.478799989266362
31.768 1.3320997907082197 -3.477707605236863
31.797 1.3263445516748664 -3.476542622488563
31.821 1.3252451808166872 -3.475625062440922
31.853 1.3218100989657122 -3.474854165899471
31.88 1.3136423926669145 -3.473019324069271
31.907 1.308291760849781 -3.4709919093965116
31.944 1.2961526176841252 -3.4679650359995176
31.969 1.2956263822669636 -3.4678341333484917
31.997 1.2943102505101076 -3.4675047691529364
32.035 1.2878539524498067 -3.4646838634881374
32.059 1.2804062146274457 -3.4626779051518386
32.086 1.2773859136277068 -3.46185677235562
32.129 1.2646084472826886 -3.4573423271605326
32.147 1.2633822447805108 -3.4569832638762756
32.177 1.261440084468322 -3.456412472663812
32.212 1.2520324627697088 -3.4517205753366924
32.237 1.2460649172135334 -3.449863911207854
32.264 1.2342848577967973 -3.446177041274335
32.295 1.2267144549783706 -3.443799847133528
32.33 1.2261941411883874 -3.441243646296481
32.365 1.2202379357231965 -3.439258349789418
32.382 1.2163599331563495 -3.437962818380016
32.412 1.2150870305811652 -3.4358114748787925
32.439 1.214685490038677 -3.435673677192544
32.468 1.2109415436059774 -3.434389106728778
32.497 1.2020770656705553 -3.431346420056441
32.518 1.198585874035622 -3.4288149198200486
32.544 1.1933173436466642 -3.426948681780054
32.572 1.185998201444304 -3.424349605599231
32.6 1.1830721531338146 -3.423303433130503
32.63 1.1780245641678249 -3.42050436388312
32.658 1.173544221267177 -3.4188407052101923
32.695 1.1641515838439174 -3.4153645679350584
32.719 1.157493249102364 -3.4119607552702793
32.751 1.152718155044231 -3.410149776200311
32.781 1.1494555162198807 -3.4089192378728668
32.809 1.1481235187044774 -3.4076563184367537
32.837 1.1442835157420466 -3.4061839488527728
32.865 1.1352457098516369 -3.402698158586652
32.892 1.1314617108216989 -3.401234883295665
32.934 1.1252151430012898 -3.398222345009915
32.951 1.120811590199395 -3.396489583065287
32.975 1.1170217072089026 -3.3950020454083267
33.004 1.1123601588267151 -3.3926707694518696
33.04 1.104032201331265 -3.38935878864269
33.064 1.1009168048955642 -3.388123737004425
33.09 1.0967103749151312 -3.3864688038396844
33.129 1.085737904153865 -3.3815890893924103
33.144 1.083379571140903 -3.380658269208485
33.171 1.078678864151391 -3.3788014171271294
33.199 1.0726314824007805 -3.3764217215045758
33.23 1.0712392529565824 -3.3752725881145227
33.253 1.065629897494337 -3.3730490254377115
33.284 1.0647244902637925 -3.3726896191456675
33.316 1.0585105486439894 -3.3698114309370815
33.353 1.0500849397601608 -3.366415721262623
33.381 1.0406039647265577 -3.362596449738127
33.403 1.035989834918341 -3.360305000516274
33.437 1.0267923636280125 -3.356594629550771
33.459 1.0232746280101424 -3.3551835958455962
33.488 1.0209572594997232 -3.3542563818645292
33.514 1.0150131784322525 -3.3514253039552306
33.547 1.008345200836541 -3.3487020473716296
33.576 1.0029034881514285 -3.3464640107147554
33.605 0.9969338831531084 -3.343691534762707
33.633 0.9909924842614087 -3.3412230494826147
33.664 0.9886201823871982 -3.340238443691904
33.691 0.9823252829730234 -3.3376242144526307
33.731 0.9808894203011416 -3.3368049591697817
33.746 0.9778226669394395 -3.3355069872583076
33.777 0.9728452234914667 -3.3333980558052114
33.803 0.9684713329908211 -3.3314411961552226
33.832 0.9589001689444041 -3.327401420177752
33.862 0.9499549072653721 -3.323652444068515
33.891 0.9495829842859052 -3.323496503606224
33.917 0.9465536129130989 -3.3220666457895147
33.946 0.9424722940170469 -3.320353973868962
33.976 0.9380104510531269 -3.318503329165754
34.005 0.9293518926802418 -3.314654827799876
34.031 0.9211483064475067 -3.31125168274774
34.057 0.9154065971102758 -3.3088832648065587
34.088 0.9065734850925012 -3.305256227746452
34.126 0.894075708113092 -3.2997068422106675
34.142 0.8927501068122543 -3.299157644706087
34.173 0.8856019227951547 -3.296195596372616
34.204 0.8823360645105641 -3.294528503918946
34.222 0.8788346749427256 -3.293061205422804
34.244 0.8752141614544214 -3.2915417263798568
34.27 0.8675991864184042 -3.28832329435885
34.299 0.8611056226800935 -3.2855839712972337
34.333 0.8575755675460414 -3.2838205636786126
34.359 0.8531843908740943 -3.28196314083797
34.389 0.8498334721265173 -3.2805376809619102
34.408 0.849764537839261 -3.280366366076988
34.439 0.8443994179294138 -3.278037559224669
34.467 0.8362383401834829 -3.2744736746256846
34.497 0.8290214316621601 -3.271339014118434
34.54 0.8298364584909627 -3.27160142273647
34.554 0.8287605306962047 -3.2711398900596738
34.583 0.8226555995882745 -3.2685122116787526
34.618 0.8206173213997958 -3.267496324668545
34.652 0.8157753237912755 -3.265431739293085
34.672 0.8122556954427941 -3.263913758703192
34.698 0.8025044648567168 -3.259678931345422
34.737 0.7935658612364169 -3.2558334305434355
34.755 0.7928350225561704 -3.2555164939624794
34.784 0.785821744750687 -3.2524865560784906
34.815 0.7761681120033737 -3.248229752630665
34.845 0.7704049926914717 -3.2457292490495617
34.874 0.7621611464240818 -3.2421251602015086
34.905 0.7591738790904029 -3.240827936700018
34.941 0.7540482147192088 -3.238573299929818
34.963 0.7501528989428923 -3.2368582747883634
34.992 0.7408367073775705 -3.2327918068223442
35.038 0.7286537690623598 -3.2274295247732256
35.055 0.7256961434557392 -3.2261422089124445
35.081 0.718230537103018 -3.2228768003074486
35.108 0.715271741600788 -3.221563527668233
35.131 0.7108162572206321 -3.2196024482438297
35.162 0.7024992339255046 -3.215937428619996
35.194 0.6963780800036938 -3.2132489571513214
35.226 0.6903458607343163 -3.210578815033369
35.251 0.6881511413037253 -3.2096157997412464
35.278 0.681716527316975 -3.2067960454282494
35.304 0.6766427877146234 -3.204539007681012
35.336 0.6686855586596104 -3.2010633382077627
35.363 0.658822724020134 -3.1967662904434997
35.389 0.6572029475411892 -3.196059089999334
35.416 0.6534369351306398 -3.1943719897139
35.443 0.6509650683985876 -3.193295450585477
35.469 0.6497540924424998 -3.1927729814157733
35.499 0.6394783424636173 -3.1883895456051246
35.52 0.6368317796882066 -3.1870518141950352
35.549 0.6317159284086837 -3.184869857181123
35.574 0.623642708602867 -3.1813999390844843
35.605 0.6164884433645158 -3.1781549165816476
35.633 0.6154614612546531 -3.1777135210119427
35.661 0.6172336429702968 -3.1784712463572458
35.688 0.6143380667883229 -3.177243177915208
35.717 0.6127758195108591 -3.1764027821525076
35.74 0.6085656417277847 -3.174586511600612
35.771 0.6032323928595048 -3.1722867530228767
35.799 0.5999743218914597 -3.170884607064592
35.827 0.5912751894675405 -3.167030723015403
35.856 0.5854468774130078 -3.164503594903816
35.892 0.5766909761856311 -3.160693598893798
35.925 0.5700010358953733 -3.1577336519582797
35.942 0.5668466530435757 -3.1563449457476747
35.973 0.5605121272454643 -3.153542237543696
36.009 0.5549563109229693 -3.1511902004989105
36.034 0.5511282313803179 -3.149484717202261
36.064 0.5423354252680356 -3.145562342627993
36.092 0.5362823785631998 -3.1428476086012784
36.126 0.5345507326149773 -3.142249518931862
36.15 0.5330508613381337 -3.141577806720459
36.176 0.5262674544104552 -3.138536816297404
36.205 0.5197282504509488 -3.13573160280599
36.221 0.5188799768151141 -3.135350163410338
36.251 0.5096482499881475 -3.131208991389163
36.281 0.5015134306654048 -3.1275747870285877
36.301 0.49737401207239407 -3.125847326231673
36.324 0.4907209650683937 -3.122903282687741
36.356 0.48168716048353555 -3.118915742529082
36.388 0.4808047676847004 -3.1185248199645828
36.415 0.4774453268674515 -3.117114978828636
36.443 0.4741854847769512 -3.115688310814446
36.471 0.46597990398149564 -3.1121160871996913
36.508 0.46671755845080026 -3.1124241048065433
36.531 0.46078960343661746 -3.1098329807612903
36.565 0.44849866389022913 -3.10436700905581
36.591 0.44374760119054074 -3.10223557910188
36.624 0.43856317383296367 -3.100037803603777
36.652 0.4352341617113102 -3.0985789871089784
36.68 0.4257056225657278 -3.0943786516941576
36.707 0.42147191713345283 -3.0925792029832344
36.74 0.4119975926394045 -3.088410178601925
36.768 0.4034028525702685 -3.084654836217214
36.799 0.3989149965940586 -3.082704158998914
36.843 0.39240876652228296 -3.079766758384363
36.866 0.39014025871477725 -3.0787930691746226
36.886 0.3880428293587432 -3.0778934400909077
36.915 0.38344225010499317 -3.075792101743724
36.948 0.376067538875078 -3.0726314327375435
36.974 0.373102937553064 -3.0713642269807613
37.003 0.3712974964163551 -3.070437237216913
37.034 0.36169075782259635 -3.0663401487583326
37.064 0.3538924086953689 -3.0630078820171773
37.095 0.34675401006606044 -3.0599503508465515
37.136 0.34557054842453183 -3.0592895919611216
37.156 0.3429066569318254 -3.0581634976409804
37.183 0.3396097037735687 -3.056774553845147
37.203 0.33944001318123596 -3.0564473816219464
37.217 0.33788055970327824 -3.0557885543341636
37.231 0.33471349117770066 -3.054450139196528
37.262 0.3258126106480009 -3.050687739962433
37.295 0.3221686486352591 -3.0491281105620356
37.328 0.3164085449944017 -3.0465558397239527
37.349 0.3165685857898961 -3.046625013254361
37.379 0.3104674418228084 -3.043997605297407
37.409 0.30367348884064216 -3.040938945260741
37.439 0.2957394320017275 -3.0375401556759014
37.464 0.2891174178585046 -3.0347228991716166
37.495 0.2864277603602486 -3.0335880624499056
37.527 0.28404625772428893 -3.032327270816746
37.547 0.2823651125546911 -3.031619946400477
37.578 0.2789462851360432 -3.030184970585543
37.603 0.27631244913313463 -3.0287499110434926
37.632 0.27257341843771044 -3.027194211276551
37.66 0.26861781300031257 -3.025557623389292
37.691 0.2601875797377554 -3.0220740130933543
37.726 0.25271025157246607 -3.0186196168844983
37.751 0.24862797747478757 -3.016932372238048
37.776 0.24198042787060914 -3.014180487043396
37.8 0.23631419943030874 -3.0118230553597827
37.822 0.22925554977357873 -3.0085514941838083
37.848 0.2255554261755384 -3.00700929379307
37.874 0.2193400721245021 -3.004425323769637
37.901 0.21347309121039032 -3.0016178554122566
37.926 0.2071177805988573 -2.9989627268591543
37.955 0.2026635117301292 -2.9970860542069215
37.978 0.19720575557555364 -2.9947867334277976
38.005 0.19106736924434917 -2.9918894577205313
38.037 0.18403612706884162 -2.9889158419113855
38.066 0.17781128950337546 -2.986248628376228
38.098 0.1686574431330278 -2.9822890386764747
38.135 0.16562522988119163 -2.9808909567644535
38.159 0.16065753493532708 -2.9786996276357995
38.19 0.156082585610569 -2.9766725497246873
38.219 0.14870679232948192 -2.9734697097887532
38.248 0.14147309291160567 -2.9702889508475256
38.28 0.1331827214402338 -2.9666148010873483
38.308 0.13230139837900654 -2.9662341344521037
38.334 0.12747580311918372 -2.96409280516291
38.363 0.12373352871946917 -2.96242682486436
38.393 0.12268593733546054 -2.961960189773474
38.433 0.11462696274310355 -2.9584855906975225
38.452 0.11295746735309405 -2.957747753094665
38.482 0.10519344520225028 -2.954332025887356
38.511 0.0990601419951861 -2.9516774800618477
38.541 0.09682462957935338 -2.950695301908233
38.571 0.09059123233024612 -2.947987332873361
38.6 0.08676691620200261 -2.9463348378923246
38.639 0.07953216255389808 -2.9431018125969457
38.66 0.0762460101435342 -2.941684157312971
38.691 0.07016142933501208 -2.9390505953488386
38.713 0.06843840026299451 -2.9382429042276614
38.742 0.060979638780376925 -2.9350034287654294
38.771 0.05510677004589357 -2.9324541178533408
38.8 0.04922932101762634 -2.9299047850421855
38.825 0.04524171425453752 -2.928113408982034
38.852 0.04512263907861985 -2.928061944002849
38.885 0.040605774826582314 -2.926120605234954
38.905 0.03408556295560957 -2.923160887092901
38.935 0.031086173177204895 -2.921872434544698
38.965 0.025849982573527216 -2.9196040898873887
38.997 0.021122103157963205 -2.917535542963639
39.024 0.016880281083683158 -2.915640226338326
39.05 0.014142012941821712 -2.914424523186196
39.08 0.008507458209405058 -2.911927139217803
39.109 0.00020256304841347614 -2.9083285199378093
39.138 -0.009071304416358504 -2.904245549262598
39.168 -0.017254673708610505 -2.9006574542039285
39.198 -0.02226803182839644 -2.8984553211092057
39.231 -0.02773237745821383 -2.8960750374949606
39.257 -0.023767772647262347 -2.897830479090989
39.288 -0.0322185163944629 -2.8940569318069236
39.316 -0.041495156440697276 -2.8900639987422014
39.346 -0.04896721615245153 -2.886689826066336
39.377 -0.05484180526514844 -2.8840296887198846
39.415 -0.06729152811023872 -2.8785966133802496
39.435 -0.07224084121507192 -2.876392567475708
39.463 -0.0761537845304299 -2.8746458095494463
39.493 -0.08326012676199834 -2.87147759542471
39.521 -0.09105064793956005 -2.8681244933278447
39.549 -0.09624429507820904 -2.8658120738236326
39.579 -0.10176863617714385 -2.8633247472518955
39.608 -0.10513149491913716 -2.861993445224099
39.632 -0.10882625654797556 -2.8603518659376586
39.662 -0.11450715670766225 -2.857837068232211
39.692 -0.11530961644184659 -2.8574843652601807
39.73 -0.11710831130731762 -2.8566716299464727
39.747 -0.12162710834912009 -2.854687111284696
39.777 -0.12493100367228807 -2.853237737220927
39.808 -0.1313492254935622 -2.850429394448
39.836 -0.13588736728711806 -2.848438106517513
39.866 -0.14115712560108412 -2.8461098268223886
39.895 -0.14631381098593882 -2.84382877262172
39.947 -0.15716831062356867 -2.8391139317926424
39.953 -0.15783643383813903 -2.8388244890660044
39.983 -0.16155647891302397 -2.837213549467207
40.004 -0.16492714314823043 -2.8356338277138704
40.034 -0.16625543683943475 -2.835060914525076
40.062 -0.169699142029963 -2.8335744288893596
40.087 -0.1737053732390987 -2.8318442743800456
40.119 -0.1810551644839955 -2.828551595079817
40.144 -0.181251568975437 -2.8284675568390463
40.174 -0.19026768748364656 -2.824617453382258
40.2 -0.19553959450789182 -2.822359450805964
40.22 -0.2029435727683235 -2.8190425529625394
40.245 -0.20437130288336874 -2.81842922065275
40.275 -0.20743980895383082 -2.8171135231727886
40.307 -0.2142714623900044 -2.813972817123055
40.337 -0.22054187627891034 -2.8113295503655613
40.368 -0.22695683583154913 -2.808646376456876
40.397 -0.23796567358408005 -2.8040468660314692
40.432 -0.242723436894668 -2.8017394902243398
40.452 -0.24692780061505037 -2.799978349967279
40.484 -0.2488128459873804 -2.7991824758956008
40.508 -0.2566796972811141 -2.7955873620647558
40.537 -0.2600419896353364 -2.794147445205033
40.567 -0.265731682080126 -2.791703375332794
40.591 -0.26821440433442034 -2.790633086065609
40.618 -0.271230394108814 -2.789226408082014
40.647 -0.275162964769039 -2.7875179093629456
40.678 -0.2810057663547659 -2.7849668373914023
40.712 -0.2912474024153794 -2.780448627105033
40.742 -0.2966437361175644 -2.778093251089706
40.765 -0.3001476023595819 -2.776559567894171
40.793 -0.3036164184928108 -2.775029747776836
40.823 -0.30761751955567407 -2.773340920971289
40.849 -0.3159749558773161 -2.769624836637054
40.879 -0.31904695789339893 -2.7682522886427594
40.903 -0.32168479214237145 -2.7671937469315284
40.944 -0.32534372504806125 -2.765574338741015
40.962 -0.32725295032069823 -2.764732412802946
40.99 -0.3325622170868075 -2.7623868570576264
41.019 -0.34004307498073855 -2.759128557460229
41.045 -0.3485001268325501 -2.755389646045345
41.075 -0.3513068162119113 -2.754148137326708
41.104 -0.3596077265465984 -2.7505758605571375
41.134 -0.3639986114586557 -2.748622834430318
41.157 -0.36888829447845006 -2.746447876344085
41.182 -0.3719409502986412 -2.7450771856835696
41.213 -0.38379312356438805 -2.7399492460666464
41.239 -0.3890008963341836 -2.737595682092363
41.267 -0.3916017103246864 -2.7364169616447698
41.296 -0.3926060726205727 -2.7359596842210574
41.327 -0.39934971971203526 -2.7331770163068136
41.355 -0.4078899548474294 -2.729318776209121
41.385 -0.41407492911775073 -2.726499162436032
41.409 -0.4199575278904873 -2.7241031638305597
41.441 -0.4224365147807946 -2.722979092100708
41.468 -0.42977227966831616 -2.7196661507787674
41.499 -0.4312237331866401 -2.7190142987771426
41.533 -0.4408620916028271 -2.714861367657639
41.557 -0.44685512324796434 -2.712171125376438
41.586 -0.45297443225721506 -2.7094197903314003
41.615 -0.45976101792828666 -2.7065356539307586
41.657 -0.46567055208825564 -2.703936589954047
41.677 -0.46899245825408725 -2.7024923884190635
41.706 -0.47529789586009696 -2.69967894996725
41.735 -0.4828137127591054 -2.6964208008743
41.764 -0.4865370563169546 -2.694809623827852
41.794 -0.49192233482068415 -2.692485951093881
41.84 -0.5015518995491671 -2.6881739125260222
41.847 -0.5034308976679981 -2.687338799571199
41.874 -0.5049915918087902 -2.6866455698384586
41.899 -0.5077388207109983 -2.685431036222125
41.933 -0.5192693813917286 -2.6804120207800213
41.958 -0.525127024124502 -2.6778670209120365
41.989 -0.5323755006658173 -2.6746947604544666
42.019 -0.5430153481171976 -2.6700363589334892
42.048 -0.5510282301532543 -2.6665246188415628
42.073 -0.5551364858355449 -2.6647265823611543
42.1 -0.5632766924706054 -2.661148970521706
42.126 -0.5699219147318526 -2.6582710319238476
42.153 -0.5743534876956614 -2.656331541057079
42.181 -0.5779197014873545 -2.6547801576732137
42.212 -0.5834164705751779 -2.6523296383374553
42.245 -0.5915945171571771 -2.6487446253768177
42.269 -0.5982494556794405 -2.645809616419664
42.296 -0.6025252908626385 -2.6439194208360184
42.335 -0.6058861526277223 -2.642491307784453
42.354 -0.6094010448823626 -2.640963516597308
42.385 -0.6122197721525122 -2.6397364859214143
42.418 -0.6212810075884516 -2.6357528056371
42.432 -0.6235435326920384 -2.6347723802105945
42.46 -0.6307122805635498 -2.631670844777134
42.481 -0.6354896982261311 -2.6296090119075872
42.506 -0.6389379205946121 -2.628003946622339
42.534 -0.6455541037040899 -2.62515823737145
42.563 -0.6501208634133018 -2.6231846658955043
42.592 -0.6508805884581538 -2.622853271422074
42.634 -0.6610846830745497 -2.618392076032319
42.652 -0.6636737809727673 -2.61729640433064
42.682 -0.6675288460049228 -2.6156699738622238
42.712 -0.6709769376528067 -2.6139147502316202
42.742 -0.6759932990777127 -2.6118136972259167
42.77 -0.684430560419565 -2.6082588790940244
42.798 -0.686055407441955 -2.6075648290522304
42.823 -0.6898569584893499 -2.6058171384516635
42.848 -0.6937611688201863 -2.6041171181140275
42.879 -0.7011690682766063 -2.600896079853586
42.907 -0.7113764171665969 -2.596384632176661
42.933 -0.7177143293790024 -2.5936353635191085
42.962 -0.721567563477967 -2.5919633512387374
42.989 -0.7314666274031847 -2.5876588429147462
43.008 -0.7349015119285365 -2.586111602119109
43.029 -0.7387061644956914 -2.5844632711472855
43.056 -0.7438641406716523 -2.582250276381068
43.084 -0.7505593387218988 -2.5793780373127655
43.118 -0.7533579540979154 -2.57802997029034
43.146 -0.7591987567617082 -2.575499585612949
43.176 -0.761726423595639 -2.5743958650606333
43.206 -0.7645530821550922 -2.573130872829903
43.242 -0.7718107971968795 -2.5699664731288716
43.267 -0.7733480384822012 -2.5692952051982147
43.294 -0.7753949435364296 -2.56839603878943
43.335 -0.7780445491560488 -2.5672580713567577
43.353 -0.7829479737519215 -2.565059548476005
43.389 -0.7862838442687752 -2.563553728033674
43.411 -0.7900620825594924 -2.562052833821207
43.447 -0.7995431940392076 -2.5578236572729525
43.467 -0.8025584410361066 -2.556485227528235
43.497 -0.807414465951972 -2.554327672952526
43.523 -0.8127391497440937 -2.5520380785987284
43.549 -0.8172040898065708 -2.5500479738087485
43.578 -0.8244293291594301 -2.546823865365403
43.605 -0.8301266933454302 -2.544384123396796
43.626 -0.8372701674221678 -2.541191421743376
43.654 -0.8406123968742679 -2.5396848207477025
43.683 -0.8499139427535388 -2.5355160309839855
43.707 -0.8564445031436639 -2.5326714774303865
43.737 -0.857193205161936 -2.532341594949191
43.766 -0.8611080943496262 -2.530617051678741
43.798 -0.8653404116008844 -2.5287424970685906
43.82 -0.8724383826148364 -2.5256655591535875
43.849 -0.8790450018149062 -2.522708945436965
43.88 -0.8817549726388798 -2.521487363098456
43.907 -0.8896523264666982 -2.518066732566519
43.938 -0.888666124787022 -2.518503487271968
43.963 -0.8938981749124666 -2.5161879626691404
43.992 -0.9009227659866977 -2.513057493308952
44.024 -0.9077702493602878 -2.5101171969936877
44.054 -0.9154429474404592 -2.5067242034221344
44.08 -0.9211353371689559 -2.504200015438527
44.107 -0.9253525554695285 -2.5023924120973
44.132 -0.9291430045981267 -2.500706834448833
44.161 -0.9325669671405367 -2.499171736300775
44.192 -0.9358210012147224 -2.4977049955492383
44.22 -0.9424394285584264 -2.4948952767547974
44.243 -0.9475336820107072 -2.492610549783033
44.273 -0.9569446770192864 -2.488364136607115
44.312 -0.9660228646661048 -2.484415392212408
44.335 -0.9719935991326448 -2.4817661024190114
44.365 -0.9767653422806439 -2.479661793839774
44.393 -0.977543866910031 -2.4793180141354374
44.422 -0.9837376741580525 -2.4766226920317655
44.451 -0.9891752781088871 -2.4742444223992113
44.479 -0.9932027285397569 -2.472480885438488
44.507 -0.9986539510410773 -2.4700572153378086
44.535 -1.0051915212929161 -2.467210633191199
44.569 -1.0137394672576712 -2.463514684995074
44.594 -1.0182194581888382 -2.461593147149129
44.639 -1.014687921872332 -2.462902553441026
44.655 -1.018833568715126 -2.461109484511985
44.686 -1.0277308145675943 -2.457258540658348
44.736 -1.0404881943724766 -2.451632972611065
44.749 -1.0436923277134527 -2.4502743607633164
44.774 -1.045664138307221 -2.4494375553468255
44.803 -1.0490824751202785 -2.447736983206762
44.831 -1.0533786342338602 -2.4459086472896376
44.86 -1.0596775425601086 -2.443224543722793
44.889 -1.0661287398012862 -2.4404921247821743
44.933 -1.0815526684538452 -2.433660212669206
44.943 -1.0832832879327643 -2.432924629563401
44.973 -1.0892041448537926 -2.4304278230956347
45.001 -1.0946087148050838 -2.427779982018885
45.032 -1.1034490052586332 -2.4240790606793223
45.059 -1.109352718670186 -2.421609390317143
45.086 -1.1111960004167862 -2.420832038372273
45.113 -1.1187913533138936 -2.4173697921898634
45.134 -1.1237065577515768 -2.4152421826401347
45.161 -1.1274064414054341 -2.4136322592940953
45.191 -1.132454012793481 -2.4114421856415023
45.208 -1.1352795058423903 -2.410083162923381
45.238 -1.1375445599022382 -2.409096507324374
45.265 -1.1410171608994422 -2.407570273494787
45.291 -1.1428889708442695 -2.406746403931054
45.308 -1.1452705036209754 -2.4056574418612207
45.337 -1.1489661164239808 -2.404037830909376
45.369 -1.1546620253912494 -2.401555929009909
45.398 -1.1638085333090646 -2.3975773718461215
45.442 -1.1721373732597993 -2.3938542532316083
45.454 -1.1738183474458008 -2.3931160062853327
45.484 -1.175659273866931 -2.3923010477843967
45.514 -1.1866117125504991 -2.387466428006474
45.547 -1.1975478674557012 -2.3826476179482703
45.575 -1.200814261880875 -2.381212663135311
45.603 -1.204533427291545 -2.379518324387576
45.641 -1.2170379234773039 -2.374059418426503
45.663 -1.2247854117842463 -2.3706737391563912
45.681 -1.2292915469966204 -2.3687005124528615
45.704 -1.2317037023839528 -2.367597478136701
45.728 -1.2352768280320128 -2.3660295611721236
45.754 -1.2406621133368363 -2.363657449170013
45.78 -1.2439752792282848 -2.3621876481910227
45.8 -1.2487543606462066 -2.360054897442747
45.822 -1.2475002693977395 -2.3606954880647555
45.849 -1.25139934770603 -2.358970275097429
45.879 -1.2621094619655908 -2.3542395132815126
45.907 -1.2668516102130933 -2.3521011427931167
45.932 -1.2720853955358702 -2.349811071836875
45.954 -1.2786136197978308 -2.3469498054184084
45.983 -1.280969108315591 -2.3459140554584255
46.003 -1.2852847433076886 -2.3440063272121825
46.023 -1.2888324184907887 -2.3424442633741576
46.054 -1.2902092761495294 -2.34184116645824
46.083 -1.2982502495244068 -2.3383130901133713
46.113 -1.303493193430136 -2.336013629029931
46.147 -1.3056641684967054 -2.3350468343852047
46.175 -1.3105594934660372 -2.332858526591755
46.206 -1.313796642879257 -2.331529407748425
46.24 -1.322816952597253 -2.327450936870905
46.265 -1.329299194783918 -2.324516193904357
46.296 -1.3358380579453293 -2.321574267815267
46.325 -1.339465351184476 -2.320044693469895
46.36 -1.3477156336161957 -2.316325698843941
46.385 -1.3558442474476136 -2.3126331252015513
46.414 -1.359484287050345 -2.311172133489938
46.445 -1.369259077059718 -2.30675923505108
46.471 -1.3741597543640665 -2.3045543877849695
46.499 -1.3826926838980127 -2.300729437401213
46.515 -1.3809542083797006 -2.3016015943717596
46.548 -1.386087160509987 -2.299292184442292
46.576 -1.3914456177433128 -2.2968753667636843
46.603 -1.3959276384244186 -2.2949982830552678
46.63 -1.4027504359632925 -2.2919166644369002
46.659 -1.4113330453193007 -2.2880521788884667
46.685 -1.4184551060472876 -2.2848655278895147
46.703 -1.420027803378934 -2.284205796709942
46.725 -1.4236874482865929 -2.282581867026014
46.754 -1.429573723089043 -2.279973425574221
46.783 -1.4360217285368169 -2.277115024581356
46.803 -1.43846507679074 -2.2760456394227853
46.822 -1.4435746233886941 -2.2737730449155293
46.853 -1.4479932219302651 -2.2717883305815105
46.879 -1.4525462214451927 -2.2697334302092074
46.911 -1.4563591941509804 -2.26814065006855
46.936 -1.4565164500311953 -2.2680701147684417
46.963 -1.4646023997314748 -2.2644346338891457
46.994 -1.4700755014568818 -2.2619722950384644
47.035 -1.4711755699744435 -2.2615716970302135
47.045 -1.4737047502851133 -2.2604312333424788
47.072 -1.4767784112120308 -2.259054598381945
47.1 -1.4799694449091894 -2.257639792269214
47.135 -1.4899897467423626 -2.2531753699717845
47.155 -1.4952546467014223 -2.2508789781058645
47.184 -1.5011796824350276 -2.2483023552383363
47.207 -1.5052531293757565 -2.2464054391736545
47.236 -1.5134519799466917 -2.242839213513373
47.272 -1.5194290341865562 -2.2402402116077065
47.361 -1.5305719604716728 -2.235255221374847
47.463 -1.5529600445895277 -2.225278006123864
47.565 -1.5580668082539963 -2.223130483044415
47.644 -1.5728632988076263 -2.216604288982314
47.74 -1.5983767428851 -2.2051187275245105
47.84 -1.6098468846172465 -2.200069454716254
47.928 -1.619699456166604 -2.1957642671714286
48.019 -1.6305105785013911 -2.190972976440433
48.119 -1.6367611223237983 -2.188009236770347
48.218 -1.6406651871591138 -2.1861905350116233
48.313 -1.6399801475747156 -2.186254284110905
48.334 -1.6411795832470797 -2.185756144576677
48.426 -1.6611114401054343 -2.1771862459941076
48.534 -1.657214869694262 -2.178774150792646
48.621 -1.6633034862318348 -2.176015293200406
48.724 -1.6727120140514529 -2.1713103278029675
48.836 -1.6826942035161276 -2.1657010057521555
48.851 -1.6829967471597596 -2.165516198402212
48.881 -1.6861577929606164 -2.163518669741823
48.911 -1.6873730477341031 -2.162723141078104
48.94 -1.6870292607060653 -2.162957150375685
48.97 -1.6869503240760666 -2.1630142588394348
48.999 -1.683581187307715 -2.165599665081581
49.035 -1.6828144830568785 -2.1661439556035504
49.058 -1.6789901985727245 -2.1693564477036498
49.087 -1.6765927471830433 -2.1714819712356497
49.118 -1.685079197412385 -2.1647010058580833
49.149 -1.6842880410945076 -2.1654538495696682
49.172 -1.6832200157069557 -2.1665235933320623
49.197 -1.6841253718133633 -2.165571345779009
49.233 -1.6853325947750786 -2.1648494995014165
49.249 -1.6860994024906577 -2.163985890685734
49.273 -1.6874492634631868 -2.1624030691918383
49.303 -1.6919518197746153 -2.157155967679942
49.403 -1.6881904314184062 -2.162261017252948
49.498 -1.6899244520741374 -2.1596440732381055
49.58 -1.690061205087349 -2.160458601842223
49.664 -1.6956217843523018 -2.1493174209719705
49.74 -1.6927244236642973 -2.1570911474137504
49.82 -1.6947009817175351 -2.1507745356341625
49.932 -1.6955424790067626 -2.1465986841032767
50.02 -1.6961270892133518 -2.1399797966397704
50.12 -1.69445988144435 -2.15262864293452
50.149 -1.6944264922510506 -2.1530296606157067
50.249 -1.6952575456326089 -2.1411845691535034
50.34 -1.6945766719465256 -2.138458843567646
50.411 -1.694602997060889 -2.1446893622680023
50.504 -1.6935807092909114 -2.141158142142536
50.599 -1.692636298099531 -2.1308032517044686
50.62 -1.6924373615658193 -2.136970845481277
50.645 -1.6921400993128428 -2.1349009258356637
50.675 -1.6909357083415826 -2.1266046973501718
50.706 -1.6899674404108838 -2.1282253775875177
50.743 -1.6883344683261368 -2.1191272453127987
50.761 -1.688042913496907 -2.117489248695827
50.789 -1.6882391696504826 -2.118587350275679
50.817 -1.6872088752477787 -2.1183211621062794
50.847 -1.6859166491656958 -2.112260661048677
50.877 -1.6849828356687486 -2.1078880660884525
50.902 -1.6833871321556884 -2.10571027550306
50.928 -1.6819783244987698 -2.09986410278151
50.959 -1.680387241917512 -2.0932575086782985
50.988 -1.6779825810543403 -2.0833312126629613
51.02 -1.6742121945852202 -2.07465056720547
51.04 -1.672691328868903 -2.0689785219053136
51.069 -1.669740882782911 -2.057905736325797
51.098 -1.6685019852557827 -2.053268505576176
51.122 -1.6668113798658424 -2.0551609251450684
51.149 -1.66623036678733 -2.0531813583977776
51.18 -1.6648206802251835 -2.0483504873875638
51.208 -1.6614867944136622 -2.0429057530967847
51.246 -1.660390909972664 -2.039323444888036
51.266 -1.6582224884724894 -2.032179609434923
51.293 -1.6556264746994183 -2.023645839601664
51.307 -1.6533841715459625 -2.0219424741290406
51.332 -1.652415055075097 -2.018979135943175
51.356 -1.65134992219128 -2.0157518825136194
51.375 -1.6502404584508708 -2.0123731566179983
51.399 -1.6488041857724054 -2.007977978036471
51.408 -1.6472519218463986 -2.007463686204605
51.44 -1.645697952467319 -2.0029261636890254
51.469 -1.644235699037635 -1.9986965526716947
51.494 -1.6415434988098363 -1.9909098192710215
51.507 -1.6398104455595535 -1.9891115092262344
51.539 -1.6399348046330169 -1.9894583053504098
51.567 -1.637383330506665 -1.9824237058068614
51.599 -1.6334228504775399 -1.9715839858940283
51.617 -1.6322818611289498 -1.9706508865017025
51.633 -1.6319011046312573 -1.9696464511402256
51.662 -1.6316446391135466 -1.9689716845972902
51.689 -1.6296713912297758 -1.9638427659964206
51.714 -1.627270370941601 -1.9585335912630983
51.746 -1.6247069167669153 -1.9520588310815936
51.771 -1.6227275478538914 -1.9470624359462547
51.793 -1.6214442661589554 -1.9438230724567636
51.819 -1.6194267624200167 -1.9394606368824743
51.844 -1.617979942674467 -1.9358325751467829
51.872 -1.615101567843444 -1.9286500956251784
51.901 -1.6120950865646642 -1.9217600161112984
51.926 -1.610315847070722 -1.9173746371143405
51.957 -1.6092711324477973 -1.9148031204646707
51.985 -1.607676316196102 -1.9108834658951086
52.006 -1.6065212746656865 -1.9082655197874003
52.036 -1.606289728303366 -1.9076969893720266
52.066 -1.6059230000539453 -1.9067951308904725
52.096 -1.6035694871347974 -1.9010161346038321
52.136 -1.6009185839590623 -1.8945707044719724
52.156 -1.5994561835341263 -1.8910259638914049
52.185 -1.597503322494039 -1.8863279724775956
52.226 -1.592807196012754 -1.874867356699318
52.244 -1.5913201829948724 -1.8712893326852724
52.268 -1.5894562191189343 -1.8667732131196864
52.287 -1.587658138008111 -1.8624243217000296
52.305 -1.5853014099557743 -1.8568743151322284
52.327 -1.5840101449204669 -1.8537526452150423
52.36 -1.5809743823486866 -1.8464392914582233
52.387 -1.5770399187103554 -1.8369985782471672
52.416 -1.5756932345541337 -1.8337912807588803
52.446 -1.5743161957303842 -1.8305470021179437
52.475 -1.5745117450074537 -1.8310076874614356
52.504 -1.5713246350279708 -1.8226368488590814
52.55 -1.5680707620089698 -1.8149788363165478
52.562 -1.5671454266980773 -1.8128035467994925
52.593 -1.5635937193468983 -1.804434397218646
52.623 -1.5596769918004876 -1.7946251020658213
52.66 -1.5552773174913466 -1.7841408789361979
52.682 -1.5533919587443152 -1.7795896477460809
52.711 -1.5483732276079243 -1.7674806666670575
52.744 -1.5475131790479413 -1.765427644599731
52.77 -1.5453704173599299 -1.7602687448006802
52.799 -1.5432587763271097 -1.7551506742450307
52.839 -1.537612389330932 -1.7416452334495323
52.86 -1.5373323985289258 -1.7409675264498594
52.884 -1.5362688736060486 -1.7383810158454567
52.905 -1.5348442110424847 -1.7351353040241655
52.936 -1.5319605909935563 -1.7281968493871713
52.968 -1.5274308931976956 -1.7173420385638958
52.998 -1.5258044850771861 -1.713432840830901
53.026 -1.523433954371849 -1.707995047825861
53.059 -1.5200882665007038 -1.6998920440413812
53.088 -1.518611144723438 -1.6962825976659788
53.118 -1.5172111925445695 -1.6933565181227965
53.147 -1.5162112795839044 -1.6909236460667836
53.173 -1.5142920867248417 -1.686255701316909
53.203 -1.5115495728921973 -1.6799647828428192
53.245 -1.5116662001279184 -1.6802412193130687
53.264 -1.5096607719550181 -1.6755545101529692
53.291 -1.5081135489768813 -1.6719089822441324
53.324 -1.5037251657405872 -1.661539259334093
53.329 -1.5034130787337654 -1.6608075165333986
53.359 -1.500378235011105 -1.653693429255732
53.395 -1.4972804133552156 -1.6464307462623264
53.429 -1.4930472311564147 -1.636420786427011
53.456 -1.49298972944582 -1.6362860264602717
53.485 -1.4918592685796677 -1.6336473686689172
53.514 -1.4901960012054896 -1.6295116355225863
53.551 -1.486377553363543 -1.6207185856340287
53.573 -1.4843559271657547 -1.6160395345376988
53.601 -1.4818956964879964 -1.6100438940187078
53.636 -1.4826017246888783 -1.6116847173276414
53.66 -1.482113793047131 -1.6105428793136334
53.689 -1.4786272889382706 -1.602367155630685
53.717 -1.4750763225586103 -1.5939427308410343
53.747 -1.4714535477544592 -1.5853547232573182
53.776 -1.4676951304764103 -1.576395974871988
53.875 -1.461880527433295 -1.5627726475964379
53.953 -1.4575401869339406 -1.5524994704937538
53.956 -1.4571346924092499 -1.551535035464624
54.057 -1.4479216436373734 -1.5296853226767102
54.15 -1.4372043771602059 -1.503453084874262
54.251 -1.433692915500895 -1.4946459322254286
54.346 -1.4273152449801205 -1.476602332012168
54.434 -1.4273279989861778 -1.4780738924294117
54.523 -1.4266212247014252 -1.4771435273186664
54.605 -1.4234164693102653 -1.4631108459978384
54.671 -1.42443256441419 -1.4681586445628507
54.756 -1.4232042078824925 -1.4627226831068056
54.848 -1.4187108532317283 -1.4378706893284066
54.932 -1.4176350676400367 -1.4293794288263757
55.023 -1.4160992846914826 -1.4172869017907022
55.124 -1.4159756799283614 -1.4146476235856378
55.154 -1.4146225338290077 -1.405453985045956
55.184 -1.4137111143558045 -1.3992112101140624
55.214 -1.4125215429011877 -1.3887376230680701
55.245 -1.4114048649750501 -1.380515735975498
55.273 -1.4102788604661833 -1.372267940527828
55.303 -1.4102539058516796 -1.3697795021545291
55.337 -1.4089990635990555 -1.3601741352636998
55.36 -1.4085629517444813 -1.3567961096219578
55.39 -1.4079177888152288 -1.351808165998197
55.418 -1.4079505173769118 -1.35014737748206
55.44 -1.4071351262216356 -1.343477651100595
55.472 -1.4072914870636384 -1.3447968322481356
55.498 -1.4068919535444664 -1.3413448045324468
55.53 -1.4065776639043384 -1.3386893975138405
55.559 -1.4061484844819245 -1.3349814361344046
55.588 -1.4058979094205741 -1.3327243405436233
55.613 -1.4048558993504061 -1.3246727142189558
55.637 -1.4041818487122935 -1.3181381840123962
55.659 -1.4038394046390137 -1.314813283282026
55.685 -1.4031591529321499 -1.3080945533603001
55.71 -1.4026908656896633 -1.3053713343864555
55.729 -1.4023027262439811 -1.3016112986231647
55.762 -1.40188846002401 -1.2975009563406417
55.792 -1.4010210699201895 -1.2888744511267474
55.815 -1.400308583077021 -1.2841238989629298
55.846000000000004 -1.3999261365369309 -1.280413395004604
55.87 -1.399390326660542 -1.2752631508890409
55.894 -1.3990530431973796 -1.271949515908121
55.914 -1.3982532547482986 -1.2662325333954358
55.943 -1.3973667964018066 -1.2577614604388114
55.97 -1.3965027769577703 -1.2495964290350703
55.997 -1.3957019820721621 -1.2421190337113888
56.03 -1.3945758046401948 -1.2323073945388827
56.064 -1.3942107844817488 -1.2287362565274855
56.086 -1.393845407123154 -1.2252455274421319
56.115 -1.3930105257296113 -1.2186550768267892
56.146 -1.392432029479343 -1.2131036487913525
56.175 -1.3923806533120655 -1.212610429798038
56.199 -1.3921092778530677 -1.2099962911297342
56.233 -1.3916717283667284 -1.2072415414799207
56.265 -1.3904414169207706 -1.195895108211634
56.297 -1.3896373020455768 -1.1884884015335384
56.332 -1.389644124142005 -1.1854399917687388
56.348 -1.389143067359943 -1.1808304988995282
56.378 -1.387970409910573 -1.1699559290512063
56.4 -1.3873188318792302 -1.1637790379963038
56.422 -1.38711871511675 -1.1586971608658905
56.452 -1.386260915878349 -1.1504111709837255
56.481 -1.3857473685268775 -1.1455007384961564
56.51 -1.3851826144021533 -1.136343130833329
56.543 -1.3846080858914713 -1.1308794240272935
56.572 -1.3839829512697925 -1.1248810443550878
56.6 -1.3837802240168562 -1.1228547935334285
56.641 -1.3835324111023366 -1.1157126665912547
56.663 -1.383117650003829 -1.1110448451531165
56.689 -1.382751412937098 -1.106897389037824
56.734 -1.382093921795469 -1.0991730010985277
56.748 -1.3818833971865874 -1.096947671046028
56.774 -1.3816650223230642 -1.0946484770806533
56.802 -1.3814621912011287 -1.0892797658093436
56.842 -1.3803493827728766 -1.078054423695827
56.86 -1.3799480166717861 -1.0741159004151346
56.889 -1.379219884307736 -1.0669110563727275
56.945 -1.377844949954623 -1.0518366486508641
56.95 -1.377800261503482 -1.0513834571710123
56.974 -1.3776095527468641 -1.049425224266993
57.002 -1.3765696125749685 -1.042206196962141
57.018 -1.3763965831360756 -1.0404730957112993
57.041 -1.3760694509225133 -1.0372272676501773
57.06 -1.3755923057690749 -1.0325928949822893
57.086 -1.3750836189464593 -1.0277847143998151
57.117 -1.3745113919863248 -1.0195480860880906
57.145 -1.3740870110671464 -1.0155329048757953
57.175 -1.3735279551213972 -1.0104330528441665
57.21 -1.372402363626017 -1.0016696775275813
57.245 -1.3714556850260597 -0.9926380190802386
57.262 -1.3710639534713693 -0.98889834146321
57.288 -1.370646724500086 -0.9848969822105503
57.32 -1.3697583275962903 -0.9785163569798919
57.35 -1.3694517176436691 -0.9755105239954972
57.38 -1.368641470663068 -0.9677256444372796
57.414 -1.3674085767481423 -0.9580250728547615
57.443 -1.3671881282244789 -0.9559262891082368
57.471 -1.366434319896094 -0.9489661841230534
57.493 -1.3656216841281614 -0.9416973728419843
57.541 -1.3647132671328657 -0.934299861886192
57.56 -1.363771686232491 -0.9259071323518482
57.582 -1.3633807091600731 -0.9224214110738342
57.616 -1.3622318066088699 -0.9128298428199989
57.643 -1.362061698831054 -0.9113441203765444
57.668 -1.3618258646475436 -0.909305150321534
57.698 -1.3613556917185134 -0.9052633746742409
57.736 -1.3599328705582345 -0.8931284024167461
57.751 -1.3598285740660765 -0.8922344825907894
57.776 -1.3593453861749734 -0.8880480671659288
57.795 -1.3590466848819105 -0.8853795181728367
57.82 -1.3583243303497228 -0.8804525912482158
57.844 -1.3576943583159382 -0.8746223818915795
57.873 -1.35721760089996 -0.8700988164778977
57.902 -1.3566456460793865 -0.8667853893640364
57.943 -1.3559180550165983 -0.8599718644362685
57.96 -1.3555835408807957 -0.8568459186883526
57.99 -1.3548455681418041 -0.8498148468923686
58.019 -1.3533966031003328 -0.8380699272291017
58.051 -1.3526097704976612 -0.8306718626400901
58.078 -1.3524025924579073 -0.8287163814799462
58.1 -1.3514380309259346 -0.8197562156816776
58.13 -1.350888534527167 -0.8162675698056427
58.145 -1.3507228061231982 -0.8147441339833702
58.173 -1.3501778255982435 -0.8098774607258111
58.2 -1.349970086845166 -0.8080519983001259
58.228 -1.3489877042030247 -0.8004481773733917
58.245 -1.3486808855598662 -0.7977697803301085
58.274 -1.3486237636098461 -0.7972793878831167
58.302 -1.3472894302683625 -0.7864939865079045
58.345 -1.3466337625809304 -0.7809430710346718
58.36 -1.3459983914745421 -0.775596744501167
58.389 -1.345154829603544 -0.7685075326611469
58.419 -1.344185457698617 -0.7608441283669112
58.46 -1.3433785540734056 -0.7538630306824421
58.479 -1.342869659262474 -0.7494248541152994
58.512 -1.341816962386983 -0.7412687048601708
58.541 -1.3418957856640308 -0.7419322492347987
58.567 -1.3412784148068435 -0.7367773466339802
58.597 -1.3405051292058865 -0.7304448084386495
58.646 -1.3389612672134323 -0.7178726937369347
58.659 -1.3389276381468822 -0.7176134378883229
58.686 -1.338738774659756 -0.7161600508408927
58.715 -1.3377525204675966 -0.7072470145886232
58.744 -1.3370036981671907 -0.7013379837343658
58.773 -1.3359289805930181 -0.6926886373156758
58.803 -1.3349925871593327 -0.6850997823636376
58.831 -1.3342654363930253 -0.6789055340274869
58.86 -1.3340480805588737 -0.6770394479587883
58.888 -1.3333669835100896 -0.6711990930566828
58.917 -1.333038751743436 -0.6692432242214204
58.945 -1.3323525065431712 -0.6633304040642998
58.974 -1.3315246949373425 -0.6562205314473338
59.001 -1.3311586194749172 -0.6541641664766819
59.03 -1.3311853786522447 -0.6543942626170491
59.061 -1.330319505704493 -0.6469401809793683
59.086 -1.3295213668224353 -0.640107119947079
59.127 -1.3290015165286106 -0.6351500883435263
59.14 -1.3285357088630443 -0.6311330923384062
59.165 -1.3275087019382228 -0.6222795409390751
59.188 -1.327106332434961 -0.6188535639302833
59.219 -1.326358387950351 -0.6118951144668259
59.242 -1.3255329239889435 -0.6048697707943508
59.267 -1.3247359747401322 -0.5981221755037622
59.291 -1.323965614697743 -0.591712860014163
59.311 -1.323199165295536 -0.5842465346525973
59.34 -1.3226880077411778 -0.5799576821908967
59.365 -1.3222867394944595 -0.5765871145883339
59.392 -1.3205615384385159 -0.5623416697912078
59.431 -1.3208021772014975 -0.5617928948763402
59.451 -1.3204085225292514 -0.558437575975291
59.48 -1.32047377847041 -0.5589973802675773
59.511 -1.3206868960483142 -0.5594671632395795
59.54 -1.3197135128381732 -0.5511652648354524
59.569 -1.318899150042798 -0.5442115069462632
59.598 -1.318252877600301 -0.5387884565390348
59.604 -1.3182736555574122 -0.5372231760200827
59.627 -1.3176290769564383 -0.5317351922207579
59.654 -1.3169690474207878 -0.5262175633025287
59.682 -1.316381664586066 -0.5214627997197641
59.708 -1.3158471156798817 -0.5153275853401246
59.733 -1.3154726424572543 -0.5123162137021742
59.762 -1.314607702857449 -0.5054285886399672
59.792 -1.3141346516684895 -0.5017479126427442
59.835 -1.3136259836322386 -0.4922292730269828
59.854 -1.3132307645397168 -0.4891567029449987
59.882 -1.3125851787870613 -0.4841187132694096
59.913 -1.312413824684186 -0.4800598405357358
59.928 -1.3116625212784077 -0.4742103634803269
59.958 -1.3113009450905917 -0.47139942934456147
59.987 -1.3101838975219575 -0.46267865196971014
60.016 -1.3095195444664431 -0.45460380650970883
60.047 -1.3087856688563635 -0.4489519294385792
60.075 -1.308507386142075 -0.44683425538694316
60.106 -1.3076490345940845 -0.43686594179479454
60.134 -1.3067720568422914 -0.4301101773081962
60.162 -1.306563598506531 -0.4285254958284874
60.183 -1.3062776464096681 -0.4263792059268525
60.21 -1.3061779119979837 -0.42192423076955443
60.231 -1.3060327306877706 -0.4207964770550933
60.314 -1.3036870474863218 -0.3990937803676363
60.398 -1.3018182300184309 -0.38367394290337764
60.492 -1.2990900165306256 -0.36183938618153766
60.592 -1.298482152985706 -0.35311830890554147
60.66 -1.2956686436313811 -0.3250931422118772
60.735 -1.2950628608594104 -0.316972252275643
60.827 -1.293173141068013 -0.296438695285682
60.928 -1.291555501346139 -0.28367689063780477
61.027 -1.2893916670502905 -0.2673039463118205
61.097 -1.2899108852370527 -0.27114957088686636
61.189 -1.2890401458483756 -0.26512480846809455
61.221 -1.288549402294546 -0.25975565177774207
61.251 -1.2885078138298165 -0.2595643225754776
61.28 -1.2883512799467687 -0.25891117175855205
61.308 -1.2892313521441405 -0.25830496054574426
61.335 -1.289105823427522 -0.257847185171549
61.363 -1.2894789827040114 -0.2590790396095522
61.394 -1.2899172506214907 -0.2603796741435727
61.443 -1.286812192960768 -0.24776017009361984
61.455 -1.2864380227222854 -0.24677055238973974
61.485 -1.2883653984652643 -0.2515520436990298
61.517 -1.2878626986547954 -0.24779002463897457
61.547 -1.2877415773320278 -0.2475168428812914
61.575 -1.2902956098497007 -0.25292682156543367
61.606 -1.288361224149165 -0.2470130744727523
61.633 -1.2897498121753321 -0.24974289720360435
61.663 -1.2900711002564844 -0.25033309881356325
61.692 -1.2892674616965911 -0.24895547968175707
61.729 -1.2886617830446652 -0.24596372858517762
61.746 -1.2897061263651404 -0.247638709795085
61.772 -1.2897386641656725 -0.2476886943580087
61.798 -1.2883265711859044 -0.2456359940357267
61.837 -1.2868490720557177 -0.24127102576412693
61.857 -1.2884432483348605 -0.2434096597000241
61.953 -1.287047212086381 -0.23980673023610763
62.048 -1.2830190213882242 -0.23395696649014258
62.14 -1.2720096778691428 -0.22201548430956214
62.153 -1.272658875135261 -0.22257990805943517
62.236 -1.2628504430548 -0.21358392433369427
62.325 -1.268641272412586 -0.21605291956889147
62.416 -1.2599753892222925 -0.2104832928835538
62.513 -1.2550565830699356 -0.20740754619281923
62.604 -1.2425876166444778 -0.20160539010969689
62.619 -1.2399035790290989 -0.20044006492459623
62.647 -1.234744156697568 -0.19824978731161927
62.674 -1.228952015666994 -0.1958451103357175
62.703 -1.2306204968283532 -0.1972487007068215
62.719 -1.2263529545694847 -0.195561651185866
62.743 -1.2253578863151715 -0.1951694796355768
62.775 -1.2158906023904195 -0.19144323214385423
62.805 -1.2110936763155866 -0.1907354720856258
62.836 -1.2038059458996102 -0.1879963037554577
62.868 -1.2010879214197003 -0.1869810491014009
62.897 -1.1948908130912985 -0.18467976718951548
62.942 -1.1924528138297985 -0.18423466856531404
62.96 -1.1877640637830258 -0.18264207319750383
62.986 -1.1809641712952434 -0.18033655901552514
63.016 -1.1731447410751588 -0.17907491782778112
63.046 -1.1692850151430025 -0.1778858414096317
63.075 -1.1646782652864447 -0.17649247779802368
63.106 -1.157366445310469 -0.17543752529658851
63.136 -1.1531613751512735 -0.17427877661964428
63.158 -1.1496620826846522 -0.17331401133222699
63.189 -1.1467291920181584 -0.17250086625432945
63.213 -1.1417488132708196 -0.1727508060324216
63.249 -1.1356324623222183 -0.17121638031936176
63.264 -1.1326833642106198 -0.17048209198000044
63.297 -1.13158271811983 -0.17020817907114746
63.309 -1.132550362132852 -0.1720200631489264
63.328 -1.126832073594256 -0.17072182209714334
63.356 -1.1173809000526296 -0.16854698182335784
63.378 -1.1138364139080932 -0.16771457977028575
63.409 -1.1099855600434068 -0.16864170337244655
63.425 -1.1072883571246517 -0.16806060552233465
63.455 -1.103461843206918 -0.16724691958736643
63.48 -1.0955609699146998 -0.16556964815928757
63.508 -1.0883898230195101 -0.16610381467316654
63.536 -1.0781402838725673 -0.164113852620831
63.568 -1.0743827818915044 -0.16337634490566263
63.594 -1.071001166047406 -0.16270428234019485
63.625 -1.0688337256187186 -0.16452393578074057
63.651 -1.0625978342758053 -0.16336086961208907
63.681 -1.0589423408848353 -0.16266760892513932
63.711 -1.053907669346622 -0.16365451831385117
63.745 -1.0447653804106798 -0.1620362910960842
63.768 -1.0419046197640822 -0.16152342260090588
63.795 -1.0358927346400146 -0.16044275638066283
63.814 -1.0358608571831789 -0.16208840021119852
63.839 -1.0295736763226373 -0.16105266145936603
63.864 -1.0262394301244588 -0.1605056430131315
63.892 -1.018405797208478 -0.15922827166259795
63.924 -1.01219466561849 -0.15956370379388943
63.947 -1.004361604703118 -0.1584102371404099
63.977 -0.9961421406419303 -0.15721775294625476
63.999 -0.992822741654815 -0.15673804200787786
64.027 -0.9890337399969376 -0.15731483066422836
64.057 -0.9817505735646255 -0.15631361198720783
64.087 -0.9708562951836354 -0.15485668454759946
64.105 -0.9692998111045736 -0.1556226782215759
64.139 -0.9626734854293745 -0.15483317701789526
64.16 -0.956553025573773 -0.15410837796204446
64.188 -0.9522563793168981 -0.1535912429532827
64.218 -0.9459445648888534 -0.15366933589449525
64.248 -0.9377524550229548 -0.15269879269432043
64.277 -0.9302417964923296 -0.15179904989335005
64.305 -0.9282706930607204 -0.1523769482771893
64.335 -0.9248671496407579 -0.15198858351487787
64.364 -0.9161162353294845 -0.15101100115655536
64.395 -0.9152418994004969 -0.1509146930030211
64.425 -0.9102244195743862 -0.15089141842825002
64.455 -0.9035291822202802 -0.15022241917860915
64.484 -0.8953709909293593 -0.14939508856010034
64.516 -0.8949757406336041 -0.14976345649028922
64.546 -0.8881109090504584 -0.14907447603317017
64.57 -0.8829370883498108 -0.14857909752647572
64.596 -0.8818446973783878 -0.14847453591872836
64.64 -0.8677669698516196 -0.1472609212585112
64.657 -0.8652832532301338 -0.1470260661351592
64.684 -0.8614773320330101 -0.1466708230291527
64.715 -0.8559948988111209 -0.14630377151981436
64.724 -0.8546527719295731 -0.14617670544691827
64.742 -0.8475898934833751 -0.14550750666802487
64.771 -0.8412408415416645 -0.14489936594093047
64.799 -0.8364257934657046 -0.1444399294124455
64.81 -0.8339674287992441 -0.14437927062612896
64.827 -0.830479261052295 -0.1440532571617457
64.859 -0.817700636635867 -0.14287935848220457
64.89 -0.8149163698819772 -0.14262757526215702
64.92 -0.806803631810287 -0.1419876363511823
64.952 -0.8032300561635393 -0.1416831234121491
64.975 -0.8019758106650696 -0.14158025051318882
65.01 -0.794931053655529 -0.14091662109880998
65.036 -0.7875977599691479 -0.14031906655459192
65.065 -0.7802079432455662 -0.1397185962986832
65.104 -0.7741092562540646 -0.1391086279449844
65.139 -0.7714598463423888 -0.13890679864170258
65.143 -0.7705030442198901 -0.13883552528610837
65.171 -0.7705441805599142 -0.13883863560939416
65.193 -0.7644459103354571 -0.13838071408067099
65.239 -0.7497906740909969 -0.13701936540846263
65.252 -0.7475961285959692 -0.13683998047505114
65.281 -0.7397406197194709 -0.13619992025704097
65.309 -0.7351461434196952 -0.13575106477079513
65.34 -0.7300985358570251 -0.13533039800778815
65.366 -0.7261615656133674 -0.1349983503257473
65.393 -0.7176460895121819 -0.13427887226508356
65.418 -0.7166276955876107 -0.1341991333582499
65.45 -0.7158244536324498 -0.13413280669652472
65.477 -0.7078755390833491 -0.13346376417906045
65.507 -0.7042279116111603 -0.13313517249214316
65.537 -0.6995287039231892 -0.13272242457627026
65.566 -0.6969105990302855 -0.13248290651807373
65.595 -0.6886529393129113 -0.1317014840990237
65.623 -0.684037925240581 -0.13142457000270133
65.639 -0.6823912690691931 -0.1312785489430568
65.653 -0.6793039621143327 -0.1310058996769788
65.673 -0.6767625219039851 -0.13078168902373472
65.702 -0.672157946416305 -0.13045691029310294
65.731 -0.6759058992404918 -0.13079742984566675
65.757 -0.6699857359223875 -0.13025886818931495
65.785 -0.6633498454017418 -0.12965372167601152
65.814 -0.6564492093243474 -0.12907636028462507
65.841 -0.6570736675234802 -0.1291318697240948
65.87 -0.6478371341464713 -0.1283168526344891
65.9 -0.646752755315087 -0.12822022017497825
65.917 -0.638602866986902 -0.1275257182327767
65.945 -0.6350924932106159 -0.12719883218066938
65.975 -0.6252028274480058 -0.12624333520200468
66.006 -0.6192199482780971 -0.1258043281443277
66.046 -0.6045022287060725 -0.12440433900098508
66.062 -0.6009094677156863 -0.12405869042778707
66.088 -0.5938283511603569 -0.12339166698190314
66.109 -0.5920064561074199 -0.12332857072183169
66.138 -0.5848147520478808 -0.12266495012564099
66.161 -0.5797642347459376 -0.12220659940998357
66.187 -0.5770885768499336 -0.12196735240880675
66.23 -0.5667396321642766 -0.12109665472342432
66.242 -0.5642711527975561 -0.12086495849237883
66.266 -0.559055831770035 -0.12037558474559246
66.294 -0.5609239315124734 -0.12055286803489484
66.343 -0.5479573852144474 -0.11948928965946999
66.353 -0.5468533452726364 -0.1193832020071372
66.377 -0.5433373299937314 -0.11904811508393381
66.405 -0.5390959892456038 -0.11878251645105992
66.453 -0.5252822375931804 -0.11756179060552066
66.467 -0.5259214014081968 -0.11761633102053506
66.492 -0.5233315627121187 -0.1173949538614036
66.524 -0.5135961359507288 -0.11655622225421096
66.54 -0.50578298822679 -0.11589434312636658
66.567 -0.5012078823117633 -0.11551695793902389
66.599 -0.4997404449941845 -0.11539552644039501
66.625 -0.49248263203557857 -0.11474722482835926
66.655 -0.48668548925269484 -0.11424800748310751
66.684 -0.4814547437377475 -0.11381206855781492
66.714 -0.47063587212148933 -0.11284134295890469
66.744 -0.4631806752964346 -0.11224270471711295
66.773 -0.46130266511028906 -0.11209769166711685
66.798 -0.45516233705542747 -0.11164610329727373
66.812 -0.4519667365281493 -0.11060503989722886
66.829 -0.44849015207424714 -0.11034539303914834
66.86 -0.4414055916337438 -0.10980939124232127
66.894 -0.43326136762328865 -0.10918519909883445
66.925 -0.4231512974571224 -0.10827603241342278
66.944 -0.41577017568772706 -0.10772072792536043
66.969 -0.4125301719189517 -0.1074763693512269
66.993 -0.4073000385641878 -0.10708415772559528
67.014 -0.4021517751246768 -0.10652844602491247
67.042 -0.3977953746719442 -0.10619260194137087
67.066 -0.39364747205528483 -0.10586707138622597
67.093 -0.3947516591818624 -0.10595254201238781
67.185 -0.3761557649422116 -0.10440537608601932
67.285 -0.3476680050277031 -0.10218761269491515
67.38 -0.3336076628464346 -0.10082202224344654
67.481 -0.3287661665505275 -0.10033813330399934
67.572 -0.2934447807676924 -0.09739952890526367
67.651 -0.28299868335630596 -0.09654295604019927
67.727 -0.2690769544030983 -0.09534932611995413
67.817 -0.2452049458928093 -0.09339584779983567
67.915 -0.23182348024846136 -0.09223339472680837
68.003 -0.22363118863955858 -0.09152642200129874
68.073 -0.21261600915703247 -0.0906238990362448
68.163 -0.2211049981317132 -0.0913491586887563
68.244 -0.216966683515376 -0.09099483711919168
68.332 -0.21410485622591374 -0.09077706085719883
68.409 -0.20468245486769895 -0.0899786271167651
68.5 -0.2214524501420647 -0.09161886048224521
68.587 -0.23128853514527606 -0.09268950107070417
68.687 -0.22650423166822678 -0.09218539229198175
68.787 -0.22985581681980682 -0.09248817247015768
68.882 -0.23384727498787433 -0.09276957985004308
68.971 -0.23219879150759004 -0.0926227236186792
69.065 -0.23297536738770444 -0.09269460504292829
69.149 -0.22553590449553299 -0.09188563658154492
69.249 -0.20987744356279503 -0.0903469334621326
69.346 -0.20693999487876916 -0.09009916884014975
69.446 -0.19238404155062186 -0.08870708891966915
69.547 -0.20572743656177353 -0.09027611174083115
69.644 -0.20710059014853355 -0.09046529386457304
69.745 -0.20049482785710956 -0.08988803908226037
69.853 -0.20039816756416687 -0.08994839380153698
69.938 -0.20183313394848232 -0.09014861964818822
70.026 -0.2085184780661534 -0.09083673285629934
