3.3 0.9998560426416871 -0.49999999873007606
3.35 0.9998545503485128 -0.4999999987301074
3.4 0.9998504391754376 -0.49999999873018364
3.45 0.9998437207654928 -0.4999999987303039
3.5 0.9998343945834417 -0.4999999987304696
3.55 0.9998224598659264 -0.4999999987306813
3.6 0.9998079156014976 -0.4999999987309395
3.65 0.9997907605050111 -0.4999999987312429
3.7 0.9997709929863653 -0.49999999873159123
3.75 0.9997486111135507 -0.49999999873198553
3.8 0.9997134743007069 -0.49999999874147993
3.85 0.9996760740577859 -0.4999999986540413
3.9 0.9996463637516023 -0.49999999845076437
3.95 0.9996693063803515 -0.4999999984506738
4.0 0.9996896339571774 -0.4999999984504686
4.05 0.9997073484979608 -0.4999999984502188
4.1 0.9997224516686439 -0.499999998449964
4.15 0.9997349448225357 -0.4999999984497321
4.2 0.99974482903231 -0.49999999844953735
4.25 0.9997521051165655 -0.4999999984493892
4.3 0.999756773660887 -0.49999999844929355
4.35 0.9997588193548321 -0.4999999984492541
4.4 0.9997582893946149 -0.49999999844927123
4.45 0.9997551367021161 -0.4999999984493475
4.5 0.9997493767091415 -0.49999999844948345
4.55 0.9997410089579929 -0.49999999844968
4.6 0.9997300327676969 -0.4999999984499367
4.65 0.9997164472160885 -0.4999999984502541
4.7 0.9997002511162721 -0.4999999984506313
4.75 0.9996814429874322 -0.4999999984510688
4.8 0.9996600210199668 -0.4999999984515665
4.85 0.9996266411864578 -0.4999999984690794
4.9 0.9995794985477159 -0.4999999984306925
4.95 0.9995379353538092 -0.4999999982657416
5.0 0.9995488311595616 -0.4999999982171195
5.05 0.9995696853502998 -0.4999999982168224
5.1 0.9995879260790101 -0.4999999982164796
5.15 0.9996035550742584 -0.49999999821614
5.2 0.9996165737472765 -0.4999999982158313
5.25 0.9996269832239738 -0.4999999982155719
5.3 0.9996347843719522 -0.4999999982153717
5.35 0.999639977822289 -0.49999999821523594
5.4 0.9996425639859451 -0.49999999821517077
5.45 0.9996425430647197 -0.4999999982151768
5.5 0.999639915056702 -0.4999999982152559
5.55 0.9996346797561929 -0.49999999821540886
5.6 0.9996268367480684 -0.49999999821563673
5.65 0.9996163853965744 -0.49999999821593893
5.7 0.9996033248285257 -0.49999999821631624
5.75 0.9995876539108931 -0.4999999982167681
5.8 0.9995693712227459 -0.4999999982172946
5.85 0.9995484750215257 -0.4999999982178958
5.9 0.999518082348279 -0.4999999982329883
5.95 0.9994623333919835 -0.4999999982298132
6.0 0.9994121616436588 -0.4999999981000401
6.05 0.9994115938558708 -0.49999999802658773
6.1 0.9994325419184391 -0.4999999980261944
6.15 0.9994508762315084 -0.4999999980257616
6.2 0.9994665985434821 -0.4999999980253405
6.25 0.9994797102828564 -0.4999999980249622
6.3 0.999490212590533 -0.4999999980246455
6.35 0.9994981063470993 -0.49999999802440037
6.4 0.9995033921948492 -0.4999999980242347
6.45 0.9995060705544171 -0.4999999980241518
6.5 0.9995061416359422 -0.49999999802415535
6.55 0.9995036054447304 -0.49999999802424666
6.6 0.9994984617813752 -0.4999999980244255
6.65 0.9994907102363204 -0.499999998024693
6.7 0.9994803501788511 -0.49999999802505013
6.75 0.9994673807404869 -0.4999999980254953
6.8 0.9994518007927615 -0.4999999980260291
6.85 0.9994336089193583 -0.49999999802665174
6.9 0.999412803382575 -0.4999999980273635
6.95 0.9993786108888258 -0.49999999804947515
7.0 0.9993161835627571 -0.4999999980525006
7.05 0.9992593296330802 -0.49999999792890404
7.1 0.9992623607803964 -0.4999999978754237
7.15 0.9992829665187835 -0.49999999787491806
7.2 0.999300958647067 -0.49999999787439203
7.25 0.999316338872746 -0.4999999978738959
7.3 0.9993291085875988 -0.49999999787345756
7.35 0.9993392688992785 -0.4999999978730958
7.4 0.9993468206578672 -0.4999999978728213
7.45 0.9993517644771701 -0.49999999787264005
7.5 0.999354100750619 -0.49999999787255717
7.55 0.9993818073085513 -0.4999999978356952
7.6 1.000300195852425 -0.49999999649341664
7.65 1.0013988312734454 -0.49999999443718357
7.7 1.0033741592856666 -0.4999999895118212
7.75 1.0056116675588198 -0.4999999818792927
7.8 1.0085959701551763 -0.4999999684451392
7.85 1.011767510077852 -0.49999994974181994
7.9 1.0157457936683014 -0.49999992001820875
7.95 1.0195805337929216 -0.4999998874581373
8.0 1.0198353476057638 -0.49999988497733633
8.05 1.0200915802122161 -0.4999998831537227
8.1 1.0234142482584676 -0.49999984577778395
8.15 1.0320253623550726 -0.49999977501200243
8.2 1.04198379006694 -0.4999997049491671
8.25 1.0519945615061292 -0.4999996441060113
8.3 1.0620027211561227 -0.4999995908152126
8.35 1.072008269729403 -0.4999995429989859
8.4 1.0820112077004014 -0.49999949857992243
8.45 1.0920115353167605 -0.49999945548084823
8.5 1.102009252605204 -0.49999941162468303
8.55 1.1120043593720241 -0.49999936493429176
8.6 1.1219968551980544 -0.49999931333234265
8.65 1.1319867394280851 -0.49999925474116774
8.7 1.1419740111546868 -0.4999991870826251
8.75 1.1519586691964045 -0.49999910827797445
8.8 1.1619278382511768 -0.49999901801951424
8.85 1.1642167439057123 -0.49999900739826514
8.9 1.166362526103895 -0.4999989707055741
8.95 1.1763369015138134 -0.49999887954942573
9.0 1.1863451888058216 -0.49999879603954656
9.05 1.196350862020873 -0.499998718099048
9.1 1.2063539216754513 -0.49999864365038554
9.15 1.2163543680442246 -0.4999985706154544
9.2 1.2263522011659291 -0.4999984969157663
9.25 1.2363474208439234 -0.49999842047250065
9.3 1.2463400266412619 -0.49999833920648323
9.35 1.256330017870286 -0.4999982510381176
9.4 1.2651129188769836 -0.49999817907825067
9.45 1.2671342000547428 -0.49999814757581457
9.5 1.2768617196358507 -0.49999805241314793
9.55 1.2868650129487886 -0.4999979609314257
9.6 1.296865691307136 -0.4999978710473427
9.65 1.3068637547688569 -0.4999977806817386
9.7 1.3168592031496056 -0.4999976877549346
9.75 1.326301697476607 -0.4999976056858098
9.8 1.3319787276649309 -0.49999753922502077
9.85 1.3419793085668394 -0.49999744191846135
9.9 1.3519772738312803 -0.4999973440524282
9.95 1.360317341959372 -0.4999972635337112
10.0 1.3702191951066651 -0.4999971668793132
10.05 1.3802191946763296 -0.49999706747264316
10.1 1.3902191940838255 -0.49999696805296995
10.15 1.400219193393202 -0.4999968686208574
10.2 1.4102191926432193 -0.4999967691766449
10.25 1.4202191918573255 -0.4999966697205386
10.3 1.430219191049703 -0.4999965702526628
10.35 1.4402191902289376 -0.4999964707730934
10.4 1.450219189400222 -0.4999963712818758
10.45 1.4602191885666953 -0.4999962717790367
10.5 1.4702191877302597 -0.4999961722645926
10.55 1.4802191868920611 -0.4999960727385553
10.6 1.4902191860527945 -0.49999597320092903
10.65 1.5002191852128852 -0.49999587365171866
10.7 1.5102191843760373 -0.4999957740910206
10.75 1.5202191835474004 -0.49999567451907595
10.8 1.5302191827241987 -0.49999557493590435
10.85 1.5402191819042896 -0.499995475341508
10.9 1.5502191810863715 -0.49999537573588904
10.95 1.5602191802696592 -0.4999952761190484
11.0 1.570219179453676 -0.49999517649098674
11.05 1.5802191786381317 -0.4999950768517038
11.1 1.5902191778228494 -0.49999497720120184
11.15 1.6002191770077212 -0.49999487753947763
11.2 1.6102191761926925 -0.4999947778665343
11.25 1.6202191753777027 -0.4999946781823683
11.3 1.6302191745627619 -0.49999457848698736
11.35 1.640219173747837 -0.49999447878038433
11.4 1.6502191729329292 -0.499994379062559
11.45 1.6602191721180601 -0.49999427933351137
11.5 1.6702191713031886 -0.49999417959324577
11.55 1.6802191704883203 -0.49999407984176203
11.6 1.690219169673452 -0.4999939800790602
11.65 1.6996291703066804 -0.4999938861989305
11.7 1.7086191711701142 -0.4999937965201585
11.75 1.716739172104207 -0.4999937155301445
11.8 1.7247181729766083 -0.4999936359562111
11.85 1.7318091738994346 -0.49999356524730254
11.9 1.7387731747841941 -0.4999934958131288
11.95 1.7448391756938522 -0.4999934353403123
12.0 1.750649176656446 -0.4999933774262046
12.05 1.7556491774874523 -0.4999933275933773
12.1 1.7604591784504526 -0.4999932796591518
12.15 1.764459179281747 -0.4999932398029161
12.2 1.7681891802516672 -0.4999932026406778
12.25 1.7711891810761042 -0.4999931727561154
12.3 1.773559182043855 -0.49999314914966336
12.35 1.7752891830137996 -0.4999931319201404
12.4 1.7762891838357948 -0.4999931219629572
12.45 1.7767991845514373 -0.49999311688473275
12.5 1.7767991845514373 -0.49999311688473275
12.55 1.7767991845514373 -0.49999311688473275
12.6 1.7767991845514373 -0.49999311688473275
12.65 1.7767991845514373 -0.49999311688473275
12.7 1.7767991845514373 -0.49999311688473275
12.75 1.7767991845514373 -0.49999311688473275
12.8 1.7767991845514373 -0.49999311688473275
12.85 1.7767991845514373 -0.49999311688473275
12.9 1.7767991845514373 -0.49999311688473275
12.95 1.7767991845514373 -0.49999311688473275
13.0 1.7767991845514373 -0.49999311688473275
13.05 1.7767991845514373 -0.49999311688473275
13.1 1.7767991845514373 -0.49999311688473275
13.15 1.7767991845514373 -0.49999311688473275
13.2 1.7767991845514373 -0.49999311688473275
13.25 1.7767991845514373 -0.49999311688473275
13.3 1.7767991845514373 -0.49999311688473275
13.35 1.7767991845514373 -0.49999311688473275
13.4 1.7767991845514373 -0.49999311688473275
13.45 1.7767991845514373 -0.49999311688473275
13.5 1.7767991845514373 -0.49999311688473275
13.55 1.7767991845514373 -0.49999311688473275
13.6 1.7767991845514373 -0.49999311688473275
13.65 1.7767991845514373 -0.49999311688473275
13.7 1.7767991845514373 -0.49999311688473275
13.75 1.7767991845514373 -0.49999311688473275
13.8 1.7767991845514373 -0.49999311688473275
13.85 1.7767991845514373 -0.49999311688473275
13.9 1.7767991845514373 -0.49999311688473275
13.95 1.7767991845514373 -0.49999311688473275
14.0 1.7767991845514373 -0.49999311688473275
