6.925 0.9585589807158084 -0.49698305602163856
7.025 1.01967077717284 -0.49884627772073226
7.118 0.9500361170391747 -0.4973368849986037
7.215 1.0172899342244062 -0.4991286320421594
7.315 1.0078392850936562 -0.49918180791795685
7.41 0.9465075300630128 -0.49857184925335335
7.504 0.9531005895255728 -0.49872568292348113
7.54 0.9633951156979518 -0.49913935486292954
7.635 0.9546574191494592 -0.49880554354511464
7.727 0.99704643045447 -0.49969421802301595
7.837 1.023543446409581 -0.4994047362862061
7.9350000000000005 0.9566318541482297 -0.499459760231511
8.031 0.9713524843182794 -0.498733577238244
8.057 0.9825047351460514 -0.4990260078863166
8.088 0.9777423550820312 -0.4987590665351529
8.111 1.0330266976314377 -0.49949247163955995
8.14 1.032451598147686 -0.4994598382228363
8.17 1.026242253194145 -0.49948720133994623
8.2 1.0362637173997424 -0.4988535368590951
8.217 0.9525695662252012 -0.49892174938812817
8.249 0.9569087073659119 -0.4986627008974012
8.279 0.9729185045086034 -0.49837080220820684
8.308 0.9776226267974473 -0.4946299256279694
8.337 0.9718197953259036 -0.49481099381505916
8.366 0.9918568999365387 -0.4940007344951064
8.393 0.9828171744456192 -0.49459627049883964
8.429 0.9961958602022627 -0.49360636802079255
8.454 1.0057097629725773 -0.4934130021409978
8.482 1.025341390117625 -0.4927453297979425
8.512 1.0670775011486728 -0.501490785659509
8.54 1.0696171539986241 -0.5015602853800747
8.57 1.071851577010359 -0.5016438377177871
8.6 1.0760093715696273 -0.5017773095693796
8.625 1.0724313711380409 -0.49873020424528164
8.651 1.0787324569057601 -0.4988138770281034
8.679 1.0793905007953961 -0.4991633711574483
8.709 1.0587362330618937 -0.4941467078732288
8.745 1.0753488737061976 -0.4937845820649776
8.771 1.0757169905748512 -0.49380389335891667
8.796 1.078210055147831 -0.4931818523032859
8.824 1.089699792701841 -0.4854846494887532
8.852 1.0928752448995882 -0.4851458776384778
8.875 1.1087009535057568 -0.4841017375146863
8.9 1.1216872595981828 -0.48285405048884
8.923 1.131946974198916 -0.4989703509669829
8.944 1.1310594177778386 -0.49921984674877373
8.974 1.1566106781239704 -0.49981407139292205
9.001 1.1390947839611014 -0.5020244240937001
9.028 1.1503427201848313 -0.5020880729784641
9.055 1.1701990377655613 -0.5020371161595837
9.086 1.1803083841471929 -0.50180206150799
9.116 1.1371382841130808 -0.4915472309510454
9.147 1.1561020216751567 -0.49139402358617945
9.176 1.1681118788113605 -0.4908936212137955
9.204 1.182815512728371 -0.5020193862961874
9.234 1.1941632756514846 -0.5022242843462423
9.267 1.1981547291627375 -0.5020843987495764
9.294 1.2090433631304414 -0.5025523810675872
9.323 1.1616903081991345 -0.4806926944613734
9.353 1.1691192943936 -0.4803983259755101
9.376 1.1692891120907187 -0.4803899878260148
9.419 1.1883419822425252 -0.4800015803717778
9.438 1.1937970543351535 -0.4794942962741219
9.467 1.1945642156781964 -0.4792892227700556
9.499 1.1958298410001615 -0.4791406454987351
9.528 1.2592871496137914 -0.5014152446806869
9.556000000000001 1.2722588393870866 -0.5016018099457049
9.591 1.2799446339639409 -0.5013649568083723
9.615 1.2166950585209475 -0.47707922308482836
9.646 1.2292962179624183 -0.47631578551267106
9.675 1.2473532726024739 -0.4749664346632555
9.7 1.254555219395542 -0.47467210726193654
9.723 1.274050983519954 -0.5037220443818838
9.756 1.2812631352730774 -0.5042903403003737
9.786 1.2774009493920009 -0.5043273389815149
9.803 1.223372110099459 -0.4962729048222651
9.828 1.233764691175697 -0.49595581727100774
9.86 1.235600663855767 -0.49599724440704285
9.895 1.249582861489447 -0.49543834844379664
9.918 1.2966731500119273 -0.4699678678008706
9.947 1.2914681213148915 -0.4703030153530052
9.978 1.2903783020742714 -0.4700528142273613
10.01 1.3253138669401863 -0.5033403238912855
10.038 1.3259244176862413 -0.5032949008553735
10.067 1.3281149449159675 -0.5033256050195807
10.097 1.3371254631525693 -0.5034672150301197
10.126 1.3574314489983161 -0.5075688812927128
10.156 1.3388865632211167 -0.5068842497702847
10.185 1.3432649987724765 -0.5066919431004151
10.214 1.297793763391792 -0.4961694421580457
10.244 1.296968110390942 -0.49603702431173835
10.274000000000001 1.3047005586057059 -0.4966464333546568
10.303 1.388972219210441 -0.5089166987479949
10.332 1.4092319916254654 -0.5093009427566565
10.362 1.407242922280162 -0.5092937065413969
10.392 1.4253122363403283 -0.5094447538317872
10.42 1.3706093890279993 -0.46633872053442466
10.45 1.3681825012008995 -0.4664195315611034
10.479 1.3667197597245981 -0.4666427814552918
10.518 1.452795779818552 -0.5059549091817549
10.538 1.4547142877708552 -0.5060059089498763
10.571 1.4682712765541022 -0.506206453146643
10.599 1.4775310658173668 -0.5064059775608661
10.627 1.4163542542031866 -0.4647258292161119
10.657 1.4248902868630104 -0.46442105212107737
10.686 1.4252205155114084 -0.46431705608620916
10.711 1.4199013595315246 -0.46501020943345345
10.737 1.416782910952351 -0.46619795081131027
10.769 1.4080760933922958 -0.4661376777252209
10.799 1.4138084314509778 -0.46561314579381713
10.828 1.5196652623039768 -0.510294665371383
10.864 1.5247425456313999 -0.5105217856020791
10.886 1.528328255509141 -0.5105212785387215
10.917 1.416452359412357 -0.4990078164672635
10.944 1.4226492516686922 -0.4988922666526854
10.968 1.4279100660507125 -0.4987658643654715
10.99 1.4318705859320615 -0.4986619082136111
11.009 1.4418091320449338 -0.4979801759710413
11.042 1.4427432895685097 -0.4980537371818545
11.064 1.4545992020225254 -0.49795239708468764
11.084 1.462009729496246 -0.4976777165669016
11.103 1.4564621548796055 -0.4984570168415045
11.135 1.4362760890286186 -0.4992167933100518
11.16 1.4323657225349677 -0.4992458226644593
11.261 1.5569655125813027 -0.45458086765084676
11.353 1.6091529979479045 -0.5130183862448043
11.427 1.6102647330330373 -0.5162398454094379
11.529 1.5922577075954922 -0.45146211805423686
11.61 1.5880641932164925 -0.4928145131122481
11.695 1.6098841119085623 -0.49183849387151174
11.793 1.6734099598646726 -0.4929986307316191
11.891 1.6370468614424174 -0.4916791649229781
11.98 1.6495922353017245 -0.4929280187960751
12.079 1.6424587091928695 -0.49318862777720407
12.175 1.7361818568733112 -0.5192583409185716
12.26 1.7255695984135844 -0.511798877968383
12.326 1.7531326603661583 -0.5123613503525627
12.415 1.7358656419485734 -0.515978981728497
12.504 1.7610676893658646 -0.5121971140791034
12.601 1.729802213849491 -0.5158205800074295
12.696 1.7341806403726292 -0.5159674649942686
12.793 1.7384550258456855 -0.5125610513068122
12.871 1.7461536254946655 -0.51131134628238
12.959 1.7463734249458318 -0.5118562168806072
13.056 1.7577278703579908 -0.511549962576003
13.154 1.751516147351571 -0.5113591726972627
13.241 1.741011685628661 -0.5142035939434447
13.312 1.7326302326816785 -0.5105014098559274
