5.763 0.9998889906218987 -0.4999999990686082
5.871 1.0171689906218988 -0.4999999988617432
5.976 1.0318689906218987 -0.4999999986857643
6.075 1.0437489906218989 -0.4999999985435446
6.173 1.0535489906218989 -0.49999999842622533
6.269 1.0612289906218988 -0.4999999983342853
6.337 1.0653089906218987 -0.49999999828544217
6.4190000000000005 1.0718689906218988 -0.4999999982069101
6.505 1.0804689906218987 -0.49999999810395646
6.553 1.0862289906218987 -0.49999999803500145
6.624 1.0961689906218988 -0.4999999979160062
6.705 1.1091289906218988 -0.49999999776085746
6.807 1.1274889906218988 -0.49999999754106345
6.897 1.1454889906218988 -0.4999999973255791
6.978 1.1616889906218986 -0.49999999713164317
7.067 1.1794889906218986 -0.49999999691855307
7.131 1.1922889906218987 -0.49999999676531975
7.168 1.1996889906218988 -0.49999999667673173
7.272 1.2204889906218988 -0.4999999964277276
7.369 1.2398889906218986 -0.4999999961954833
7.468 1.2596889906218987 -0.49999999595845046
7.542 1.2744889906218986 -0.4999999957812744
7.636 1.2932889906218987 -0.49999999555621294
7.737 1.3134889906218987 -0.4999999953143916
7.8260000000000005 1.3312889906218988 -0.4999999951013015
7.916 1.3492889906218988 -0.4999999948858171
7.944 1.3548889906218986 -0.4999999948187775
8.032 1.3724889906218987 -0.49999999460808164
8.121 1.3902889906218987 -0.49999999439499154
8.222 1.4104889906218985 -0.49999999415317015
8.257 1.4174889906218986 -0.4999999940693707
8.341 1.4342889906218985 -0.49999999386825195
8.433 1.4526889906218987 -0.49999999364797904
8.528 1.4716889906218988 -0.4999999934205233
8.627 1.4914889906218989 -0.49999999318349053
8.714 1.5088889906218987 -0.499999992975189
8.802 1.5247289906218986 -0.4999999927855628
8.827 1.5287289906218986 -0.49999999273767737
8.918 1.5451089906218987 -0.49999999254158656
9.018 1.565108990621899 -0.49999999230215947
9.1 1.5815089906218986 -0.49999999210582924
9.167 1.5949089906218987 -0.4999999919454131
9.257 1.6129089906218987 -0.49999999172992876
9.339 1.629308990621899 -0.49999999153359853
9.43 1.6475089906218987 -0.4999999913157199
9.524000000000001 1.6663089906218989 -0.4999999910906585
9.55 1.6715089906218987 -0.4999999910284075
9.647 1.6909089906218986 -0.49999999079616325
9.74 1.7095089906218985 -0.4999999905734961
9.809 1.7233089906218984 -0.4999999904082914
9.907 1.7429089906218984 -0.4999999901736529
9.987 1.7589089906218984 -0.4999999899821112
10.049 1.7700689906218983 -0.4999999898485109
10.136 1.7874689906218981 -0.4999999896402093
10.233 1.8068689906218982 -0.4999999894079651
10.328 1.8258689906218981 -0.49999998918050936
10.41 1.8422689906218983 -0.4999999889841792
10.508 1.8618689906218981 -0.49999998874954066
10.602 1.8787889906218984 -0.49999998854698535
10.614 1.8807089906218986 -0.49999998852400035
10.709 1.8978089906218982 -0.4999999883192902
10.812 1.9184089906218982 -0.4999999880726803
10.906 1.9372089906218986 -0.49999998784761884
10.999 1.9558089906218985 -0.4999999876249517
11.098 1.9756089906218985 -0.4999999873879189
11.117 1.9790289906218985 -0.49999998734697687
11.206 1.9968289906218983 -0.49999998713388677
11.302 2.0160289906218987 -0.49999998690403674
11.397 2.035028990621899 -0.499999986676581
11.485 2.0526289906218986 -0.49999998646588517
11.56 2.0676289906218988 -0.49999998628631487
11.645 2.082928990621898 -0.4999999861031531
11.732 2.096848990621898 -0.49999998593651185
11.838000000000001 2.1116889906218983 -0.49999998575885696
11.922 2.121768990621898 -0.4999999856381857
11.927 2.122268990621898 -0.49999998563220005
12.016 2.132948990621898 -0.499999985504346
12.104 2.145268990621898 -0.4999999853568589
12.207 2.161748990621898 -0.49999998515957095
12.298 2.178128990621898 -0.4999999849634802
12.395 2.1975289906218975 -0.4999999847312359
12.479 2.2126489906218976 -0.49999998455022904
12.544 2.2230489906218978 -0.49999998442572696
12.638 2.2399689906218976 -0.49999998422317166
12.733 2.2589689906218977 -0.49999998399571594
12.809 2.2741689906218974 -0.4999999838137514
12.908 2.2939689906218974 -0.49999998357671854
12.987 2.3097689906218974 -0.4999999833875711
13.079 2.326328990621897 -0.4999999831893255
13.152 2.338008990621897 -0.49999998304950005
13.233 2.349348990621897 -0.4999999829137449
13.336 2.3617089906218967 -0.499999982765779
13.439 2.3720089906218966 -0.4999999826424741
13.542 2.3802489906218964 -0.4999999825438301
13.621 2.384988990621897 -0.49999998248708594
13.719 2.3889089906218968 -0.49999998244015825
13.818 2.390888990621897 -0.499999982416455
13.909 2.390888990621897 -0.499999982416455
14.01 2.390888990621897 -0.499999982416455
14.035 2.390888990621897 -0.499999982416455
14.123 2.390888990621897 -0.499999982416455
14.221 2.390888990621897 -0.499999982416455
14.319 2.390888990621897 -0.499999982416455
14.419 2.390888990621897 -0.499999982416455
14.516 2.390888990621897 -0.499999982416455
14.617 2.390888990621897 -0.499999982416455
14.715 2.390888990621897 -0.499999982416455
14.814 2.390888990621897 -0.499999982416455
14.838000000000001 2.390888990621897 -0.499999982416455
14.937 2.390888990621897 -0.499999982416455
15.032 2.390888990621897 -0.499999982416455
15.118 2.390888990621897 -0.499999982416455
15.206 2.390888990621897 -0.499999982416455
15.303 2.390888990621897 -0.499999982416455
15.344 2.390888990621897 -0.499999982416455
15.443 2.390888990621897 -0.499999982416455
15.525 2.390888990621897 -0.499999982416455
15.592 2.390888990621897 -0.499999982416455
15.691 2.390888990621897 -0.499999982416455
15.779 2.390888990621897 -0.499999982416455
15.786 2.390888990621897 -0.499999982416455
15.872 2.390888990621897 -0.499999982416455
15.927 2.390888990621897 -0.499999982416455
16.017 2.390888990621897 -0.499999982416455
16.085 2.390888990621897 -0.499999982416455
16.186 2.390888990621897 -0.499999982416455
16.277 2.390888990621897 -0.499999982416455
16.376 2.390888990621897 -0.499999982416455
16.454 2.390888990621897 -0.499999982416455
16.544 2.390888990621897 -0.499999982416455
16.631 2.390888990621897 -0.499999982416455
16.737000000000002 2.390888990621897 -0.499999982416455
16.747 2.390888990621897 -0.499999982416455
16.844 2.39067891948564 -0.501928452790933
16.93 2.3901961671701324 -0.5053343144743612
16.955 2.3899628135856856 -0.506816050421529
17.037 2.3888995361589926 -0.5132892876319842
17.129 2.3873711416436834 -0.5223614433959455
17.201 2.3859357798380016 -0.5308813809829698
17.288 2.383912318403603 -0.5428921263313443
17.38 2.381466887179108 -0.5574075755536818
17.434 2.379852105147716 -0.5669925053390846
17.538 2.376396604504408 -0.5875034661967357
17.624 2.373539171280134 -0.6044644530597931
17.669 2.3720440027325487 -0.6133393880462772
17.748 2.3694191512823433 -0.6289198294669931
17.853 2.365930424671311 -0.6496280111021218
17.929 2.363405251124278 -0.6646167901904046
18.02 2.3603816880613837 -0.6825638809408495
18.109 2.3574245769339375 -0.7001165301363399
18.2 2.354401013871043 -0.7180636208867842
18.203 2.354301335967871 -0.7186552832192165
18.3 2.3510784170986314 -0.7377856986345259
18.39 2.348088080003461 -0.7555355686074933
18.391 2.3480548540357367 -0.7557327893849702
18.484 2.344964839037394 -0.7740743216903706
18.571 2.3420741798453957 -0.7912325293309057
18.585 2.3416090162972583 -0.7939936202155894
18.665 2.338950938879329 -0.8097712824137823
18.77 2.335462212268297 -0.8304794640489109
18.871 2.3321063895281613 -0.8503987625741296
18.971 2.3287837927557495 -0.8701208403218714
19.072 2.3254279700156135 -0.8900401388470901
19.073 2.3253980666446616 -0.89021763754682
19.169 2.3222083737431465 -0.9091508321846519
19.26 2.3191848106802517 -0.9270979229350969
19.284 2.318387387454873 -0.9318312215945543
19.352 2.316128021649633 -0.9452422344630188
19.43 2.3135363961671525 -0.960625455106257
19.469 2.312240583425912 -0.9683170654278764
19.554 2.3094163761693625 -0.9850808315134562
19.628 2.306957654557778 -0.9996751690467852
19.721 2.303867639559435 -1.0180167013521848
19.786 2.3017079516573675 -1.0308360518882171
19.884 2.2984518068204043 -1.0501636880810037
19.975 2.2954282437575095 -1.0681107788314488
20.019 2.2939663011776483 -1.0767884930404545
20.108 2.291009190050202 -1.0943411422359448
20.125 2.2904443485988923 -1.0976938954530608
20.219 2.2873211076328253 -1.1162326485359382
20.232 2.2868891700524117 -1.1187965186431441
20.325 2.283799155054069 -1.1371380509485438
20.417 2.28074236602345 -1.1552823624764665
20.478 2.278715581992279 -1.1673128299025888
20.579 2.2753597592521433 -1.1872321284278076
20.627 2.273764912801386 -1.1966987257467232
20.723 2.2705752198998708 -1.2156319203845551
20.768 2.2690800513522853 -1.2245068553710392
20.862000000000002 2.265956810386218 -1.2430456084539163
20.918 2.264096156193668 -1.254089971992651
21.009 2.261072593130774 -1.272037062743096
21.066 2.2591787129704994 -1.2832786470593083
21.156 2.256188375875329 -1.3010285170322755
21.25 2.253065134909262 -1.3195672701151528
21.352 2.249676086201402 -1.3396837894178493
21.451 2.2463867153967145 -1.3592086463881135
21.54 2.2434296042692683 -1.376761295583603
21.636 2.2405588806579044 -1.3938011707576516
21.734 2.2379539647883333 -1.4092632797118814
21.785 2.2367677977405824 -1.4163040614678248
21.889 2.234003397225936 -1.4327128301539456
21.938 2.2325381320493025 -1.4414102664406996
22.034 2.2293484391477874 -1.4603434610785313
22.085 2.227653914793857 -1.4704017207298798
22.163 2.2250622893113765 -1.4857849413731181
22.224 2.2230355052802055 -1.4978154087992404
22.329 2.2195467786691734 -1.518523590434369
22.42 2.2165232156062786 -1.5364706811848141
22.479 2.2145628835105557 -1.548106707055981
22.571 2.211506094479937 -1.5662510185839038
22.646 2.2090141469006284 -1.5810425768947098
22.731 2.2061899396440787 -1.5978063429802902
22.782 2.204495415290149 -1.607864602631638
22.88 2.201239270453186 -1.6271922388244247
22.946 2.1990463565833944 -1.6402088101379346
23.054 2.1954579520691904 -1.6615086541054949
23.092 2.194195365295674 -1.6690030436496366
23.183 2.191171802232779 -1.6869501344000815
23.258 2.1886798546534707 -1.7017416927108875
23.342 2.1858888733646453 -1.7183082380189902
23.422 2.183230795946716 -1.7340859002171838
23.504 2.1805062665933383 -1.750258003970332
23.589 2.1776820593367887 -1.7670217700559117
23.69 2.1743262365966527 -1.786941068581131
23.785 2.1714854163562407 -1.8038034450554499
23.883 2.16888050048667 -1.819265554009679
23.971 2.1668337808748643 -1.8314143539022878
24.049 2.1652788055853756 -1.8406442862882308
24.1 2.1644315434084107 -1.8456734161139052
24.189 2.1632799580822226 -1.8526996467258412
24.262 2.162622377636471 -1.857029963940653
24.363 2.1621056719378036 -1.8610366292042313
24.44 2.161955453510852 -1.862569224045423
24.534 2.161955453510852 -1.862569224045423
24.604 2.161955453510852 -1.862569224045423
24.704 2.161955453510852 -1.862569224045423
24.791 2.161955453510852 -1.862569224045423
24.879 2.161955453510852 -1.862569224045423
24.976 2.161955453510852 -1.862569224045423
25.053 2.161955453510852 -1.862569224045423
25.062 2.161955453510852 -1.862569224045423
25.165 2.1628489963267503 -1.8644246972179737
25.224 2.1640023436648166 -1.8664834828540227
25.305 2.1665654985649274 -1.8706120647265525
25.345 2.1683455485245626 -1.87327121511952
25.437 2.17367800687214 -1.8807675700001536
25.466 2.175759159944765 -1.8835566783706095
25.564 2.1841188270772673 -1.8944354806655441
25.599 2.1875820468301947 -1.898836171171546
25.686 2.197288219489168 -1.911125427142279
25.698 2.1987757555288576 -1.9130088380190198
25.797 2.2110479278562947 -1.9285469777521307
25.849 2.2174939173616153 -1.9367084248846738
25.93 2.2275347856295187 -1.9494214483026735
25.931 2.2276587469661595 -1.9495783992090687
26.022 2.2389392286004703 -1.9638609316910187
26.041 2.2412944939966453 -1.9668429989125251
26.134 2.252822898304238 -1.9814394332072658
26.165 2.2566656997401022 -1.9863049113055125
26.268 2.269433717414103 -2.002470854664204
26.367 2.2817058897415405 -2.0180089943973147
26.465 2.293854100732337 -2.0333901832240304
26.491 2.2970770954849975 -2.037470906790302
26.588 2.3091013451391533 -2.0526951447106225
26.64 2.315547334644474 -2.060856591843166
26.734 2.3271997002887077 -2.0756099770443015
26.8 2.335381148506999 -2.0859687368663753
26.896 2.347281436824514 -2.101036023880301
26.925 2.350876315587097 -2.105587600165758
27.026 2.3633964105878156 -2.1214396417116586
27.028 2.363644333261097 -2.1217535435244486
27.128 2.376040466925175 -2.1374486341639547
27.155 2.3793874230144763 -2.1416863086366216
27.241 2.390048097965583 -2.1551840865865963
27.262 2.3926512860350395 -2.1584800556208927
27.357 2.4044276130159137 -2.1733903917284234
27.366 2.4055432650456807 -2.174802949885979
27.466 2.417939398709759 -2.190498040525485
27.535 2.426492730937973 -2.201327653066744
27.635 2.4388888646020512 -2.21702274370625
27.732 2.4509131142562066 -2.23224698162657
27.784 2.457359103761527 -2.240408428759113
27.863 2.4671520493561494 -2.252807550364323
27.917 2.473845961534752 -2.261282899309656
28.025 2.487233785891956 -2.2782335972003223
28.03 2.4878535925751604 -2.279018351732298
28.133 2.5006216102491607 -2.295184295090989
28.171 2.5053321410415106 -2.3011484295340012
28.263 2.516736584012463 -2.3155879129223473
28.309 2.522438805497939 -2.3228076546165197
28.395 2.5330994804490463 -2.3363054325664945
28.427 2.537066243221551 -2.3413278615711364
28.526 2.5493384155489887 -2.356866001304247
28.6 2.5585115544604067 -2.3684803683774818
28.696 2.5704118427779217 -2.3835476553914074
28.789 2.5819402470855146 -2.398144089686148
28.879 2.593096767383185 -2.4122696712617033
28.979 2.605492901047263 -2.427964761901209
29.073 2.6171452666914967 -2.4427181471023447
29.171 2.629293477682293 -2.4580993359290604
29.269 2.6414416886730896 -2.473480524755776
29.367 2.6535898996638867 -2.488861713582492
29.466 2.6646348547585803 -2.502846039342292
29.563 2.674254254481905 -2.5150254296785484
29.659 2.682584456304165 -2.5255725305882963
29.736 2.688311470056969 -2.5328236624637483
29.827 2.6939517108741247 -2.5399649287047237
29.917 2.698414318993193 -2.545615161334946
30.017 2.7021331590924165 -2.5503236885267975
30.113 2.7045132167559194 -2.5533371459295826
30.165 2.7051578157064515 -2.554153290642837
30.247 2.7051578157064515 -2.554153290642837
30.294 2.7051578157064515 -2.554153290642837
30.388 2.7051578157064515 -2.554153290642837
30.479 2.7051578157064515 -2.554153290642837
30.567 2.7051578157064515 -2.554153290642837
30.679 2.7051578157064515 -2.554153290642837
30.751 2.7051578157064515 -2.554153290642837
30.832 2.7051578157064515 -2.554153290642837
30.921 2.7051578157064515 -2.554153290642837
30.994 2.7051578157064515 -2.554153290642837
31.098 2.7055403325277942 -2.556197347992799
31.156 2.705843820294184 -2.5584972940803783
31.245 2.706331954920196 -2.5638144943991
31.287 2.7065364377747136 -2.5671682268322726
31.386 2.706909034805693 -2.5770608486886997
31.431 2.707007829189363 -2.582459926650749
31.541 2.7071355906965895 -2.597859319029787
31.582 2.7071539346549893 -2.6044192933818096
31.677 2.7072017519855742 -2.621519226525038
31.743 2.7072386636091834 -2.634719174916302
31.842 2.7072940310445976 -2.6545190975031985
31.881 2.7073158424585486 -2.6623190670071275
31.975 2.7073684135588407 -2.681118993503777
32.02 2.707393580574938 -2.6901189583160035
32.113 2.707445592408206 -2.7087188855946027
32.162 2.7074729964924007 -2.718518847279026
32.259 2.707527245393766 -2.737918771429824
32.351 2.7075786979600096 -2.756318699490374
32.382 2.7075960352377657 -2.762518675249907
32.471 2.707645810002936 -2.780318605656309
32.553 2.7076916698989355 -2.796718541536365
32.654 2.7077481558683982 -2.8169184625593613
32.728 2.7077895416282027 -2.831718404695021
32.742 2.707797371366544 -2.8345183937477128
32.834 2.707848823932787 -2.8529183218082643
32.91 2.70789132822664 -2.868118262380022
33.002 2.7079427807928838 -2.8865181904405737
33.072 2.707981929484591 -2.900518135704036
33.174 2.7080389747210782 -2.9209180559450805
33.273 2.708094342156492 -2.940717978531978
33.352 2.708138524251418 -2.9565179167578837
33.455 2.70819612875493 -2.977117836216978
33.516 2.7082302440434174 -2.989317788517995
33.612 2.7082839336777584 -3.008517713450744
33.649 2.7083046265576605 -3.015917684518574
33.742 2.7083566383909283 -3.0345176117971726
33.828 2.7084047353550256 -3.0517175445494273
33.887 2.708437732109464 -3.063517498414345
33.983 2.708491421743805 -3.0827174233470926
34.046 2.708526655566341 -3.095317374084209
34.134 2.708575871064487 -3.1129173052725614
34.192 2.7086083085519013 -3.12451725991943
34.293 2.708664794521364 -3.1447171809424255
34.364 2.7087045024800953 -3.1589171254239368
34.453 2.7087542772452653 -3.17671705583034
34.505 2.7087833591305333 -3.1871170151689117
34.601 2.708837048764874 -3.2063169401016594
34.626 2.7088510304404836 -3.2113169205528957
34.722 2.7089047200748246 -3.2305168454856448
34.757 2.708924294420678 -3.237516818117375
34.852 2.7089774247879945 -3.2565167438320732
34.894 2.7090009140030187 -3.2649167109901507
34.984 2.7090512480352134 -3.282916640614603
35.026 2.7090747372502375 -3.2913166077726808
35.137 2.709136815889944 -3.31351652097617
35.168 2.7091541531677 -3.3197164967357033
35.241 2.7091949796604804 -3.334316439653314
35.291 2.7092229430116994 -3.3443164005557864
35.372 2.7092682436406745 -3.3605163372177933
35.435 2.709303477463211 -3.37311628795491
35.515 2.709348218825162 -3.3891162253988667
35.572 2.709380097045552 -3.4005161808276863
35.661 2.7094298718107224 -3.418316111234088
35.715 2.7094600722300393 -3.429116069008759
35.793 2.709503695057941 -3.4447160080166164
35.846000000000004 2.7095333362102334 -3.455315966573239
35.944 2.7095881443786234 -3.4749158899420856
35.979 2.709607718724477 -3.481915862573816
36.061 2.7096535786204763 -3.4983157984538717
36.1 2.7096753900344273 -3.5061157679578008
36.19 2.709725724066622 -3.5241156975822516
36.29 2.7097816507690604 -3.544115619387198
36.361 2.7098213587277917 -3.5583155638687094
36.46 2.7098767261632055 -3.5781154864556064
36.562 2.7099337713996925 -3.5985154066966505
36.669 2.7099936129713016 -3.619915323027943
36.754 2.7100411506683746 -3.636915256562147
36.852 2.710090478019925 -3.6545551875941094
36.946 2.7101325349001586 -3.669595128791429
37.051 2.7101736410264508 -3.6842950713180644
37.14 2.7102035058855525 -3.6949750295619053
37.217 2.710225037665991 -3.7026749994568093
37.313 2.7102465135197273 -3.710354969429909
37.401 2.710261278169171 -3.715634948786415
37.481 2.710270226441561 -3.718834936275206
37.585 2.7102652268535405 -3.7209149208926915
37.66 2.7102652268535405 -3.7209149208926915
37.737 2.7102652268535405 -3.7209149208926915
37.811 2.7102652268535405 -3.7209149208926915
37.898 2.7102652268535405 -3.7209149208926915
37.929 2.7102652268535405 -3.7209149208926915
38.018 2.7102652268535405 -3.7209149208926915
38.106 2.7102652268535405 -3.7209149208926915
38.186 2.7102652268535405 -3.7209149208926915
38.284 2.7102652268535405 -3.7209149208926915
38.382 2.7102652268535405 -3.7209149208926915
38.483 2.7102652268535405 -3.7209149208926915
38.579 2.7102652268535405 -3.7209149208926915
38.668 2.7102652268535405 -3.7209149208926915
38.759 2.7102652268535405 -3.7209149208926915
38.777 2.7102652268535405 -3.7209149208926915
38.853 2.7091264361268026 -3.7219215875478313
38.917 2.707166974657689 -3.7235689822870914
38.986 2.7039546091392612 -3.7261805021074808
39.027 2.7013911124163483 -3.7282266862343127
39.105 2.6952850255526735 -3.733080108038901
39.155 2.6905880356575387 -3.7368135094270465
39.233 2.682039514048394 -3.7436082999534706
39.287 2.6752758485994 -3.7489843979524
39.37 2.6635803437605157 -3.7582805674088813
39.407 2.6577873895565167 -3.7628850957875937
39.502 2.6429135882219232 -3.774707533516721
39.599 2.627726654227656 -3.7867788646717226
39.607 2.626474123588953 -3.7877744383752283
39.709 2.6105043579454947 -3.800468003094922
39.758 2.6028326077834416 -3.8065658920288925
39.856 2.5874891074593354 -3.8187616698968334
39.943 2.573867836763446 -3.829588533922454
40.031 2.560089999737718 -3.8405398446610133
40.066 2.5546101781933936 -3.8448954796138497
40.156 2.5405192085079906 -3.856095683778285
40.225 2.529716131749181 -3.8646825069710196
40.316 2.5154685957339393 -3.8760071578483934
40.361 2.5084231108912385 -3.8816072599306106
40.444 2.4954281055146987 -3.8919363371044797
40.493 2.4877563553526456 -3.89803422603845
40.573 2.4752310489656204 -3.9079899630735038
40.592 2.472256288698702 -3.910354450619329
40.69 2.4569127883745963 -3.9225502284872698
40.704 2.454720859756866 -3.9242924824684047
40.793 2.4407864564013004 -3.9353682399199017
40.8 2.439690492092436 -3.9362393669104687
40.891 2.425442956077194 -3.9475640177878426
40.985 2.410725721072439 -3.9592620088040307
41.037 2.4025842719208725 -3.9657332378768158
41.136 2.387084205266928 -3.978053462457695
41.241 2.3706447406339577 -3.991120367316203
41.312 2.359528531215473 -3.9999560839348125
41.379 2.3490385871163393 -4.00829401370167
41.457 2.336826413388989 -4.018000857310848
41.535 2.3246142396616403 -4.027707700920025
41.546 2.322892010033424 -4.029076614762345
41.645 2.3073919433794794 -4.041396839343224
41.68 2.3019121218351564 -4.0457524742960596
41.78 2.286255488851374 -4.058197145589877
41.815 2.280775667307051 -4.062552780542712
41.905 2.266684697621647 -4.0737529847071485
41.937 2.261674575066837 -4.077735279521169
42.027 2.247583605381433 -4.0889354836856056
42.039 2.2457048094233794 -4.090428844240864
42.121 2.2328663703766782 -4.100633474701794
42.137 2.2303613090992735 -4.102624622108804
42.232 2.215487507764681 -4.11444705983793
42.321 2.2015531044091157 -4.125522817289427
42.329 2.200300573770413 -4.126518390992933
42.397 2.189654063341442 -4.134980767472729
42.419 2.18620960408501 -4.137718595157368
42.508 2.1722752007294432 -4.148794352608866
42.533 2.168361042483498 -4.1519055204323205
42.598 2.1581842310440402 -4.159994556773301
42.618 2.1550529044472837 -4.162483491032065
42.698 2.1425275980602585 -4.172439228067118
42.709 2.140805368432042 -4.173808141909438
42.807 2.1254618681079362 -4.186003919777378
42.83 2.121860842521667 -4.188866194174956
42.931 2.1060476432080475 -4.201435312181712
42.947 2.1035425819306415 -4.203426459588723
43.045 2.0881990816065352 -4.215622237456663
43.057 2.0863202856484815 -4.2171155980119215
43.147 2.072229315963079 -4.228315802176357
43.166 2.0692545556961606 -4.230680289722182
43.254 2.0554767186704326 -4.241631600460741
43.284 2.050779728775298 -4.245365001848886
43.374 2.036688759089894 -4.256565206013322
43.403 2.0321483355245977 -4.260174160688528
43.505 2.0161785698811396 -4.272867725408222
43.536 2.0113250136561676 -4.276725573509306
43.612 1.999425972588493 -4.286183523692607
43.632 1.9962946459917374 -4.28867245795137
43.707 1.9845521712539007 -4.298005961421733
43.718 1.9828299416256843 -4.2993748752640535
43.814 1.9677995739612544 -4.311321759706118
43.846000000000004 1.9627894514064437 -4.31530405452014
43.94 1.9480722164016897 -4.327002045536327
43.976 1.942435828527528 -4.331482127202102
44.078 1.9264660628840702 -4.344175691921795
44.085 1.9253700985752058 -4.345046818912362
44.195 1.908147802293046 -4.35873595733556
44.206 1.9064255726648296 -4.360104871177881
44.299 1.8918649039899131 -4.371678415481131
44.318 1.8888901437229948 -4.374042903026956
44.407 1.8749557403674293 -4.385118660478453
44.42 1.872920378079537 -4.386736467746649
44.512 1.8585162757344578 -4.398185565336961
44.528 1.8560112144570529 -4.4001767127439715
44.628 1.840354581473271 -4.412621384037789
44.656 1.8359707242378123 -4.416105892000058
44.742 1.8225060198717602 -4.426808309312741
44.759 1.8198443922645169 -4.428923903432691
44.86 1.8040311929508976 -4.441493021439446
44.901 1.7976119734275464 -4.446595336669912
44.955 1.789157391616305 -4.453315459168572
44.981 1.7850866670405212 -4.456551073704965
45.042 1.7755361209204144 -4.464142323194193
45.075 1.7703694320357661 -4.468249064721153
45.163 1.7565915950100393 -4.479200375459712
45.183 1.7534602684132825 -4.481689309718476
45.284 1.7376470690996633 -4.4942584277252315
45.385 1.7218338697860438 -4.506827545731987
45.483 1.7064903694619378 -4.519023323599928
45.543 1.6970963896716684 -4.526490126376219
45.64 1.6819094556774 -4.538561457531221
45.714 1.6703235472694018 -4.547770514288646
45.807 1.6557628785944842 -4.559344058591896
45.885 1.6435507048671352 -4.569050902201073
45.99 1.6271112402341636 -4.582117807059581
46.047 1.6181869594334088 -4.589211269697056
46.147 1.602530326449627 -4.601655940990874
46.246 1.5885802664610769 -4.612744143113665
46.347 1.5759297070101814 -4.622799437519069
46.443 1.5654084496450804 -4.631162256628514
46.542 1.5561084096527138 -4.638554391377042
46.615 1.5503937386136335 -4.643096696399286
46.689 1.5457457882048025 -4.646763138416955
46.725 1.5440401938547021 -4.648088479036399
46.802 1.5415798411972705 -4.649941218352137
46.829 1.5411430294209458 -4.650258696914757
46.895 1.5411430294209458 -4.650258696914757
46.924 1.5411430294209458 -4.650258696914757
47.022 1.5411430294209458 -4.650258696914757
47.095 1.5411430294209458 -4.650258696914757
47.173 1.5411430294209458 -4.650258696914757
47.252 1.5411430294209458 -4.650258696914757
47.318 1.5411430294209458 -4.650258696914757
47.416 1.5411430294209458 -4.650258696914757
47.512 1.5411430294209458 -4.650258696914757
47.6 1.5411430294209458 -4.650258696914757
47.689 1.5411430294209458 -4.650258696914757
47.768 1.5411430294209458 -4.650258696914757
47.842 1.5411430294209458 -4.650258696914757
47.93 1.5411430294209458 -4.650258696914757
47.974 1.5411430294209458 -4.650258696914757
48.068 1.539423223482054 -4.649499927692176
48.126 1.5373426115658964 -4.648473732365552
48.216 1.53258007011358 -4.645929120455847
48.301 1.526683989726159 -4.642541830906756
48.335 1.523763611658905 -4.64080075440073
48.412 1.5158615716997026 -4.636011710378432
48.494 1.506066841791289 -4.6300239172940625
48.51 1.5038826511496917 -4.628688660299639
48.594 1.4909822751727562 -4.620802298676322
48.683 1.4757953246178992 -4.611518089886968
48.71 1.4711880474832795 -4.608701532164355
48.78 1.4592432549120433 -4.601399345476099
48.819 1.4525882990509258 -4.597330984321213
48.94 1.4319408718920759 -4.5847086330458
49.011 1.4198254394269643 -4.5773021294048535
49.097 1.4051504085537316 -4.5683308714735675
49.174 1.3920111367253725 -4.560298466116486
49.178 1.3913285771498736 -4.559881198305729
49.248 1.3793837845786376 -4.552579011617473
49.302 1.3701692303093982 -4.546945896172247
49.382 1.3565180387994145 -4.538600539957097
49.426 1.3490098834689226 -4.534010594038764
49.5 1.3363825313221878 -4.526291139539751
49.554 1.327167977052948 -4.520658024094525
49.634 1.3135167855429644 -4.5123126678793755
49.656 1.309762707877719 -4.51001769492021
49.74 1.2954289567922352 -4.5012550708943015
49.802 1.284849283371998 -4.494787419827561
49.899 1.2682972136661421 -4.484668675416692
49.973 1.2556698615194073 -4.476949220917678
50.038 1.2445782684175457 -4.4701686189928695
50.075 1.238264592344177 -4.466308891743362
50.141 1.2270023593484412 -4.459423972865864
50.234 1.2111328492180842 -4.449722496265752
50.252 1.2080613311283377 -4.447844791117343
50.354 1.1906560619531086 -4.437204461943027
50.424 1.1787112693818724 -4.429902275254771
50.522 1.1619885597821422 -4.4196792138912135
50.598 1.1490199278476574 -4.411751125486822
50.678 1.1353687363376737 -4.403405769271672
50.716 1.1288844203704307 -4.399441725069476
50.78 1.1179634671624434 -4.392765440097356
50.801 1.1143800293910724 -4.390574784090878
50.896 1.0981692394729665 -4.380664673585388
50.925 1.093220682550598 -4.377639481957396
51.019 1.0771805325263666 -4.367833688404595
51.041 1.0734264548611212 -4.365538715445429
51.145 1.055679905898141 -4.354689752365734
51.184 1.0490249500370248 -4.350621391210849
51.264 1.0353737585270397 -4.342276034995698
51.276 1.0333260798005421 -4.341024231563425
51.357 1.019504248396684 -4.332574558395587
51.359 1.019162968608934 -4.332365924490208
51.448 1.003976018054077 -4.323081715700853
51.49 0.9968091425113352 -4.3187004036879
51.581 0.9812809121687281 -4.309207560993167
51.681 0.964216922781249 -4.298775865724231
51.718 0.9579032467078804 -4.294916138474724
51.811 0.9420337365775246 -4.285214661874613
51.907 0.9256523067655444 -4.275200234416434
51.928 0.9220688689941735 -4.273009578409956
52.023 0.9058580790760665 -4.263099467904466
52.077 0.8966435248068282 -4.25746635245924
52.149 0.8843574524478421 -4.249955531865606
52.195 0.8765080173296015 -4.245156952041895
52.295 0.8594440279421212 -4.234725256772957
52.36 0.8483524348402596 -4.227944654848147
52.458 0.8316297252405294 -4.217721593484589
52.509 0.8229270906529143 -4.21240142889743
52.609 0.805863101265434 -4.201969733628492
52.623 0.8034741427511876 -4.200509296290841
52.75 0.7818028762290875 -4.187261043299291
52.766 0.779072637927091 -4.185591972056261
52.865 0.7621792884334851 -4.175264593740013
52.936 0.7500638559683747 -4.167858090099068
53.03 0.7340237059441432 -4.158052296546266
53.101 0.7219082734790327 -4.150645792905321
53.194 0.7060387633486758 -4.140944316305209
53.27 0.6930701314141909 -4.133016227900817
53.352 0.6790776601164584 -4.124462237780289
53.409 0.6693511861655944 -4.118516171476994
53.479 0.6574063935943584 -4.111213984788738
53.523 0.6498982382638665 -4.106624038870405
53.619 0.6335168084518863 -4.096609611412226
53.685 0.622254575456149 -4.089724692534727
53.786 0.6050199461747944 -4.0791886803131
53.823 0.598706270101427 -4.075328953063593
53.91 0.58386059933432 -4.066253378179619
53.986 0.570891967399835 -4.058325289775227
54.076 0.5555343769511024 -4.048936764033184
54.137 0.5451253434247396 -4.042573429919131
54.23 0.5292558332943839 -4.03287195331902
54.302 0.5169697609353978 -4.0253611327253855
54.394 0.5012708906989164 -4.015763973077964
54.44 0.49342145558067574 -4.010965393254253
54.539 0.47652810608706986 -4.000638014938004
54.59 0.4678254714994547 -3.9953178503508457
54.675 0.45332108052009773 -3.9864509093722496
54.771 0.43693965070811625 -3.976436481914069
54.871 0.419875661320636 -3.966004786645132
54.945 0.4072483091739011 -3.9582853321461187
55.024 0.39376775755779175 -3.950044292883658
55.071 0.38574768254567665 -3.9451413961072577
55.145 0.37312033039894055 -3.9374219416082434
55.242 0.35656826069308595 -3.9273031971973746
55.345 0.3389923516239812 -3.916558551070369
55.404 0.32892459788536726 -3.9104038508616954
55.507 0.31134868881626376 -3.8996592047346903
55.587 0.2976974973062788 -3.8913138485195398
55.669 0.2837050260085463 -3.882759858399012
55.735 0.27244279301280905 -3.875874939521513
55.833 0.2557200834130788 -3.8656518781579545
55.871 0.24923576744583573 -3.861687833955758
55.975 0.23148921848285664 -3.8508388708760637
56.035 0.22125082485036943 -3.844579853714702
56.112 0.2081115530220089 -3.83654744835762
56.161 0.19975019822214377 -3.8314359176758406
56.259 0.1830274886224135 -3.821212856312282
56.286 0.17842021148779372 -3.818396298589669
56.377 0.16289198114518672 -3.808903455894936
56.436 0.15282422740657392 -3.8027487556862636
56.534 0.13610151780684368 -3.792525694322705
56.567 0.13047040130897505 -3.7890832348839556
56.663 0.11408897149699482 -3.779068807425776
56.761 0.09736626189726334 -3.7688457460622167
56.832 0.08525082943215287 -3.7614392424212717
56.9 0.07364731664866682 -3.7543456896383947
56.956 0.06409148259167724 -3.7485039402877893
57.057 0.04685685331032257 -3.7379679280661624
57.149 0.031157983073841156 -3.72837076841874
57.237 0.016141672412858566 -3.719190876582075
57.303 0.004879439417122533 -3.712305957704577
57.396 -0.010990070713234493 -3.702604481104465
57.487 -0.026518301055841503 -3.6931116384097322
57.588 -0.043752930337196176 -3.6825756261881057
57.663 -0.05655092237780547 -3.674751854736403
57.762 -0.07344427187141134 -3.664424476420155
57.825 -0.08419458518552417 -3.657852508400724
57.911 -0.09886961605875673 -3.648881250469438
57.977 -0.11013184905449276 -3.64199633159194
58.066 -0.12531879960935097 -3.632712122802585
58.124 -0.13521591345408934 -3.626661739546601
58.192 -0.14681942623757538 -3.619568186763724
58.221 -0.15176798315994397 -3.6165429951357324
58.318 -0.16832005286579982 -3.606424250724863
58.382 -0.17924100607378704 -3.5997479657527434
58.475 -0.19511051620414405 -3.5900464891526314
58.565 -0.21046810665287546 -3.580657963410588
58.642 -0.223607378481236 -3.572625558053506
58.678 -0.22975041466072782 -3.568870147756689
58.775 -0.24630248436658367 -3.55875140334582
58.834 -0.25637023810519766 -3.5525967031371466
58.938 -0.27411678706817677 -3.541747740057452
58.983 -0.28179558229254187 -3.537053477186431
59.073 -0.29715317274127445 -3.527664951444387
59.11 -0.3034668488146419 -3.5238052241948803
59.199 -0.3186537993694989 -3.5145210154055264
59.252 -0.32769771374486406 -3.5089922169129895
59.348 -0.34407914355684427 -3.49897778945481
59.398 -0.352611138250585 -3.493761941820341
59.496 -0.3693338478503152 -3.4835388804567824
59.528 -0.3747943244543082 -3.4802007379707227
59.62 -0.39049319469078964 -3.4706035783233005
59.701 -0.404315026094649 -3.4621539051554606
59.795 -0.4203551761188804 -3.4523481116026593
59.885 -0.4357127665676118 -3.442959585860616
59.939 -0.4449273208368514 -3.43732647041539
60.02 -0.4587491522407107 -3.42887679724755
60.076 -0.46830498629769907 -3.4230350478969456
60.176 -0.48536897568517934 -3.412603352628008
60.243 -0.496801848574791 -3.40561411679782
60.339 -0.5131832783867711 -3.3955996893396403
60.433 -0.5292234284110026 -3.385793895786839
60.448 -0.5317830268191247 -3.3842291414964984
60.54 -0.5474818970556061 -3.374631981849076
60.61 -0.5594266896268422 -3.36732979516082
60.7 -0.5747842800755748 -3.357941269418776
60.773 -0.5872409923284353 -3.3503261318724515
60.869 -0.6036224221404156 -3.3403117044142725
60.948 -0.617102973756525 -3.332070665151812
61.04 -0.6328018439930064 -3.32247350550439
61.133 -0.6470844031103278 -3.313742176564289
61.234 -0.6608721065354115 -3.3053133667869874
61.34 -0.6735335866609219 -3.2975730488974357
61.425 -0.682236221248536 -3.2922528843102783
61.453 -0.6846251797627837 -3.2907924469726266
61.542 -0.6906833540052596 -3.2870517798899535
61.543 -0.6907342622481064 -3.2870200253501483
61.64 -0.6939957781570689 -3.2849186325610202
61.673 -0.6945429037754399 -3.2845495157328384
61.761 -0.6945429037754399 -3.2845495157328384
61.777 -0.6945429037754399 -3.2845495157328384
61.869 -0.6945429037754399 -3.2845495157328384
61.933 -0.6945429037754399 -3.2845495157328384
62.029 -0.6945429037754399 -3.2845495157328384
62.063 -0.6945429037754399 -3.2845495157328384
62.163 -0.6945429037754399 -3.2845495157328384
62.261 -0.6945429037754399 -3.2845495157328384
62.358 -0.6945429037754399 -3.2845495157328384
62.454 -0.6945429037754399 -3.2845495157328384
62.541 -0.6945429037754399 -3.2845495157328384
62.558 -0.6945429037754399 -3.2845495157328384
62.652 -0.6948241324994828 -3.282691117196214
62.747 -0.6951252489839191 -3.2789037687561664
62.747 -0.6951252489839191 -3.2789037687561664
62.825 -0.6952911342338183 -3.2726663696994054
62.923 -0.6951685374072398 -3.262867764063607
63.028 -0.6945657438385605 -3.250282712896439
63.028 -0.6945657438385605 -3.250282712896439
63.129 -0.6934570582694942 -3.234160858277282
63.184 -0.6927279799309889 -3.2242877409997286
63.252 -0.6917264177690017 -3.2107246708002606
63.316 -0.6907837710283079 -3.1979594282595856
63.356 -0.6901946168153743 -3.1899811516716636
63.454 -0.6887511889936869 -3.170434374031255
63.554 -0.6872783034613528 -3.15048868256145
63.652 -0.6858348756396654 -3.130941904921042
63.749 -0.6844061766733013 -3.1115945841953314
63.754 -0.6843325323966847 -3.1105972996218423
63.84 -0.6830658508388773 -3.093444004957809
63.889 -0.6823441369280335 -3.083670616137605
63.982 -0.6809743533829629 -3.0651211230706874
64.043 -0.6800758932082389 -3.052954251274105
64.129 -0.6788092116504316 -3.035800956610073
64.229 -0.6773363261180976 -3.0158552651402695
64.238 -0.6772037664201875 -3.014060152907987
64.336 -0.6757603385985002 -2.9945133752675788
64.434 -0.6743169107768128 -2.9749665976271706
64.514 -0.6731386023509455 -2.959010044451327
64.574 -0.672254871031545 -2.947042629569444
64.641 -0.6712680377248811 -2.9336790162846733
64.7 -0.670399035260804 -2.921911058317489
64.781 -0.6692059979796133 -2.905755048226947
64.845 -0.6682633512389196 -2.8929898056862733
64.927 -0.6670555851024055 -2.8766343386810322
64.985 -0.6662013114936518 -2.865065837628547
65.084 -0.6647431548166409 -2.8453196030734396
65.145 -0.6638446946419172 -2.83315273127686
65.239 -0.662460182241523 -2.8144037812952423
65.337 -0.6610167544198357 -2.7948570036548337
65.36 -0.6606779907473989 -2.7902694946167794
65.451 -0.659337664912975 -2.772118915379258
65.534 -0.6581151699211375 -2.7555639914593177
65.621 -0.656833759508007 -2.73821123988059
65.721 -0.6553608739756729 -2.718265548410783
65.74 -0.6550810257245295 -2.714475867031522
65.81 -0.6540500058518955 -2.700513883002657
65.883 -0.6529747994132917 -2.685953528229701
65.978 -0.6515755581575744 -2.6670051213333865
66.068 -0.6502499611784736 -2.6490539990105617
66.166 -0.6488065333567862 -2.629507221370153
66.26 -0.647422020956392 -2.610758271388535
66.339 -0.6462584413858482 -2.5950011751273907
66.417 -0.6451095906706276 -2.5794435357809427
66.484 -0.6441227573639638 -2.566079922496175
66.574 -0.6427971603848631 -2.54812880017335
66.663 -0.6414862922610858 -2.530377134765224
66.754 -0.6401459664266617 -2.5122265555277
66.841 -0.6388645560135311 -2.494873803948972
66.923 -0.637656789877017 -2.4785183369437305
67.011 -0.6363606506085631 -2.4609661284503037
67.109 -0.6349172227868757 -2.441419350809895
67.113 -0.6348583073655822 -2.440621523151102
67.206 -0.6334885238205115 -2.422072030084183
67.283 -0.6323544019606142 -2.406713847652434
67.375 -0.6309993472708669 -2.3883638115002137
67.408 -0.6305132950451967 -2.381781733315178
67.504 -0.6290993249341559 -2.362633869504165
67.555 -0.6283481533126655 -2.352461566854564
67.644 -0.6270372851888881 -2.334709901446438
67.67 -0.6266543349504813 -2.3295240216642896
67.771 -0.6251667205628239 -2.3093788732797873
67.8 -0.624739583758447 -2.3035946227535447
67.893 -0.6233698002133762 -2.2850451296866257
67.961 -0.622368238051389 -2.271482059487159
67.968 -0.6222651360641255 -2.270085861084272
68.073 -0.6207186062551748 -2.2491428850409787
68.16 -0.6194371958420442 -2.231790133462248
68.221 -0.6185387356673203 -2.2196232616656655
68.288 -0.6175519023606566 -2.2062596483808976
68.397 -0.6159464571304123 -2.1845188446788084
68.449 -0.6151805566535986 -2.1741470851145115
68.548 -0.6137223999765878 -2.154400850559404
68.608 -0.6128386686571874 -2.1424334356775208
68.704 -0.6114246985461468 -2.1232855718665102
68.792 -0.6101285592776926 -2.1057333633730804
68.854 -0.6092153702476455 -2.093367034661802
68.924 -0.6081843503750115 -2.079405050632937
69.017 -0.606814566829941 -2.0608555575660206
69.116 -0.6055022258206313 -2.043083946466424
69.198 -0.6045360129114202 -2.0299995728622333
69.28 -0.6036905766158603 -2.0185507459585645
69.347 -0.6030984766318621 -2.010532577987704
69.437 -0.6024356781423117 -2.0015570168262915
69.536 -0.6018524154715074 -1.9936585230042485
69.615 -0.6015033416003442 -1.988931394125905
69.694 -0.6012706256862355 -1.9857799748736755
69.793 -0.6011248100185344 -1.9838053514181648
69.893 -0.6011248100185344 -1.9838053514181648
69.988 -0.6011248100185344 -1.9838053514181648
70.077 -0.6011248100185344 -1.9838053514181648
70.175 -0.6011248100185344 -1.9838053514181648
70.262 -0.6011248100185344 -1.9838053514181648
70.353 -0.6011248100185344 -1.9838053514181648
