3.926 0.9999324379573822 -0.49999999906808024
4.012 0.9999324379573822 -0.49999999906808024
4.109 0.9999324379573822 -0.49999999906808024
4.208 0.9999324379573822 -0.49999999906808024
4.265 0.9999324379573822 -0.49999999906808024
4.353 1.0016924379573822 -0.4999999990469982
4.4 1.0035724379573823 -0.4999999990244788
4.492 1.0090924379573822 -0.49999999895835795
4.5920000000000005 1.0170924379573822 -0.49999999886253066
4.599 1.0177924379573822 -0.49999999885414576
4.679 1.0273924379573822 -0.499999998739153
4.736 1.035372437957382 -0.49999999864356526
4.828 1.0500924379573822 -0.499999998467243
4.934 1.0691724379573821 -0.49999999823869495
4.986 1.0795724379573821 -0.4999999981141195
5.061 1.0945724379573822 -0.49999999793444333
5.159 1.1141724379573823 -0.4999999976996665
5.256 1.1335724379573824 -0.49999999746728535
5.344 1.1511724379573824 -0.4999999972564653
5.358 1.1539724379573824 -0.49999999722292576
5.441 1.1705724379573825 -0.49999999702408415
5.494 1.1811724379573825 -0.499999996897113
5.594 1.2011724379573827 -0.4999999966575448
5.671 1.2165724379573828 -0.49999999647307725
5.775 1.237372437957383 -0.4999999962239263
5.869 1.2561724379573829 -0.49999999599873224
5.89 1.2603724379573829 -0.4999999959484229
5.99 1.280372437957383 -0.4999999957088547
6.074 1.297172437957383 -0.4999999955076174
6.171 1.316572437957383 -0.49999999527523625
6.194 1.321172437957383 -0.49999999522013555
6.271 1.3365724379573831 -0.499999995035668
6.358 1.3539724379573832 -0.49999999482724367
6.462 1.3747724379573834 -0.49999999457809274
6.495 1.3813724379573835 -0.49999999449903526
6.594 1.4011724379573836 -0.49999999426186276
6.686 1.4195724379573835 -0.49999999404146
6.747 1.4317724379573835 -0.4999999938953234
6.85 1.4523724379573835 -0.4999999936485681
6.937 1.4697724379573838 -0.49999999344014373
6.981 1.4785724379573837 -0.4999999933347337
7.081 1.4985724379573837 -0.4999999930951655
7.177 1.5177724379573836 -0.49999999286518004
7.23 1.5283724379573838 -0.4999999927382089
7.323 1.5469724379573837 -0.49999999251541044
7.433 1.5689724379573837 -0.49999999225188546
7.483 1.5789724379573837 -0.49999999213210133
7.582 1.5987724379573838 -0.49999999189492883
7.682 1.618772437957384 -0.49999999165536063
7.7170000000000005 1.6257724379573841 -0.49999999157151176
7.803 1.642972437957384 -0.4999999913654831
7.905 1.663372437957384 -0.49999999112112353
7.961 1.674572437957384 -0.49999999098696535
8.054 1.6931724379573843 -0.4999999907641669
8.154 1.7131724379573843 -0.4999999905245987
8.248 1.7319724379573842 -0.4999999902994046
8.348 1.7519724379573844 -0.4999999900598364
8.447 1.7717724379573843 -0.4999999898226639
8.535 1.7893724379573845 -0.4999999896118439
8.537 1.7897724379573847 -0.4999999896070525
8.645 1.8113724379573843 -0.4999999893483188
8.738 1.8299724379573843 -0.4999999891255204
8.816 1.8455724379573846 -0.4999999889386572
8.819 1.8461724379573845 -0.4999999889314702
8.916 1.8655724379573846 -0.49999998869908907
9.009 1.8841724379573845 -0.4999999884762906
9.083 1.8989724379573845 -0.49999998829901016
9.194 1.9211724379573845 -0.4999999880330895
9.27 1.9363724379573841 -0.4999999878510176
9.345 1.9498724379573844 -0.4999999876893091
9.441 1.9690724379573843 -0.4999999874593236
9.534 1.9876724379573842 -0.4999999872365252
9.625 2.005872437957384 -0.49999998701851817
9.735 2.0278724379573836 -0.49999998675499313
9.824 2.045672437957384 -0.4999999865417774
9.921 2.0631324379573837 -0.49999998633263437
10.014 2.078012437957384 -0.4999999861543956
10.025 2.079552437957384 -0.49999998613594887
10.117 2.0942724379573843 -0.4999999859596267
10.205 2.110112437957384 -0.4999999857698887
10.299 2.128912437957384 -0.4999999855446946
10.394 2.147912437957384 -0.4999999853171048
10.48 2.165112437957384 -0.49999998511107613
10.582 2.185512437957384 -0.4999999848667166
10.682 2.2055124379573834 -0.4999999846271484
10.781 2.2253124379573834 -0.4999999843899759
10.801 2.2293124379573834 -0.4999999843420622
10.899000000000001 2.2489124379573835 -0.49999998410728536
10.977 2.2645124379573836 -0.49999998392042216
11.057 2.2805124379573836 -0.4999999837287676
11.149000000000001 2.2989124379573838 -0.49999998350836483
11.232 2.3155124379573837 -0.4999999833095232
11.325 2.3322524379573837 -0.4999999831090047
11.417 2.3469724379573838 -0.4999999829326825
11.49 2.3571924379573836 -0.49999998281026314
11.578 2.3712724379573835 -0.4999999826416071
11.674 2.3885524379573835 -0.4999999824346202
11.767 2.407152437957383 -0.49999998221182174
11.861 2.4259524379573834 -0.49999998198662765
11.943 2.4423524379573833 -0.49999998179018174
12.003 2.4531524379573835 -0.49999998166081494
12.08 2.465472316216179 -0.5000474132788892
12.179 2.4793299432707863 -0.50029133253502
12.276 2.490959243518923 -0.5007806328990332
12.368 2.5001328629965975 -0.5014699471988063
12.468 2.50807602677076 -0.502414837157777
12.565 2.51381871056699 -0.5033580940815603
12.619 2.5159396940505925 -0.5037666611219661
12.714 2.5177948593713286 -0.5041764503974653
12.812 2.5177948593713286 -0.5041764503974653
12.902 2.5177948593713286 -0.5041764503974653
12.994 2.5177948593713286 -0.5041764503974653
13.095 2.5177948593713286 -0.5041764503974653
13.194 2.5177948593713286 -0.5041764503974653
13.267 2.5177948593713286 -0.5041764503974653
13.364 2.5177948593713286 -0.5041764503974653
13.451 2.5177948593713286 -0.5041764503974653
13.546 2.5177948593713286 -0.5041764503974653
13.64 2.5177948593713286 -0.5041764503974653
13.737 2.5177948593713286 -0.5041764503974653
13.838000000000001 2.5177948593713286 -0.5041764503974653
13.929 2.5177948593713286 -0.5041764503974653
14.02 2.5177948593713286 -0.5041764503974653
14.079 2.5177948593713286 -0.5041764503974653
14.185 2.5177948593713286 -0.5041764503974653
14.284 2.5177948593713286 -0.5041764503974653
14.369 2.5177948593713286 -0.5041764503974653
14.461 2.5177948593713286 -0.5041764503974653
14.558 2.5177948593713286 -0.5041764503974653
14.653 2.5177948593713286 -0.5041764503974653
14.729 2.5177948593713286 -0.5041764503974653
14.839 2.517129336744587 -0.5062728016901938
14.924 2.5158955297286245 -0.509440642411346
15.018 2.513593894037511 -0.514589061388017
15.109 2.5103484154254803 -0.5211051504840379
15.206 2.5057420200957545 -0.5296412199868958
15.301 2.501973020829786 -0.5362406826120423
15.374 2.4997510334229958 -0.5400152139431473
15.452 2.4981584411203857 -0.5426981320853326
15.551 2.497147757543729 -0.544400753214027
15.64 2.497147757543729 -0.544400753214027
15.725 2.497147757543729 -0.544400753214027
15.826 2.497147757543729 -0.544400753214027
15.924 2.497147757543729 -0.544400753214027
15.954 2.497147757543729 -0.544400753214027
16.026 2.4964703115910494 -0.5456714345862197
16.143 2.494322684657685 -0.5498295409706931
16.229 2.4919816350932766 -0.554427919699874
16.32 2.4886787589636463 -0.5609155548061604
16.418 2.4842325795583746 -0.5696489097569303
16.502 2.481183770823331 -0.5756374960088867
16.599 2.476782960595664 -0.5842817350928122
16.687 2.471991975440596 -0.5936923706316012
16.784 2.4658308411218623 -0.6057943053490964
16.885 2.4584991820209243 -0.6201954294311827
16.932 2.4546609495955574 -0.6277346317662346
17.014 2.447220404468368 -0.6423496339287477
17.114 2.438146568947405 -0.6601728072976663
17.213 2.429163471781652 -0.6778177489328954
17.286 2.4225395718513494 -0.6908286654922058
17.377 2.4142823815272734 -0.707047753257921
17.471 2.4057529761375687 -0.7238015362247044
17.565 2.397223570747864 -0.7405553191914878
17.666 2.388058996871692 -0.758556724294095
17.758 2.3797110681924063 -0.7749540437934996
17.821 2.3739945518142 -0.7861826430159186
17.92 2.365011454648447 -0.8038275846511477
17.999 2.3578431245868865 -0.8179078916125926
18.093 2.349313719197182 -0.8346616745793759
18.188 2.3406935754522675 -0.851593689279848
18.286 2.3318012166417237 -0.8690603991813884
18.327 2.328080944078129 -0.876367900262645
18.412 2.3203681838853107 -0.8915175976262251
18.515 2.311022133298719 -0.9098754661962112
18.593 2.3039445415923683 -0.9237775414239673
18.604 2.3029464196850626 -0.9257380904945481
18.685 2.295596612913083 -0.9401748609233719
18.763 2.2885190212067323 -0.9540769361511287
18.833 2.282167336342059 -0.9665531575093709
18.934 2.2730027624658864 -0.9845545626119788
19.006 2.2664696008907934 -0.9973872474375999
19.077 2.26002717767091 -1.0100417005295321
19.172 2.2514070339259957 -1.0269737152300042
19.271 2.2424239367602428 -1.0446186568652334
19.348 2.235437083409102 -1.0583425003593
19.448 2.2263632478881394 -1.0761656737282186
19.547 2.2173801507223865 -1.0938106153634477
19.647 2.208306315201424 -1.1116337887323655
19.66 2.2071267165836987 -1.1139508012703252
19.757 2.1983250961283645 -1.131239279438176
19.852 2.18970495238345 -1.1481712941386482
19.936 2.182082930545842 -1.1631427597685393
20.021 2.174370170353024 -1.17829245713212
20.097 2.167474055357092 -1.191838068892498
20.185 2.1594890800986453 -1.2075224614571458
20.281 2.1507781979985214 -1.2246327078913073
20.381 2.141704362477559 -1.2424558812602258
20.467 2.133900863929531 -1.2577838103574952
20.567 2.124827028408568 -1.275606983726414
20.635 2.1186568202543135 -1.2877267416172786
20.731 2.109945938154189 -1.30483698805144
20.811 2.1026868697374193 -1.3190955267465745
20.907 2.0939759876372954 -1.3362057731807362
20.936 2.0913445753362163 -1.3413744934577225
21.043 2.0816355713287864 -1.360445288962465
21.128 2.0739228111359678 -1.3755949863260457
21.225 2.065121190680634 -1.3928834644938968
21.286 2.0595861510128466 -1.4037556002489369
21.374 2.0516011757543997 -1.4194399928135844
21.475 2.042436601878227 -1.4374413979161922
21.57 2.033816458133313 -1.4543734126166643
21.665 2.0251963143883986 -1.4713054273171364
21.763 2.0163039555778552 -1.4887721372186768
21.85 2.0091991423649413 -1.5027276819665398
21.946 2.002230436684842 -1.516415879113869
21.989 1.9994992121930324 -1.5217806542979133
22.089 1.9941084706928853 -1.5325016013681394
22.189 1.989750752767001 -1.541501988092583
22.272 1.9869921381892386 -1.5475416377230689
22.357 1.9850108812749905 -1.552240798872284
22.455 1.9836392661589117 -1.5559125828608742
22.555 1.9830234717268989 -1.557815281973349
22.648 1.9830234717268989 -1.557815281973349
22.746 1.9825285027416972 -1.559711721459028
22.833 1.9816974011037067 -1.5630910103903233
22.933 1.980289820950329 -1.568923567129166
23.0 1.979032382679978 -1.574133984482532
23.097 1.9767567947653506 -1.5835632845436607
23.197 1.973941634458595 -1.5952283980213453
23.292 1.9708214984519408 -1.6081572321257798
23.387 1.9672556287300502 -1.6229330425308472
23.473 1.9636240719343354 -1.6379810389170606
23.567 1.9592136541204181 -1.6562563833654338
23.667 1.9545217202758254 -1.6756982391615756
23.698 1.9530672207840016 -1.6817252144583792
23.793 1.9486098836316386 -1.7001949774647136
23.866 1.9451847719250859 -1.714387532195897
23.951 1.9411966281571822 -1.7309131096226176
24.041 1.9369738876970486 -1.748410779839145
24.146 1.9320473571602261 -1.768824728425094
24.233 1.9279653747154306 -1.7857391429677372
24.259 1.9267454719158366 -1.7907940254747339
24.361 1.9219596993943517 -1.8106247183867983
24.439 1.9182999909955694 -1.8257893659077886
24.525 1.9142649278892196 -1.84250936189247
24.571 1.9121066383207068 -1.8514526155586957
24.668 1.907555462491452 -1.8703112156809525
24.734 1.9044587861540205 -1.8831428405064063
24.831 1.8999076103247656 -1.9020014406286632
24.888 1.8972332080333476 -1.9130832984324644
24.971 1.8933389029423358 -1.9292200387432616
25.05 1.8896322752051073 -1.9445791048222136
25.135 1.8856441314372034 -1.9611046822489342
25.194 1.8828758904688938 -1.9725753771686572
25.293 1.878230875962747 -1.9918228144068375
25.341 1.8759787477173424 -2.0011549051889856
25.411 1.8726943940261274 -2.0147642042462848
25.436 1.8715214105649793 -2.01962466819532
25.538 1.8667356380434947 -2.0394553611073842
25.579 1.8648119451672116 -2.047426521983802
25.677 1.8602138499995107 -2.0664795406640204
25.744 1.8570702543236335 -2.0795055840474355
25.835 1.852800594525054 -2.097197672821925
25.925 1.8485778540649207 -2.1146953430384525
25.961 1.8468887578808675 -2.121694411125063
26.033 1.8435105655127606 -2.1356925472982855
26.135 1.838724792991276 -2.1555232402103504
26.164 1.837364132176344 -2.1611613783912316
26.253 1.8331883110546567 -2.178464630049797
26.349 1.8286840545638476 -2.197128811614093
26.444 1.8242267174114846 -2.215598574620427
26.48 1.8225376212274311 -2.2225976427070386
26.576 1.818033364736622 -2.2412618242713345
26.674 1.8134352695689213 -2.260314842951553
26.774 1.8087433357243285 -2.279756698747695
26.786 1.8081803036629773 -2.2820897214432323
26.884 1.8035822084952764 -2.3011427401234505
26.948 1.800579370834737 -2.313585527832981
27.059 1.7953713242672389 -2.335165987766698
27.127 1.792180809252916 -2.348386449708074
27.203 1.7886149395310253 -2.3631622601131417
27.306 1.7837822476710947 -2.3831873715831677
27.408 1.7789964751496101 -2.403018064495232
27.409 1.7789495558111643 -2.403212483053193
27.506 1.7743983799819094 -2.4220710831754504
27.601 1.7699410428295463 -2.4405408461817846
27.703 1.7651552703080615 -2.460371539093849
27.708 1.7649206736158318 -2.461343631883656
27.805 1.7603694977865767 -2.4802022320059134
27.906 1.7556306446035381 -2.499838506360016
28.009 1.7507979527436075 -2.519863617830042
28.026 1.7500003239900268 -2.5231687333153863
28.129 1.7451676321300962 -2.5431938447854128
28.216 1.7410856496853004 -2.560108259328056
28.307 1.7368159898867213 -2.577800348102544
28.363 1.7341885069337493 -2.5886877873483836
28.457 1.729778089119832 -2.606963131796757
28.549 1.7254615099828066 -2.624849639129207
28.645 1.7209572534919977 -2.643513820693503
28.683 1.7191743186310524 -2.650901725896037
28.786 1.7143416267711218 -2.670926837366063
28.861 1.710822676387677 -2.685508229213169
28.952 1.7065530165890976 -2.703200317987658
28.988 1.7048639204050444 -2.7101993860742684
29.086 1.7002658252373435 -2.729252404754487
29.187 1.6955269720543047 -2.7488886791085907
29.265 1.6918672636555223 -2.764053326629581
29.318 1.6893805387178882 -2.7743575102015363
29.416 1.6847824435501872 -2.7934105288817546
29.506 1.6805597030900539 -2.810908199098282
29.587 1.6767592366759339 -2.8266561022931564
29.645 1.67403791504607 -2.8379323786549184
29.74 1.669580577893707 -2.8564021416612526
29.847 1.6645602086799924 -2.8772049273631244
29.925 1.66090050028121 -2.892369574884115
30.0 1.6573815498977655 -2.906950966731221
30.005 1.6571469532055358 -2.907923059521028
30.109 1.6522673420071592 -2.9281425895490156
30.193 1.6483261175777013 -2.9444737484177743
30.23 1.646590102055202 -2.9516672350623465
30.333 1.6417574101952714 -2.971692346532372
30.45 1.6362678475970978 -2.994439317813858
30.526 1.6327019778752072 -3.009215128218926
30.622 1.6281977213843981 -3.027879309783222
30.63 1.6278223666768308 -3.029434658246913
30.739 1.6227081587862244 -3.050626281064708
30.835 1.6182039022954153 -3.069290462629004
30.91 1.6146849519119708 -3.08387185447611
30.929 1.6137934844814983 -3.0875658070773766
31.046 1.6083039218833248 -3.110312778358862
31.124 1.6046442134845424 -3.1254774258798523
31.218 1.6002337956706252 -3.1437527703282258
31.241 1.5991546508863688 -3.1482243971613384
31.336 1.5946973137340057 -3.1666941601676726
31.409 1.591272202027453 -3.1808867148988558
31.513 1.5863925908290764 -3.2011062449268435
31.595 1.5825452050765103 -3.217048566679679
31.694 1.5779001905703636 -3.2362960039178588
31.789 1.5734428534180005 -3.254765766924194
31.883 1.5690324356040835 -3.2730411113725664
31.927 1.5669679847124627 -3.281595527922869
32.022 1.5625106475600996 -3.3000652909292034
32.115 1.5581471490846281 -3.3181462168196156
32.218 1.5533144572246975 -3.3381713282896417
32.272 1.5507808129486176 -3.348669930419557
32.364 1.5464642338115924 -3.366556437752007
32.464 1.5417722999669996 -3.385998293548149
32.563 1.5371272854608526 -3.4052457307863304
32.629 1.5340306091234217 -3.418077355611783
32.721000000000004 1.529714029986396 -3.4359638629442344
32.82 1.5250690154802493 -3.455211300182414
32.925 1.520142484943427 -3.475625248768362
33.011 1.516107421837077 -3.4923452447530448
33.018 1.5157789864679556 -3.493706174658774
33.117 1.511133971961809 -3.5129536118969535
33.218 1.50639511877877 -3.532589886251058
33.308 1.5021723783186367 -3.550087556467585
33.407 1.4975273638124902 -3.5693349937057643
33.505 1.492929268644789 -3.588388012385984
33.601 1.4884250121539802 -3.607052193950279
33.701 1.4837330783093874 -3.6264940497464204
33.76 1.4809648373410778 -3.6379647446661436
33.854 1.4765544195271605 -3.6562400891145166
33.95 1.4720501630363514 -3.674904270678813
34.05 1.4673582291917588 -3.694346126474953
34.135 1.463370085423855 -3.7108717039016734
34.2 1.4603203284248694 -3.7235089101691665
34.29 1.456097587964736 -3.7410065803856933
34.389 1.451452573458589 -3.760254017623874
34.486 1.4469013976293343 -3.7791126177461303
34.585 1.4422563831231874 -3.798360054984311
34.689 1.437376771924811 -3.818579585012298
34.782 1.433449623296887 -3.8348524183136674
34.881 1.4297336116919694 -3.8502503681042124
34.899 1.4291424280275506 -3.8527000419345265
34.998 1.426298300427722 -3.8642345200538193
35.094 1.423864673497787 -3.873520780272308
35.189 1.4217633193680113 -3.8808242316000796
35.275 1.4201814163751072 -3.8857355000090994
35.366 1.4189280655258913 -3.8891525785821606
35.466 1.4181597859923762 -3.8909989840775743
35.563 1.4181597859923762 -3.8909989840775743
35.661 1.4181597859923762 -3.8909989840775743
35.758 1.4181597859923762 -3.8909989840775743
35.798 1.4181597859923762 -3.8909989840775743
35.896 1.417267407545799 -3.8927440516144003
35.996 1.4154462270425803 -3.8963054139344537
36.067 1.4135066698066525 -3.9000982648053104
36.166 1.40990073241028 -3.907149762199016
36.236 1.4067136665296474 -3.9133821462591096
36.332 1.4014686666803775 -3.9236388697408637
36.391 1.3977079289412313 -3.930993082931774
36.49 1.3904960541484854 -3.9450960777191857
36.567 1.384185663704833 -3.9574361981581707
36.666 1.3751708202139015 -3.975064941642435
36.74 1.3684324523519922 -3.9882419822266337
36.839 1.3594176088610606 -4.005870725710897
36.932 1.3509491195210939 -4.022431060499146
37.029 1.3421163940804837 -4.0397036677514055
37.119 1.3339210818160003 -4.055729798191646
37.215 1.3259798550444208 -4.0710768833915685
37.3 1.319569778506719 -4.083071318116488
37.383 1.313879530243615 -4.093202384125317
37.475 1.3081791554900921 -4.102656143882443
37.576 1.3025919834090636 -4.111068743405159
37.606 1.3011965342337777 -4.113021322745641
37.637 1.3000852449600635 -4.11451279865717
37.662 1.2994711879038467 -4.115302039177431
37.693 1.299078869587109 -4.115782103135599
37.723 1.299078869587109 -4.115782103135599
37.754 1.299078869587109 -4.115782103135599
37.851 1.299078869587109 -4.115782103135599
37.942 1.299078869587109 -4.115782103135599
38.037 1.299078869587109 -4.115782103135599
38.047 1.299078869587109 -4.115782103135599
38.146 1.2973169741054582 -4.1166840628845645
38.245 1.2936537770868748 -4.118185526247689
38.344 1.2880067033669726 -4.12002401473037
38.442 1.2804128694077126 -4.1219686428108435
38.517 1.273066612915715 -4.1234772594175055
38.54 1.2703508158649353 -4.123969186901646
38.567 1.2666256632178772 -4.124610716039301
38.598 1.2617317328526974 -4.12541754115898
38.632 1.2556885385832257 -4.126384064278398
38.659 1.2503548636974935 -4.127227813182583
38.692 1.2438359277260431 -4.128259061843253
38.719 1.238502252840311 -4.129102810747438
38.749 1.2325759474117197 -4.130040309529865
38.781 1.2262545549545567 -4.13104030823112
38.804 1.2217110541259697 -4.131759057297648
38.834 1.2157847486973785 -4.1326965560800755
38.862 1.2102535302973605 -4.133571554943674
38.892 1.2043272248687693 -4.134509053726101
38.919 1.1989935499830386 -4.135352802630285
38.949 1.1930672445544475 -4.136290301412712
38.98 1.1869433956115703 -4.137259050154554
39.008 1.1814121772115507 -4.138134049018153
39.037 1.1756834152972466 -4.139040297841166
39.067 1.1697571098686554 -4.139977796623593
39.098 1.1636332609257782 -4.140946545365434
39.125 1.158299586040046 -4.141790294269619
39.154 1.1525708241257406 -4.142696543092632
39.184 1.1466445186971508 -4.1436340418750595
39.217 1.1401255827257004 -4.144665290535729
39.244 1.1347919078399682 -4.145509039439913
39.273 1.1290631459256628 -4.146415288262927
39.371 1.109703881525599 -4.149477784285522
39.468 1.0905421606398211 -4.152509030348703
39.563 1.0717755267826163 -4.155477776493056
39.582 1.0680222000111756 -4.156071525721926
39.685 1.0496953212718296 -4.158874038310709
39.781 1.0344794602093963 -4.160971638000939
39.881 1.02056831362655 -4.162541765763755
39.979 1.008844630335916 -4.163455626551464
40.077 0.9990511720912244 -4.163785719180892
40.107 0.9966512045356365 -4.16378618157201
40.136 0.9949115470583355 -4.163753198352145
40.165 0.993752534029334 -4.163705991943238
40.2 0.9930541834072397 -4.163658390545298
40.298 0.9930541834072397 -4.163658390545298
40.398 0.9930541834072397 -4.163658390545298
40.478 0.9930541834072397 -4.163658390545298
40.515 0.9930541834072397 -4.163658390545298
40.607 0.9913900783399491 -4.162874540747183
40.686 0.9886376257699903 -4.161323321371216
40.796 0.9831303257100138 -4.15768902253479
40.886 0.9773940266060023 -4.153339048202256
40.963 0.9714806610538755 -4.148408045803296
40.966 0.9712994241068786 -4.148250714426479
40.995 0.9691189215840161 -4.146338815971579
41.027 0.9662508271540349 -4.143785468363216
41.055 0.9633349977620058 -4.141165481928672
41.084 0.9598879518161133 -4.138059443576219
41.114 0.9558763035170155 -4.134444657562589
41.144 0.9514189165180169 -4.1304282286585545
41.175 0.9468129499523854 -4.126277918791053
41.212 0.9413155059869531 -4.121324323142743
41.232 0.9383439146542881 -4.118646703873388
41.259 0.9343322663551894 -4.115031917859757
41.283 0.9307663567559905 -4.11181877473653
41.307 0.9272004471567916 -4.108605631613302
41.336 0.922891639724427 -4.104723083672736
41.364 0.9187314118586953 -4.100974416695638
41.396 0.9139768657264298 -4.096690225864668
41.427 0.9093708991607983 -4.0925399159971665
41.454 0.9053592508616995 -4.088925129983536
41.481 0.9013476025626008 -4.085310343969905
41.511 0.8968902155636023 -4.081293915065871
41.536 0.8931757263977704 -4.077946890979176
41.564 0.8890154985320388 -4.074198224002077
41.586 0.8857467480661068 -4.071252842805786
41.609 0.8823294180335408 -4.068173580646026
41.641 0.8775748719012764 -4.063889389815057
41.672 0.8729689053356449 -4.059739079947556
41.701 0.8686600979032791 -4.055856532006989
41.738 0.8631626539378479 -4.05090293635868
41.765 0.8591510056387491 -4.047288150345049
41.795 0.8546936186397506 -4.043271721441015
41.82 0.8509791294739187 -4.039924697354321
41.85 0.8465217424749202 -4.035908268450287
41.877 0.8425100941758215 -4.032293482436656
41.898 0.8393899232765224 -4.029481982203833
41.925 0.8353782749774247 -4.025867196190203
41.954 0.831069467545059 -4.021984648249636
41.979 0.8273549783792271 -4.018637624162941
42.007 0.8231947505134954 -4.014888957185843
42.036 0.8188859430811297 -4.011006409245276
42.06 0.8153200334819308 -4.007793266122048
42.089 0.8110112260495662 -4.003910718181483
42.117 0.8068509981838345 -4.000162051204384
42.144 0.8028393498847358 -3.9965472651907534
42.174 0.7983819628857373 -3.9925308362867193
42.201 0.7943703145866385 -3.9889160502730885
42.229 0.7902100867209069 -3.98516738329599
42.259 0.7857526997219083 -3.981150954391956
42.286 0.7817410514228096 -3.9775361683783252
42.327 0.7756492891908455 -3.9720470488761457
42.346 0.7728262774248135 -3.9695033105702575
42.377 0.7682203108591809 -3.965353000702755
42.406 0.7639115034268162 -3.9614704527621893
42.436 0.7594541164278177 -3.9574540238581553
42.471 0.7542538315956534 -3.9527681901367826
42.499 0.7500936037299206 -3.9490195231596834
42.528 0.745784796297556 -3.9451369752191177
42.554 0.7419217275650902 -3.9416560701689543
42.582 0.7377614996993586 -3.937907403191856
42.611 0.7334526922669939 -3.9340248552512906
42.639 0.7292924644012612 -3.9302761882741915
42.687 0.7221606452028645 -3.923849902027738
42.702 0.7199319517033652 -3.921841687575721
42.726 0.7163660421041663 -3.9186285444524938
42.755 0.7120572346718006 -3.914745996511927
42.785 0.707599847672803 -3.910729567607894
42.805 0.7046282563401369 -3.9080519483385374
42.835 0.7001708693411384 -3.9040355194345033
42.868 0.6952677436422399 -3.8996174476400656
42.894 0.6914046749097751 -3.8961365425899035
42.922 0.6872444470440434 -3.892387875612805
42.952 0.6827870600450449 -3.888371446708771
42.982 0.6783296730460463 -3.884355017804737
43.013 0.6737237064804148 -3.8802047079372355
43.041 0.6695634786146831 -3.876456040960137
43.069 0.6654032507489503 -3.872707373983038
43.098 0.6610944433165857 -3.8688248260424722
43.128 0.6566370563175872 -3.864808397138438
43.158 0.6521796693185886 -3.860791968234404
43.182 0.6486137597193897 -3.857578825111177
43.21 0.6444535318536581 -3.853830158134079
43.236 0.6405904631211933 -3.850349253083917
43.267 0.6359844965555607 -3.8461989432164145
43.288 0.6328643256562627 -3.8433874429835915
43.312 0.6292984160570638 -3.840174299860364
43.336 0.6257325064578649 -3.8369611567371367
43.365 0.6214236990254992 -3.83307860879657
43.395 0.6169663120265007 -3.829062179892536
43.416 0.6138461411272027 -3.826250679659713
43.447 0.6092401745615701 -3.8221003697922105
43.474 0.6052285262624724 -3.8184855837785805
43.501 0.6012168779633736 -3.8148707977649496
43.522 0.5980967070640746 -3.8120592975321257
43.554 0.593342160931809 -3.807775106701156
43.581 0.5893305126327103 -3.804160320687525
43.612 0.5847245460670788 -3.800010010820023
43.64 0.5805643182013471 -3.7962613438429247
43.67 0.5761069312023486 -3.7922449149388906
43.707 0.5706094872369173 -3.787291319290582
43.728 0.5674893163376182 -3.784479819057758
43.754 0.5636262476051535 -3.780998914007596
43.779 0.5599117584393206 -3.7776518899209
43.809 0.5554543714403231 -3.773635461016867
43.839 0.5509969844413245 -3.769619032112833
43.86 0.5478768135420254 -3.766807531880009
43.891 0.5432708469763939 -3.7626572220125074
43.921 0.5388134599773953 -3.7586407931084733
43.95 0.5345046525450295 -3.7547582451679067
43.976 0.5306415838125648 -3.7512773401177446
44.001 0.5269270946467329 -3.74793031603105
44.027 0.5230640259142671 -3.7444494109808866
44.053 0.5192009571818024 -3.7409685059307245
44.08 0.5151893088827036 -3.7373537199170936
44.113 0.5102861831838051 -3.732935648122656
44.131 0.507611750984406 -3.7305257907802356
44.156 0.5038972618185742 -3.727178766693541
44.186 0.4994398748195756 -3.723162337789507
44.211 0.49572538565374374 -3.7198153137028123
44.241 0.49126799865474513 -3.715798884798778
44.266 0.4875535094889133 -3.7124518607120836
44.299 0.48265038379001485 -3.708033788917646
44.318 0.47982737202398273 -3.7054900506117576
44.349 0.4752214054583512 -3.701339740744256
44.38 0.47061543889271856 -3.6971894308767537
44.409 0.46630663146035395 -3.693306882936188
44.432 0.462889301427788 -3.690227620776428
44.465 0.45798617572888956 -3.6858095489819904
44.495 0.453528788729892 -3.6817931200779572
44.52 0.4498142995640591 -3.6784460959912613
44.548 0.44565407169832744 -3.674697429014163
44.572 0.44208816209912855 -3.671484285890936
44.602 0.437630775100131 -3.6674678569869026
44.629 0.43361912680103226 -3.6638530709732717
44.66 0.4290131602354007 -3.65970276110577
44.684 0.4254472506362018 -3.656489617982543
44.712 0.4212870227704691 -3.652740951005444
44.739 0.4172753744713714 -3.649126164991814
44.769 0.4128179874723728 -3.6451097360877798
44.793 0.4092520778731739 -3.6418965929645526
44.813 0.4062804865405078 -3.639218973695196
44.829 0.4039032134743756 -3.6370768782797116
44.856 0.39989156517527685 -3.6334620922660807
44.889 0.3949884394763784 -3.629044020471643
44.92 0.39038247291074685 -3.6248937106041415
44.946 0.38651940417828207 -3.6214128055539794
44.975 0.3822105967459164 -3.6175302576134127
44.998 0.3787932667133515 -3.614450995453654
45.002 0.3781989484468176 -3.6139154715997823
45.033 0.37359298188118606 -3.609765161732281
45.048 0.3713642883816868 -3.6077569472802637
45.077 0.36705548094932217 -3.603874399339698
45.102 0.36334099178349033 -3.6005273752530034
45.132 0.3588836047844917 -3.5965109463489693
45.16 0.35472337691876005 -3.592762279371871
45.187 0.3507117286196613 -3.58914749335824
45.204 0.3481858759868951 -3.586871516979287
45.231 0.3441742276877964 -3.583256730965656
45.261 0.33971684068879776 -3.579240302061622
45.286 0.3360023515229659 -3.5758932779749273
45.301 0.3337736580234666 -3.5738850635229102
45.321 0.33080206669080153 -3.5712074442535546
45.346 0.3270875775249697 -3.56786042016686
45.378 0.32233303139270414 -3.56357622933589
45.406 0.31817280352697247 -3.559827562358792
45.436 0.31371541652797386 -3.5558111334547577
45.464 0.3095551886622422 -3.5520624664776594
45.491 0.30554354036314346 -3.5484476804640286
45.52 0.3012347329307778 -3.544565132523462
45.551 0.29662876636514623 -3.5404148226559604
45.585 0.29157706109961484 -3.535862869898055
45.609 0.288011151500416 -3.532649726774828
45.638 0.2837023440680514 -3.5287671788342623
45.668 0.2792449570690528 -3.524750749930228
45.69 0.27597620660312083 -3.521805368733937
45.723 0.2710730809042224 -3.5173872969394995
45.75 0.26706143260512366 -3.5137725109258686
45.781 0.2624554660394921 -3.509622201058367
45.808 0.2584438177403934 -3.5060074150447362
45.834 0.25458074900792754 -3.502526509994573
45.864 0.25012336200893 -3.4985100810905396
45.894 0.24566597500993137 -3.4944936521865055
45.915 0.24254580411063234 -3.4916821519536816
45.94 0.23883131494480053 -3.488335127866987
45.964 0.23526540534560164 -3.48512198474376
45.986 0.2319966548796697 -3.4821766035474684
46.016 0.22753926788067108 -3.4781601746434343
46.045 0.2232304604483054 -3.4742776267028677
46.072 0.21921881214920666 -3.470662840689237
46.095 0.21580148211664177 -3.467583578529478
46.116 0.21268131121734274 -3.464772078296654
46.142 0.20881824248487693 -3.4612911732464906
46.167 0.20510375331904512 -3.457944149159796
46.19 0.20168642328648023 -3.454864887000037
46.219 0.19737761585411456 -3.4509823390594705
46.247 0.1932173879883829 -3.447233672082372
46.276 0.18890858055601722 -3.4433511241418056
46.305 0.1845997731236526 -3.43946857620124
46.336 0.17999380655802108 -3.4353182663337383
46.364 0.1758335786922894 -3.43156959935664
46.394 0.1713761916932908 -3.427553170452606
46.423 0.16706738426092513 -3.4236706225120392
46.452 0.16275857682856051 -3.4197880745714735
46.482 0.1583011898295619 -3.4157716456674394
46.511 0.15399238239719623 -3.4118890977268728
46.539 0.14983215453146456 -3.4081404307497745
46.564 0.14611766536563275 -3.40479340666308
46.588 0.14255175576643386 -3.4015802635398527
46.602 0.14047164183356856 -3.399705930051304
46.624 0.13720289136763555 -3.3967605488550117
46.661 0.1317054474022043 -3.3918069532067032
46.678 0.12917959476943913 -3.3895309768277513
46.706 0.1250193669037064 -3.385782309850652
46.734 0.12085913903797472 -3.382033642873554
46.768 0.11580743377244332 -3.3774816901156486
46.791 0.11239010373987843 -3.3744024279558897
46.819 0.10822987587414569 -3.3706537609787905
46.85 0.10362390930851414 -3.366503451111289
46.878 0.09946368144278246 -3.3627547841341907
46.91 0.09470913531051799 -3.3584705933032217
46.939 0.09040032787815232 -3.354588045362655
46.968 0.08609152044578665 -3.3507054974220885
46.988 0.08311992911312162 -3.348027878152733
47.014 0.07925686038065581 -3.3445469731025694
47.05 0.07390799598185854 -3.3397272584177293
47.076 0.07004492724939274 -3.336246353367566
47.105 0.06573611981702811 -3.332363805427
47.131 0.0618730510845623 -3.3288829003768368
47.152 0.05875288018526328 -3.326071400144013
47.172 0.05578128885259824 -3.323393780874657
47.199 0.051769640553499495 -3.3197789948610263
47.225 0.04790657182103368 -3.3162980898108634
47.25 0.04419208265520186 -3.3129510657241688
47.274 0.040626173056002975 -3.3097379226009416
47.3 0.03676310432353822 -3.3062570175507795
47.318 0.03408867212413906 -3.3038471602083592
47.343 0.030374182958306184 -3.3005001361216633
47.373 0.025916795959308632 -3.29648370721763
47.4 0.021905147660209887 -3.292868921203999
47.427 0.01789349936111114 -3.2892541351903684
47.45 0.014476169328545192 -3.2861748730306086
47.473 0.011058839295980297 -3.28309561087085
47.498 0.0073443501301484766 -3.279748586784155
47.521 0.003927020097582527 -3.2766693246243954
47.546 0.00021253093175070724 -3.273322300537701
47.568 -0.003056219534181252 -3.2703769193414094
47.592 -0.006622129133380136 -3.267163776218182
47.616 -0.010188038732579022 -3.263950633094955
47.644 -0.014348266598310701 -3.2602019661178567
47.672 -0.01850849446404238 -3.2564532991407584
47.699 -0.022520142763141127 -3.2528385131271276
47.724 -0.026234631928972945 -3.249491489040433
47.753 -0.030543439361338617 -3.2456089410998663
47.777 -0.0341093489605375 -3.242395797976639
47.807 -0.03856673595953611 -3.238379369072605
47.826 -0.04138974772556821 -3.235835630766717
47.847 -0.04450991862486723 -3.233024130533893
47.877 -0.04896730562386584 -3.229007701629859
47.912 -0.054167590456030174 -3.224321867908486
47.94 -0.05832781832176186 -3.220573200931388
47.97 -0.06278520532076046 -3.216556772027354
47.989 -0.06560821708679256 -3.2140130337214656
48.008 -0.06843122885282571 -3.2114692954155766
48.029 -0.07155139975212474 -3.2086577951827526
48.06 -0.07615736631775628 -3.204507485315251
48.083 -0.07957469635032118 -3.2014282231554922
48.111 -0.08373492421605284 -3.1976795561783944
48.118 -0.08477498118248655 -3.196742389434119
48.142 -0.08834089078168544 -3.193529246310892
48.168 -0.0922039595141502 -3.19004834126073
48.191 -0.09562128954671614 -3.18696907910097
48.215 -0.09918719914591503 -3.183755935977743
48.247 -0.10394174527817951 -3.179471745146774
48.28 -0.10884487097707797 -3.1750536733523362
48.302 -0.11211362144300993 -3.172108292156045
48.325 -0.11553095147557588 -3.169029029996285
48.352 -0.11954259977467356 -3.165414243982655
48.383 -0.12414856634030616 -3.1612639341151527
48.4 -0.12667441897307133 -3.158987957736201
48.419 -0.12949743073910341 -3.1564442194303126
48.448 -0.13380623817146908 -3.152561671489746
48.477 -0.1381150456038337 -3.1486791235491802
48.505 -0.14227527346956642 -3.144930456572081
48.534 -0.14658408090193104 -3.1410479086315153
48.562 -0.1507443087676627 -3.137299241654417
48.593 -0.1553502753332953 -3.1331489317869146
48.631 -0.1609962988653595 -3.1280614551751387
48.651 -0.16396789019802557 -3.125383835905782
48.68 -0.1682766976303902 -3.1215012879652164
48.71 -0.1727340846293888 -3.1174848590611823
48.739 -0.17704289206175342 -3.1136023111206166
48.77 -0.181648858627386 -3.109452001253114
48.8 -0.18610624562638356 -3.105435572349081
48.828 -0.19026647349211628 -3.1016869053719818
48.862 -0.19531817875764768 -3.0971349526140766
48.887 -0.19903266792347948 -3.093787928527382
48.917 -0.2034900549224781 -3.089771499623348
48.946 -0.2077988623548427 -3.085888951682782
48.977 -0.21240482892047424 -3.0817386418152806
49.009 -0.21715937505273977 -3.0774544509843107
49.035 -0.22102244378520453 -3.0739735459341486
49.069 -0.22607414905073697 -3.0694215931762425
49.094 -0.22978863821656878 -3.066074569089548
49.127 -0.23469176391546726 -3.06165649729511
49.153 -0.238554832647932 -3.058175592244948
49.171 -0.24122926484733118 -3.055765734902528
49.189 -0.24390369704673034 -3.0533558775601075
49.201 -0.2456866518463298 -3.0517493059984937
49.23 -0.2499954592786944 -3.047866758057928
49.273 -0.25638438064392644 -3.0421098766288117
49.291 -0.25905881284332455 -3.0397000192863923
49.314 -0.2624761428758905 -3.0366207571266326
49.343 -0.26678495030825616 -3.032738209186066
49.373 -0.2712423373072537 -3.0287217802820328
49.403 -0.27569972430625234 -3.0247053513779987
49.429 -0.27956279303871817 -3.0212244463278353
49.462 -0.2844659187376166 -3.0168063745333975
49.489 -0.2884775670367143 -3.0131915885197675
49.515 -0.29234063576918007 -3.009710683469604
49.544 -0.2966494432015447 -3.0058281355290384
49.579 -0.3018497280337101 -3.001142301807665
49.61 -0.3064556945993416 -2.9969919919401633
49.632 -0.3097244450652735 -2.994046610743872
49.661 -0.3140332524976392 -2.9901640628033053
49.686 -0.31774774166347103 -2.9868170387166106
49.713 -0.32175938996256975 -2.98320225270298
49.743 -0.32621677696156837 -2.9791858237989457
49.772 -0.330525584393933 -2.97530327585838
49.801 -0.33483439182629865 -2.9714207279178133
49.832 -0.3394403583919302 -2.9672704180503118
49.858 -0.343303427124395 -2.9637895130001497
49.888 -0.3477608141233936 -2.9597730840961156
49.909 -0.3508809850226926 -2.9569615838632917
49.939 -0.3553383720216912 -2.9529451549592576
49.961 -0.35860712248762316 -2.949999773762966
49.98 -0.3614301342536553 -2.947456035457078
50.004 -0.36499604385285417 -2.9442428923338504
50.035 -0.3696020104184857 -2.940092582466349
50.073 -0.37524803395055095 -2.935005105854572
50.093 -0.37821962528321706 -2.9323274865852156
50.11 -0.38074547791598223 -2.9300515102062636
50.139 -0.3850542853483479 -2.926168962265697
50.168 -0.3893630927807125 -2.9222864143251313
50.201 -0.394266218479611 -2.917868342530694
50.225 -0.3978321280788099 -2.9146551994074668
50.258 -0.40273525377770836 -2.910237127613029
50.285 -0.406746902076806 -2.906622341599399
50.314 -0.4110557095091717 -2.9027397936588324
50.343 -0.41536451694153737 -2.8988572457182658
50.37 -0.41937616524063503 -2.895242459704636
50.401 -0.42398213180626765 -2.8910921498371334
50.43 -0.42829093923863226 -2.8872096018965676
50.46 -0.4327483262376309 -2.8831931729925335
50.489 -0.4370571336699955 -2.8793106250519678
50.52 -0.4416631002356281 -2.875160315184465
50.549 -0.4459719076679927 -2.871277767243899
50.577 -0.4501321355337244 -2.867529100266801
50.607 -0.454589522532723 -2.8635126713627668
50.641 -0.4596412277982544 -2.8589607186048616
50.666 -0.46335571696408623 -2.855613694518167
50.697 -0.46796168352971884 -2.8514633846506645
50.73 -0.47286480922861623 -2.847045312856228
50.753 -0.4762821392611822 -2.8439660506964684
50.786 -0.4811852649600806 -2.8395479789020306
50.816 -0.48564265195907924 -2.8355315499979965
50.844 -0.4898028798248109 -2.831782883020898
50.876 -0.4945574259570754 -2.827498692189929
50.909 -0.49946055165597386 -2.823080620395492
50.932 -0.5028778816885399 -2.820001358235732
50.961 -0.5071866891209045 -2.8161188102951664
50.991 -0.511644076119903 -2.8121023813911323
51.016 -0.5153585652857349 -2.8087553573044377
51.043 -0.5193702135848336 -2.805140571290807
51.073 -0.5238276005838322 -2.8011241423867728
51.097 -0.527393510183031 -2.7979109992635456
51.123 -0.5312565789154958 -2.7944300942133835
51.155 -0.5360111250477614 -2.7901459033824136
51.183 -0.540171352913493 -2.7863972364053153
51.213 -0.5446287399124916 -2.7823808075012813
51.245 -0.5493832860447561 -2.7780966166703123
51.273 -0.5535435139104888 -2.774347949693213
51.301 -0.5577037417762205 -2.7705992827161148
51.323 -0.5609724922421525 -2.7676539015198234
51.353 -0.5654298792411511 -2.7636374726157893
51.388 -0.5706301640733153 -2.7589516388944166
51.413 -0.5743446532391472 -2.755604614807722
51.442 -0.5786534606715129 -2.7517220668671554
51.471 -0.5829622681038775 -2.7478395189265896
51.504 -0.587865393802776 -2.743421447132152
51.522 -0.5905398260021751 -2.7410115897897316
51.552 -0.5949972130011737 -2.7369951608856975
51.581 -0.5993060204335394 -2.733112612945131
51.605 -0.6028719300327372 -2.7298994698219046
51.637 -0.6076264761650028 -2.7256152789909347
51.668 -0.6122324427306343 -2.721464969123433
51.696 -0.6163926705963659 -2.717716302146335
51.728 -0.6211472167286315 -2.7134321113153645
51.756 -0.6253074445943632 -2.7096834443382662
51.785 -0.6296162520267278 -2.7058008963977005
51.812 -0.6336279003258265 -2.7021861103840696
51.844 -0.6383824464580921 -2.6979019195530998
51.872 -0.6425426743238237 -2.6941532525760015
51.896 -0.6461085839230226 -2.6909401094527743
51.926 -0.6505659709220212 -2.68692368054874
51.958 -0.6553205170542856 -2.682639489717771
51.986 -0.6594807449200173 -2.678890822740673
52.015 -0.6637895523523829 -2.6750082748001063
52.047 -0.6685440984846474 -2.6707240839691373
52.075 -0.6727043263503801 -2.666975416992038
52.111 -0.6780531907491775 -2.6621557023071984
52.136 -0.6817676799150103 -2.6588086782205025
52.166 -0.6862250669140079 -2.6547922493164693
52.197 -0.6908310334796405 -2.650641939448967
52.221 -0.6943969430788383 -2.6474287963257406
52.252 -0.6990029096444709 -2.643278486458238
52.281 -0.7033117170768355 -2.6393959385176724
52.306 -0.7070262062426673 -2.6360489144309778
52.334 -0.7111864341084001 -2.6323002474538786
52.363 -0.7154952415407647 -2.628417699513313
52.394 -0.7201012081063962 -2.6242673896458113
52.422 -0.7242614359721279 -2.620518722668713
52.452 -0.7287188229711264 -2.616502293764679
52.481 -0.7330276304034922 -2.6126197458241123
52.511 -0.7374850174024907 -2.6086033169200777
52.539 -0.7416452452682224 -2.6048546499429794
52.568 -0.745954052700587 -2.6009721020024137
52.598 -0.7504114396995856 -2.5969556730983796
52.631 -0.7553145653984841 -2.592537601303942
52.657 -0.7591776341309489 -2.5890566962537798
52.688 -0.7637836006965815 -2.5849063863862773
52.715 -0.7677952489956802 -2.5812916003726465
52.741 -0.771658317728145 -2.5778106953224844
52.767 -0.7755213864606108 -2.574329790272321
52.792 -0.7792358756264426 -2.5709827661856264
52.816 -0.7828017852256415 -2.567769623062399
52.844 -0.7869620130913731 -2.564020956085301
52.878 -0.7920137183569046 -2.5594690033273957
52.904 -0.7958767870893705 -2.5559880982772323
52.933 -0.8001855945217351 -2.5521055503366665
52.965 -0.8049401406540007 -2.5478213595056967
52.992 -0.8089517889530984 -2.5442065734920667
53.023 -0.813557755518731 -2.5400562636245643
53.049 -0.8174208242511958 -2.536575358574402
53.082 -0.8223239499500943 -2.5321572867799644
53.114 -0.8270784960823587 -2.5278730959489955
53.143 -0.8313873035147245 -2.523990548008429
53.172 -0.8356961109470891 -2.520108000067863
53.2 -0.8398563388128218 -2.516359333090764
53.233 -0.8447594645117192 -2.5119412612963274
53.261 -0.848919692377452 -2.5081925943192283
53.289 -0.8530799202431837 -2.50444392734213
53.318 -0.8573887276755483 -2.500561379401564
53.348 -0.8618461146745469 -2.49654495049753
53.377 -0.8661549221069126 -2.4926624025569635
53.405 -0.8703151499726444 -2.488913735579865
53.435 -0.8747725369716429 -2.484897306675831
53.465 -0.8792299239706415 -2.480880877771797
53.495 -0.883687310969639 -2.476864448867764
53.525 -0.8881446979686377 -2.4728480199637297
53.556 -0.8927506645342692 -2.468697710096228
53.582 -0.896613733266735 -2.4652168050460648
53.611 -0.9009225406990996 -2.4613342571054995
53.642 -0.9055285072647322 -2.457183947237997
53.674 -0.9102830533969967 -2.452899756407028
53.7 -0.9141461221294624 -2.4494188513568647
53.73 -0.91860350912846 -2.4454024224528315
53.765 -0.9238037939606254 -2.440716588731458
53.788 -0.9272211239931903 -2.437637326571699
53.818 -0.9316785109921889 -2.433620897667665
53.846000000000004 -0.9358387388579217 -2.429872230690566
53.872 -0.9397018075903865 -2.4263913256404037
53.893 -0.9428219784896855 -2.4235798254075798
53.923 -0.9472793654886841 -2.4195633965035457
53.954 -0.9518853320543156 -2.415413086636044
53.985 -0.9564912986199471 -2.4112627767685426
54.011 -0.9603543673524129 -2.407781871718379
54.04 -0.9646631747847775 -2.4038993237778135
54.074 -0.9697148800503089 -2.3993473710199082
54.099 -0.9734293692161408 -2.3960003469332136
54.132 -0.9783324949150392 -2.3915822751387763
54.155 -0.9817498249476051 -2.3885030129790166
54.185 -0.9862072119466037 -2.3844865840749825
54.224 -0.9920018150453007 -2.379265226499739
54.241 -0.994527667678067 -2.3769892501207863
54.269 -0.9986878955437987 -2.373240583143688
54.296 -1.0026995438428974 -2.369625797130057
54.327 -1.0073055104085291 -2.365475487262555
54.356 -1.0116143178408947 -2.3615929393219885
54.385 -1.0159231252732595 -2.357710391381423
54.411 -1.0197861940057253 -2.3542294863312594
54.443 -1.0245407401379898 -2.3499452955002904
54.469 -1.0284038088704557 -2.346464390450127
54.503 -1.0334555141359871 -2.3419124376922222
54.526 -1.036872844168553 -2.3388331755324625
54.552 -1.0407359129010179 -2.3353522704823004
54.576 -1.0443018225002167 -2.3321391273590732
54.607 -1.0489077890658483 -2.3279888174915717
54.635 -1.05306801693158 -2.3242401505144734
54.66 -1.0567825060974119 -2.320893126427779
54.688 -1.0609427339631445 -2.3171444594506796
54.717 -1.065251541395509 -2.313261911510114
54.741 -1.068817450994708 -2.3100487683868867
54.761 -1.071789042327374 -2.30737114911753
54.781 -1.074760633660039 -2.3046935298481745
54.805 -1.078326543259238 -2.301480386724947
54.833 -1.0824867711249697 -2.2977317197478486
54.863 -1.0869441581239683 -2.2937152908438145
54.893 -1.0914015451229668 -2.2896988619397804
54.92 -1.0954131934220654 -2.2860840759261496
54.954 -1.100464898687597 -2.2815321231682444
54.981 -1.1044765469866957 -2.2779173371546135
55.009 -1.1086367748524275 -2.2741686701775152
55.042 -1.113539900551326 -2.2697505983830775
55.065 -1.1169572305838908 -2.2666713362233186
55.091 -1.1208202993163567 -2.263190431173155
55.117 -1.1246833680488215 -2.259709526122993
55.142 -1.1283978572146545 -2.256362502036297
55.171 -1.1327066646470192 -2.2524799540957314
55.201 -1.1371640516460177 -2.2484635251916973
55.216 -1.139392745145517 -2.2464553107396803
55.242 -1.1432558138779818 -2.2429744056895182
55.27 -1.1474160417437145 -2.239225738712419
55.295 -1.1511305309095463 -2.2358787146257244
55.325 -1.155587917908545 -2.23186228572169
55.353 -1.1597481457742769 -2.2281136187445916
55.456 -1.175051841137505 -2.214323879507408
55.556 -1.1899097978008324 -2.2009357831606287
55.654 -1.2044705953308947 -2.1878154487407837
55.754 -1.2193285519942219 -2.1744273523940048
55.796 -1.22556889379282 -2.168804351928357
55.881 -1.2381981569566491 -2.1574244700335936
55.993 -1.254839068419577 -2.1424298021251995
56.044 -1.2624166263178735 -2.1356018729883424
56.141 -1.276828844281302 -2.1226154195319653
56.239 -1.2913896418113633 -2.1094950851121212
56.272 -1.2962927675102618 -2.1050770133176835
56.371 -1.3110021446069573 -2.0918227979343706
56.469 -1.3255629421370188 -2.078702463514526
56.56 -1.3390836827006474 -2.0665192958389564
56.658 -1.3536444802307088 -2.0533989614191124
56.734 -1.3649365272948384 -2.0432240081955593
56.827 -1.3773726370220434 -2.0320181715533048
56.93 -1.389615593312626 -2.020986380163558
56.97 -1.3937758211783577 -2.01723771318646
57.066 -1.4051867318957942 -2.0069556551921326
57.168 -1.4188263361127291 -1.994665382745789
57.246 -1.4304155423101255 -1.9842226675953
57.345 -1.4451249194068196 -1.9709684522119884
57.436 -1.4586456599704483 -1.9587852845364184
57.462 -1.4625087287029142 -1.9553043794862552
57.534 -1.4732064575005097 -1.9456649501165744
57.636 -1.488361573297105 -1.9320090918428583
57.721000000000004 -1.500990836460934 -1.920629209948095
57.808 -1.5139172587580287 -1.9089815661263971
57.868 -1.5228320327560259 -1.9009487083183287
57.969 -1.537838568985987 -1.887426731008081
58.07 -1.5528451052159482 -1.8739047536978335
58.171 -1.5678516414459094 -1.860382776387586
58.27 -1.5825610185426047 -1.8471285610042734
58.368 -1.597121816072666 -1.834008226584429
58.401 -1.6015346292016746 -1.8300319619694352
58.487 -1.6143124719321365 -1.8185181991112045
58.589 -1.6294675877287306 -1.8048623408374895
58.687 -1.644028385258792 -1.7917420064176452
58.778 -1.6575491258224206 -1.7795588387420753
58.878 -1.6724070824857489 -1.766170742395295
58.953 -1.6824362032334956 -1.7571337773612181
59.038 -1.6925396137645579 -1.7480298718454084
59.144 -1.7035642176087475 -1.7380959043560975
59.231 -1.7113200709870053 -1.7311073180630783
59.322 -1.7180804412688198 -1.7250157342252934
59.419 -1.7238453284541908 -1.7198211528427432
59.505 -1.7276786812733296 -1.7163670239852737
59.601 -1.7305190267601591 -1.7137828559819144
59.699 -1.731949357769388 -1.7124428447046516
59.799 -1.731949357769388 -1.7124428447046516
59.889 -1.731949357769388 -1.7124428447046516
59.983 -1.731949357769388 -1.7124428447046516
60.012 -1.731949357769388 -1.7124428447046516
60.046 -1.731949357769388 -1.7124428447046516
60.07 -1.731949357769388 -1.7124428447046516
60.165 -1.731949357769388 -1.7124428447046516
60.25 -1.731949357769388 -1.7124428447046516
60.342 -1.731949357769388 -1.7124428447046516
60.417 -1.731949357769388 -1.7124428447046516
60.516 -1.731949357769388 -1.7124428447046516
60.615 -1.731949357769388 -1.7124428447046516
60.712 -1.731949357769388 -1.7124428447046516
60.808 -1.731949357769388 -1.7124428447046516
60.899 -1.731949357769388 -1.7124428447046516
61.0 -1.7317166691265122 -1.7104365075198342
61.086 -1.7311757367061982 -1.7070394756960297
61.185 -1.73005418353979 -1.7012065411891153
61.286 -1.7283310681251067 -1.6933125527585022
61.378 -1.7262371669405738 -1.6843540383260218
61.408 -1.7254016947563446 -1.6808523264261963
61.438 -1.7244269772080774 -1.6767669958763998
61.467 -1.723350146392849 -1.6722536783166253
61.498 -1.722055164507294 -1.666826024871896
61.53 -1.72056988062422 -1.6606007592722056
61.56 -1.7191774269838382 -1.6547645727724962
61.585 -1.718017048950187 -1.6499010840227388
61.606 -1.7170423314019196 -1.6458157534729423
61.625 -1.7161604440963447 -1.6421195020231267
61.655 -1.714767990455963 -1.6362833155234173
61.746 -1.7105442144134717 -1.6185802164742993
61.83 -1.706645344220403 -1.6022388942751145
61.925 -1.7022359076925275 -1.5837576370260356
62.001 -1.6987083584702272 -1.5689726312267722
62.025 -1.6975943955579218 -1.5643036820270046
62.127 -1.6928600531806237 -1.5444606479279928
62.228 -1.6881721259246718 -1.5248121533789722
62.242 -1.687522314225827 -1.5220885996791087
62.338 -1.6830664625766054 -1.5034128028800386
62.44 -1.6783321201993078 -1.483569768781028
62.455 -1.677635893379117 -1.4806516755311734
62.547 -1.6733657022152797 -1.4627540369320655
62.636 -1.6692347564154801 -1.4454400169829271
62.73 -1.664871735008951 -1.4271532992838396
62.828 -1.660323053117037 -1.4080884233847883
62.923 -1.6559136165891615 -1.3896071661357094
62.953 -1.6545211629487797 -1.383770979636
62.978 -1.6533607849151284 -1.3789074908862426
62.996 -1.6525253127308992 -1.375405778986417
63.027 -1.6510864439691715 -1.3693750529367177
63.057 -1.6496939903287897 -1.3635388664370083
63.083 -1.6484871971737924 -1.358480838137261
63.109 -1.6472804040187947 -1.3534228098375125
63.138 -1.6459343654997591 -1.3477811628877943
63.162 -1.6448204025874538 -1.3431122136880267
63.191 -1.643474364068418 -1.337470566738307
63.218 -1.6422211557920743 -1.3322179988885685
63.248 -1.6408287021516927 -1.3263818123888604
63.277 -1.639482663632657 -1.3207401654391409
63.314 -1.6377653041428528 -1.3135422020894998
63.338 -1.6366513412305475 -1.3088732528897322
63.368 -1.6352588875901657 -1.3030370663900228
63.397 -1.63391284907113 -1.2973954194403046
63.425 -1.6326132256734407 -1.2919483120405761
63.456 -1.6311743569117125 -1.2859175859908756
63.485 -1.629828318392677 -1.2802759390411573
63.515 -1.6284358647522952 -1.274439752541448
63.544 -1.6270898262332596 -1.2687981055917297
63.571 -1.625836617956916 -1.2635455377419913
63.6 -1.6244905794378801 -1.2579038907922717
63.62 -1.6235622770109592 -1.2540130997924663
63.651 -1.622123408249231 -1.2479823737427658
63.68 -1.6207773697301955 -1.2423407267930475
63.708 -1.6194777463325059 -1.2368936193933193
63.737 -1.61813170781347 -1.2312519724435997
63.765 -1.6168320844157804 -1.2258048650438715
63.794 -1.6154860458967448 -1.2201632180941533
63.824 -1.614093592256363 -1.2143270315944439
63.854 -1.6127011386159813 -1.2084908450947345
63.888 -1.6111230244902153 -1.2018765003950642
63.912 -1.61000906157791 -1.1972075511952966
63.941 -1.608663023058874 -1.191565904245577
63.97 -1.6073169845398385 -1.1859242572958588
63.999 -1.6059709460208027 -1.1802826103461392
64.029 -1.6045784923804212 -1.1744464238464312
64.051 -1.6035573597108077 -1.1701665537466432
64.072 -1.6025826421625404 -1.1660812231968467
64.1 -1.6012830187648512 -1.1606341157971198
64.128 -1.5999833953671614 -1.15518700839739
64.157 -1.5986373568481258 -1.1495453614476718
64.184 -1.5973841485717821 -1.1442927935979335
64.208 -1.5962701856594768 -1.1396238443981659
64.239 -1.5948313168977486 -1.1335931183484653
64.269 -1.5934388632573668 -1.127756931848756
64.3 -1.5919999944956393 -1.121726205799058
64.328 -1.5907003710979495 -1.1162790983993283
64.358 -1.5893079174575677 -1.1104429118996189
64.381 -1.5882403696666085 -1.1059685022498427
64.407 -1.5870335765116113 -1.1009104739500954
64.441 -1.585455462385845 -1.0942961292504239
64.463 -1.5844343297162322 -1.0900162591506388
64.492 -1.583088291197196 -1.084374612200918
64.508 -1.5823456492556593 -1.081261979401075
64.528 -1.5814173468287378 -1.0773711884012669
64.547 -1.580535459523163 -1.0736749369514529
64.565 -1.579699987338934 -1.0701732250516272
64.593 -1.578400363941244 -1.0647261176518974
64.626 -1.576868664936824 -1.058306312502217
64.659 -1.575336965932404 -1.0518865073525365
64.684 -1.5741765878987528 -1.0470230186027805
64.714 -1.5727841342583708 -1.041186832103071
64.744 -1.571391680617989 -1.0353506456033617
64.762 -1.5705562084337599 -1.031848933703536
64.837 -1.5670750743328055 -1.0172584674542626
64.935 -1.5625263924408916 -0.9981935915552129
65.033 -1.5579777105489778 -0.9791287156561632
65.124 -1.5537539345064868 -0.9614256166070465
65.208 -1.5498550643134177 -0.9450842944078602
65.307 -1.5457194770014837 -0.9277508205037234
65.336 -1.5446426461862552 -0.9232375029439488
65.43 -1.5407159269203783 -0.9067794570147675
65.514 -1.5368170567273098 -0.890438134815584
65.591 -1.5332430923836635 -0.8754585894663308
65.684 -1.52892648609848 -0.8573664113172317
65.765 -1.525166861269449 -0.8416087077680163
65.784 -1.5242849739638735 -0.8379124563181994
65.811 -1.5230317656875298 -0.832659888468461
65.842 -1.5215928969258024 -0.826629162418763
65.875 -1.5200611979213823 -0.8202093572690827
65.914 -1.5182510081888858 -0.8126223148194606
65.934 -1.517322705761965 -0.8087315238196552
65.964 -1.5159302521215832 -0.8028953373199458
65.994 -1.5145377984812014 -0.7970591508202364
66.022 -1.5132381750835115 -0.7916120434205067
66.051 -1.511892136564476 -0.7859703964707886
66.081 -1.5104996829240942 -0.7801342099710792
66.1 -1.5096177956185195 -0.7764379585212651
66.142 -1.507668360521985 -0.7682672974216719
66.169 -1.5064151522456413 -0.7630147295719334
66.192 -1.505347604454682 -0.7585403199221571
66.28 -1.5012630737762285 -0.7414208395230086
66.38 -1.496621561641623 -0.7219668845239792
66.389 -1.4962038255495085 -0.7202160285740663
66.481 -1.4919336343856713 -0.7023183899749584
66.575 -1.4875706129791415 -0.684031672275868
66.673 -1.4830219310872277 -0.6649667963768183
66.769 -1.4785660794380058 -0.6462909995777483
66.863 -1.4742030580314764 -0.6280042818786606
66.888 -1.4730426799978247 -0.6231407931289019
66.907 -1.47216079269225 -0.6194445416790878
66.935 -1.4708611692945601 -0.6139974342793582
66.963 -1.469561545896871 -0.6085503268796313
66.993 -1.4681690922564892 -0.6027141403799219
67.077 -1.4642702220634203 -0.5863728181807356
67.172 -1.4598607855355448 -0.5678915609316568
67.256 -1.4559619153424759 -0.5515502387324706
67.348 -1.4516917241786385 -0.5336526001333627
67.451 -1.4469109666799946 -0.5136150264843623
67.556 -1.4420373789386582 -0.49318837373537944
67.656 -1.437395866804052 -0.4737344187363472
67.75 -1.4330328453975227 -0.4554477010372596
67.751 -1.432991071788311 -0.4552726154422675
67.777 -1.4317842786333137 -0.4502145871425203
67.8 -1.4307167308423545 -0.44574017749274397
67.825 -1.4295563528087027 -0.44087668874298525
67.855 -1.428163899168321 -0.43504050224327584
67.884 -1.4268178606492854 -0.4293988552935577
67.914 -1.4254254070089034 -0.4235626687938483
67.932 -1.4245899348246742 -0.4200609568940227
67.955 -1.423522387033715 -0.4155865472442464
67.982 -1.4222691787573714 -0.41033397939450794
68.011 -1.4209231402383358 -0.4046923324447898
68.041 -1.419530686597954 -0.3988561459450804
68.07 -1.4181846480789184 -0.39321449899536226
68.1 -1.4167921944385367 -0.38737831249565285
68.132 -1.4153069105554623 -0.38115304689596097
68.233 -1.4106189832995104 -0.3615045523469403
68.329 -1.4061631316502894 -0.342828755547873
68.333 -1.405977471164905 -0.3420505973479108
68.432 -1.401382374151645 -0.3227911818988698
68.53 -1.3968336922597313 -0.30372630599982003
68.631 -1.3921457650037794 -0.28407781145079936
68.734 -1.3873650075051356 -0.26404023780179897
68.82 -1.3833733070693748 -0.24730983650263297
68.851 -1.3819344383076466 -0.24127911045293235
68.881 -1.3805419846672649 -0.23544292395322294
68.911 -1.379149531026883 -0.22960673745351357
68.94 -1.3778034925078475 -0.2239650905037954
68.971 -1.3763646237461193 -0.21793436445409478
68.997 -1.375157830591122 -0.21287633615434756
69.026 -1.3738117920720865 -0.2072346892046294
69.055 -1.3724657535530502 -0.20159304225490848
69.086 -1.3710268847913227 -0.1955623162052106
69.112 -1.3698200916363252 -0.1905042879054634
69.14 -1.3685204682386354 -0.1850571805057337
69.168 -1.3672208448409455 -0.179610073106004
69.197 -1.36587480632191 -0.17396842615628583
69.221 -1.3647608434096046 -0.1692994769565183
69.244 -1.3636932956186454 -0.16482506730674204
69.271 -1.3624400873423017 -0.15957249945700358
69.302 -1.3610012185805735 -0.15354177340730293
69.396 -1.3566381971740444 -0.13525505570821533
69.499 -1.3518574396754006 -0.11521748205921492
69.591 -1.3475872485115634 -0.09731984346010703
69.688 -1.3430849817409953 -0.07844950711104573
69.786 -1.3385362998490817 -0.05938463121199596
69.873 -1.334901995847685 -0.04415218444775444
69.968 -1.3313744466253847 -0.02936717864849138
70.064 -1.32825535047093 -0.01629412088914427
70.161 -1.3255539904085891 -0.004971919079707489
70.256 -1.3233492721446514 0.004268709544831927
70.341 -1.3217711580188853 0.010883054244501839
70.411 -1.3207964404706178 0.014968384794298694
70.5 -1.319970251310658 0.018431188784126085
70.597 -1.3195200246336012 0.020318222419031938
70.69 -1.3195200246336012 0.02031822241903194
70.72 -1.3195200246336012 0.02031822241903194
