1.85 0.9998644993218107 -0.499999999068551
1.9 0.9998820315139441 -0.4999999990684804
1.9500000000000002 0.9998969530588157 -0.4999999990683863
2.0 0.9999092652707194 -0.4999999990682901
2.05 0.9999189691889937 -0.499999999068205
2.1 0.9999260656039339 -0.49999999906813886
2.15 0.9999305550773042 -0.49999999906809633
2.2 0.9999324379573822 -0.49999999906808024
2.25 0.9999317143884956 -0.4999999990680926
2.3 0.9999283843150223 -0.49999999906813475
2.35 0.9999224474798396 -0.49999999906820725
2.4 0.999913903417214 -0.49999999906831083
2.45 0.9999027514401093 -0.49999999906844406
2.5 0.9998889906218987 -0.4999999990686082
2.55 0.9998726197724565 -0.4999999990688039
2.6 0.9998536374086051 -0.4999999990690294
2.65 0.9998320417188877 -0.49999999906928483
2.7 0.9998066042841715 -0.4999999990734167
2.75 0.9997755404464727 -0.4999999990290702
2.8 0.999750061179396 -0.4999999988582223
2.85 0.99975223065901 -0.49999999873103096
2.9 0.9997742095299083 -0.4999999987309953
2.95 0.9997935743618902 -0.49999999873086576
3.0 0.9998103270335386 -0.49999999873069856
3.05 0.9998244690872553 -0.4999999987305268
3.1 0.9998360017652989 -0.49999999873036993
3.15 0.9998449260401877 -0.4999999987302399
3.2 0.9998512426394839 -0.49999999873014506
3.25 0.9998549520649643 -0.4999999987300902
3.3 0.9998560426416871 -0.49999999873007606
3.35 0.9998545503485128 -0.4999999987301074
3.4 0.9998504391754376 -0.49999999873018364
3.45 0.9998437207654928 -0.4999999987303039
3.5 0.9998343945834417 -0.4999999987304696
3.55 0.9998224598659264 -0.4999999987306813
3.6 0.9998079156014976 -0.4999999987309395
3.65 0.9997907605050111 -0.4999999987312429
3.7 0.9997709929863653 -0.49999999873159123
3.75 0.9997486111135507 -0.49999999873198553
3.8 0.9997134743007069 -0.49999999874147993
3.85 0.9996760740577859 -0.4999999986540413
3.9 0.9996463637516023 -0.49999999845076437
3.95 0.9996693063803515 -0.4999999984506738
4.0 0.9996896339571774 -0.4999999984504686
4.05 0.9997073484979608 -0.4999999984502188
4.1 0.9997224516686439 -0.499999998449964
4.15 0.9997349448225357 -0.4999999984497321
4.2 0.99974482903231 -0.49999999844953735
4.25 0.9997521051165655 -0.4999999984493892
4.3 1.0002663680335646 -0.4999999978459111
4.35 1.00126763458307 -0.49999999679811385
4.4 1.0029957135238385 -0.4999999949418668
4.45 1.005780342716589 -0.4999999911318174
4.5 1.0087931808318549 -0.4999999854007723
4.55 1.0126907048210585 -0.49999997492203074
4.6 1.0167045250318263 -0.49999996003460134
4.65 1.0221585871907655 -0.4999999326864478
4.7 1.0283674351714391 -0.49999989195143757
4.75 1.0354339851025867 -0.4999998328039532
4.8 1.0391625662781725 -0.4999998057085762
4.85 1.0396743746736317 -0.49999980037900654
4.9 1.0403057455930838 -0.49999979008675816
4.95 1.0486892312741933 -0.49999970849336556
5.0 1.0586956495614257 -0.4999996334220658
5.05 1.0687094467027833 -0.4999995703043341
5.1 1.078720631842167 -0.49999951714434027
5.15 1.088729205975496 -0.4999994718651542
5.2 1.0987351698432655 -0.4999994323900673
5.25 1.108738523948758 -0.4999993966425813
5.3 1.118739268570744 -0.4999993625463448
5.35 1.128737403770635 -0.4999993280250537
5.4 1.1387329293940724 -0.4999992910023302
5.45 1.1487258450669313 -0.4999992494015943
5.5 1.1587161501857177 -0.49999920114592966
5.55 1.1687038439023825 -0.49999914415795116
5.6 1.1786889251034602 -0.4999990763596778
5.65 1.188671392383617 -0.49999899567241624
5.7 1.1975783332931895 -0.49999892487991926
5.75 1.19879187386628 -0.4999989121218845
5.8 1.2020420045111113 -0.4999988657205818
5.85 1.2120541882510154 -0.499998776304149
5.9 1.2220637573306978 -0.4999986955565958
5.95 1.2320707126394412 -0.49999862140034274
6.0 1.2420750548088313 -0.4999985517574087
6.05 1.252076784226599 -0.49999848454960855
6.1 1.2620759010452738 -0.4999984176986176
6.15 1.272072405185523 -0.49999834912595237
6.2 1.2820662963340128 -0.49999827675290165
6.25 1.2920575739357751 -0.4999981985004371
6.3 1.3020462371809514 -0.49999811228910507
6.35 1.311361238777205 -0.4999980340779426
6.4 1.3132608976346352 -0.4999980154148897
6.45 1.3215076470890719 -0.4999979241079838
6.5 1.3315130855843476 -0.4999978333931289
6.55 1.341515909274694 -0.4999977459830727
6.6 1.3515161184174058 -0.4999976597987073
6.65 1.3615137130286679 -0.49999757276057266
6.7 1.371508692883123 -0.49999748278889083
6.75 1.3815010575082058 -0.49999738780353775
6.8 1.3863823627533352 -0.49999734558703496
6.85 1.3956806422678376 -0.4999972479894092
6.9 1.4056811804375307 -0.4999971518970986
6.95 1.4156791031071312 -0.4999970552119164
7.0 1.4236489035300113 -0.49999698007294263
7.05 1.4332550303421727 -0.49999688094102906
7.1 1.442888646773375 -0.4999967904402138
7.15 1.4528886415080116 -0.49999669085942877
7.2 1.4628886379903172 -0.49999659126231394
7.25 1.4728886355299582 -0.49999649165074717
7.3 1.482888633709286 -0.49999639202586205
7.35 1.4928886322756276 -0.4999962923883474
7.4 1.5028886310761045 -0.4999961927386179
7.45 1.5128886300182418 -0.49999609307692494
7.5 1.5228886290460761 -0.4999959934034207
7.55 1.5328886281257634 -0.499995893718196
7.6 1.5428886272368192 -0.4999957940213075
7.65 1.5528886263668535 -0.499995694312789
7.7 1.5628886255083683 -0.499995594592661
7.75 1.5728886246568279 -0.4999954948609343
7.8 1.582888623809493 -0.49999539511761804
7.85 1.5928886229646992 -0.4999952953627162
7.9 1.6028886221214425 -0.4999951955962311
7.95 1.6128886212823255 -0.49999509581825274
8.0 1.6228886204522373 -0.4999949960290298
8.05 1.632888619628159 -0.4999948962285833
8.1 1.6428886188077183 -0.4999947964169141
8.15 1.6528886179894786 -0.4999946965940235
8.2 1.6628886171725699 -0.4999945967599113
8.25 1.6728886163564654 -0.49999449691457876
8.3 1.6828886155408427 -0.4999943970580248
8.35 1.6928886147255056 -0.49999429719025157
8.4 1.7028886139103419 -0.49999419731125677
8.45 1.7128886130952927 -0.4999940974210429
8.5 1.7228886122802964 -0.4999939975196067
8.55 1.732888611465358 -0.4999938976069557
8.6 1.7428886106504333 -0.49999379768308205
8.65 1.7528886102490566 -0.49999369774945635
8.7 1.762888610252676 -0.4999935978145167
8.75 1.7728886102548282 -0.4999934978796014
8.8 1.7828886102560526 -0.49999339794470504
8.85 1.7928886102566925 -0.49999329800982273
8.9 1.8028886102569546 -0.49999319807495196
8.95 1.8128886102569728 -0.49999309814009013
9.0 1.822888610256835 -0.49999299820523546
9.05 1.8328886102565876 -0.4999928982703865
9.1 1.84288861025627 -0.49999279833554144
9.15 1.8528886102559008 -0.49999269840070054
9.2 1.8628886102554962 -0.4999925984658625
9.25 1.8728886102550648 -0.4999924985310258
9.3 1.882498610863815 -0.49999240249541926
9.35 1.891513611652075 -0.4999923124171754
9.4 1.9014086108234407 -0.4999922135460956
9.45 1.9114086102286825 -0.4999921136138889
9.5 1.921408610232494 -0.49999201367874946
9.55 1.931408610234805 -0.49999191374364055
9.6 1.9414086102361658 -0.49999181380855495
9.65 1.9514086102369093 -0.4999917138734871
9.7 1.9614086102372523 -0.49999161393843333
9.75 1.9714086102373378 -0.4999915140033903
9.8 1.9814086102372492 -0.49999141406835584
9.85 1.9910786107948992 -0.49999131743251246
9.9 2.0000786116300002 -0.4999912275030555
9.95 2.0085686125950604 -0.4999911426794244
10.0 2.016568613424657 -0.49999106276205246
10.05 2.024487614234581 -0.4999909836631561
10.1 2.032487615071666 -0.4999909037638534
10.15 2.040977614936742 -0.4999908189784802
10.2 2.049977614205074 -0.4999907290902431
10.25 2.059647613082833 -0.49999063249902315
10.3 2.0696476123276257 -0.49999053259809434
10.35 2.079647611558092 -0.4999904326866255
10.4 2.089647610777841 -0.49999033276446575
10.45 2.0996476103938995 -0.49999023283294114
10.5 2.1096476103993265 -0.4999901329001858
10.55 2.119647610402715 -0.4999900329674766
10.6 2.129647610404803 -0.49998993303480227
10.65 2.1396476104060445 -0.4999898331021559
10.7 2.149647610406746 -0.4999897331695306
10.75 2.1596476104070823 -0.4999896332369216
10.8 2.169647610407175 -0.4999895333043254
10.85 2.1796476104071036 -0.49998943337173823
10.9 2.1896476104069165 -0.4999893334391589
10.95 2.199647610406645 -0.499989233506585
11.0 2.2096476104063143 -0.4999891335740166
11.05 2.219647610405942 -0.49998903364145164
11.1 2.22964761040554 -0.49998893370889014
11.15 2.2396476104051164 -0.4999888337763314
11.2 2.249647610404677 -0.49998873384377396
11.25 2.259457610840253 -0.4999886358104414
11.3 2.268457611681187 -0.49998854588174824
11.35 2.2771476126487307 -0.49998845906039724
11.4 2.285147613477193 -0.4999883791437464
11.45 2.2926976144445503 -0.4999883037309209
11.5 2.2997426151875895 -0.49998823337231296
11.55 2.3076876159226054 -0.4999881540325498
11.6 2.3159176160315043 -0.49998807185535316
11.65 2.324917615248955 -0.49998798198094546
11.7 2.3342476140031874 -0.4999878888000691
11.75 2.344247613267138 -0.4999877889121498
11.8 2.3542476125120984 -0.4999876890139054
11.85 2.3642476117428837 -0.4999875891051373
11.9 2.3742476109630024 -0.4999874891856893
11.95 2.384226610768109 -0.499987389467107
12.0 2.393317611679732 -0.4999872986285915
12.05 2.4017184581963726 -0.49998884316803655
12.1 2.4098181776707523 -0.5000008682462415
12.15 2.41730515995883 -0.5000324073490471
12.2 2.424574036496384 -0.5000924357234284
12.25 2.431269699896618 -0.5001851461564566
12.3 2.437702260205661 -0.5003182299117056
12.35 2.4436003028967286 -0.5004905878182431
12.4 2.449098627028695 -0.5007045179317425
12.45 2.4542121056061688 -0.5009627008545631
12.5 2.458735955423112 -0.5012477382254565
12.55 2.462294258008802 -0.5015251197340451
12.6 2.4650854577979016 -0.5017857492594627
12.65 2.4668703691993255 -0.5019770939022035
12.7 2.468208350625217 -0.502150428545497
12.75 2.469057499882544 -0.5022763067486348
12.8 2.4695914668006766 -0.5023697470381363
12.85 2.4701355680057646 -0.502477620614787
12.9 2.4708253206499844 -0.502628912113281
12.95 2.4715770967907447 -0.5028137932811322
13.0 2.4724134740455392 -0.5030417160042634
13.05 2.4733451338236185 -0.5033244703112879
13.1 2.4742872479120455 -0.5036409292419678
13.15 2.4748663524824184 -0.5038591332935866
13.2 2.475191672341148 -0.5039977593747916
13.25 2.4755954062124603 -0.5040694917606641
13.3 2.4759367662829437 -0.5041701319285655
13.35 2.4762924086957563 -0.5043661039979737
13.4 2.476619921597209 -0.5045635361798173
13.45 2.477043744907561 -0.504836563405343
13.5 2.4774926824095544 -0.5051519007652229
13.55 2.4779759443873606 -0.5055197751553743
13.6 2.4785215118483808 -0.50597337823679
13.65 2.479005628659568 -0.5064156369480595
13.7 2.479354517739093 -0.5067719701058482
13.75 2.4796464579483284 -0.5071045790006008
13.8 2.4798229388768824 -0.5073292793849391
13.85 2.479997493750281 -0.5075775910345827
13.9 2.4800994655924113 -0.5077267487385138
13.95 2.480186832824652 -0.5078826921376414
14.0 2.4802110864074636 -0.5079152905596158
14.05 2.480223248430463 -0.5079485271292373
14.1 2.4802004574709633 -0.5078883052021451
14.15 2.4802990936370555 -0.5081354731746138
14.2 2.480405436884668 -0.5084233308483457
14.25 2.4804851771615106 -0.5086905053991356
14.3 2.4805547775074377 -0.5090634428348461
14.35 2.4806072866513205 -0.5095156272712228
14.4 2.480643579807728 -0.510041671362834
14.45 2.4806632536059143 -0.5106179299155368
14.5 2.480679592436431 -0.5112110128001267
14.55 2.480702063249643 -0.5117089461290492
14.6 2.480701546978842 -0.5120709188263356
14.65 2.4806847873068465 -0.5122762948405134
14.7 2.4806645694902367 -0.5124067938469863
14.75 2.4806258756422177 -0.5126161164060783
14.8 2.4804971673150304 -0.5133835553345325
14.85 2.4802747335328763 -0.5144362640673116
14.9 2.479898894433283 -0.5159584926047028
14.95 2.479372785527654 -0.517771636822206
15.0 2.4786280178452067 -0.5200397262280367
15.05 2.4776394273968334 -0.5227113504072195
15.1 2.476433017072478 -0.5256656841752932
15.15 2.4748918260174357 -0.5291057805759931
15.2 2.473135275746504 -0.5327249510301806
15.25 2.471592384218905 -0.5356827029101757
15.3 2.470176654282514 -0.5382141960821566
15.35 2.4691121499520605 -0.540309204311243
15.4 2.4682810076197996 -0.5421684020118537
15.45 2.46774117240459 -0.5439884439625716
15.5 2.467573207449617 -0.545646959383566
15.55 2.467579996716828 -0.5473358286263164
15.6 2.4677835438404467 -0.5483610217861727
15.65 2.468173928396147 -0.5490538921515619
15.7 2.468500074312765 -0.5495984123538863
15.75 2.4687728407896086 -0.5500367030314064
15.8 2.4691320173608 -0.5505508525388744
15.85 2.469465197135301 -0.5509990604568833
15.9 2.4698832884140294 -0.5515241948502817
15.95 2.47028440689141 -0.5519993327988391
16.0 2.470191838224863 -0.5526656313708166
16.05 2.469562164353728 -0.5535521554731354
16.1 2.468439249796806 -0.5550658057781875
16.15 2.4671365909241842 -0.5568412271346836
16.2 2.465474133063124 -0.5591228558371681
16.25 2.463579798210559 -0.5617289716982543
16.3 2.4612280109612863 -0.5649645692472098
16.35 2.4585998888826266 -0.5685803492229403
16.4 2.4556601547166284 -0.5726248462925393
16.45 2.4530202733277484 -0.5762568048272876
16.5 2.4506684860708714 -0.579492402306152
16.55 2.4478757388424697 -0.5833346741239278
16.6 2.4449360046989312 -0.5873791711550804
16.65 2.441531792691809 -0.5920626984870975
16.7 2.437958251890481 -0.5969791890074022
16.75 2.433859086487706 -0.6026188357850972
16.8 2.4296729050277306 -0.6083781995514228
16.85 2.424975209625927 -0.6148413060887485
16.9 2.420209900438556 -0.6213974358927125
16.95 2.414709657717595 -0.6289646899114344
17.0 2.40883018894023 -0.6370536845744337
17.05 2.402950720179801 -0.6451426792040589
17.1 2.397071251431078 -0.653231673808009
17.15 2.3911917826902407 -0.6613206683919267
17.2 2.3853123139544823 -0.669409662959976
17.25 2.3794328452217037 -0.6774986575152827
17.3 2.373553376104978 -0.6855876520398184
17.35 2.36767390700991 -0.6936766465812337
17.4 2.361794437951542 -0.701765641143024
17.45 2.35591496893009 -0.7098546357268892
17.5 2.3500354999457462 -0.7179436303341198
17.55 2.3441560309986818 -0.7260326249656983
17.6 2.3382765620890327 -0.7341216196223684
17.65 2.332397093216917 -0.742210614304704
17.7 2.326517624382429 -0.7502996090131456
17.75 2.3206381555686755 -0.7583886041262631
17.8 2.314758686751398 -0.7664775995209869
17.85 2.308879217934727 -0.7745665949146641
17.9 2.30299974911843 -0.7826555903076634
17.95 2.297120280302355 -0.7907445857002261
18.0 2.2912408114864244 -0.7988335810924926
18.05 2.28536134267058 -0.8069225764845651
18.1 2.279481873854789 -0.8150115718765013
18.15 2.2736024050390333 -0.823100567268345
18.2 2.2677229362232953 -0.8311895626601266
18.25 2.261843467407573 -0.8392785580518579
18.3 2.25596399859186 -0.8473675534435553
18.35 2.2500845297761507 -0.8554565488352299
18.4 2.2442050609604434 -0.8635455442268851
18.45 2.238325592144736 -0.871634539618535
18.5 2.232446123329041 -0.8797235350101587
18.55 2.2265666545133405 -0.8878125304017821
18.6 2.2206871856976402 -0.8959015257934057
18.65 2.2148077168819413 -0.9039905211850243
18.7 2.20892824806624 -0.9120795165766419
18.75 2.203048779250549 -0.9201685119682448
18.8 2.1971693104348535 -0.9282575073598495
18.85 2.1912898416191586 -0.9363465027514486
18.9 2.185410372803464 -0.9444354981430403
18.95 2.1795309039877786 -0.9525244935346276
19.0 2.1736514351720904 -0.9606134889262131
19.05 2.1677719663563906 -0.9687024843178094
19.1 2.16189249754069 -0.976791479709405
19.15 2.1560130287249852 -0.9848804751010042
19.2 2.1501335599092823 -0.9929694704925992
19.25 2.1442540910935732 -1.0010584658841988
19.3 2.138374622277858 -1.0091474612757998
19.35 2.132495153462144 -1.0172364566673986
19.4 2.1266156846464286 -1.0253254520589945
19.45 2.120736215830713 -1.0334144474505875
19.5 2.1148567470149993 -1.0415034428421754
19.55 2.1089772781992857 -1.0495924382337631
19.6 2.1030978093835726 -1.0576814336253444
19.65 2.0972183405678537 -1.0657704290169299
19.7 2.0913388717521313 -1.0738594244085171
19.75 2.0854594029364075 -1.0819484198001021
19.8 2.0795799341206784 -1.0900374151916876
19.85 2.0737004653049502 -1.0981264105832724
19.9 2.0678209964892202 -1.1062154059748586
19.95 2.061941527673492 -1.1143044013664418
20.0 2.056062058857765 -1.122393396758021
20.05 2.050182590042041 -1.130482392149596
20.1 2.0443031212263114 -1.1385713875411683
20.15 2.038423652410578 -1.1466603829327442
20.2 2.032544183594839 -1.1547493783243217
20.25 2.026664714779098 -1.1628383737158987
20.3 2.020785245963361 -1.1709273691074782
20.35 2.014905777147619 -1.179016364499054
20.4 2.0090263083318747 -1.1871053598906294
20.45 2.0031468395161323 -1.195194355282202
20.5 1.9972673707003918 -1.2032833506737695
20.55 1.9913879018846483 -1.2113723460653374
20.6 1.985508433068905 -1.2194613414569027
20.65 1.9796289642531608 -1.2275503368484624
20.7 1.9737494954374095 -1.235639332240027
20.75 1.9678700266216567 -1.2437283276315907
20.8 1.9619905578059038 -1.2518173230231524
20.85 1.9561110889901454 -1.259906318414721
20.9 1.9502316201743877 -1.2679953138062856
20.95 1.9443521513586293 -1.2760843091978507
21.0 1.9384726825428729 -1.2841733045894095
21.05 1.9325932137271156 -1.2922622999809648
21.1 1.9267137449113576 -1.3003512953725176
21.15 1.9208342760955954 -1.3084402907640698
21.2 1.9149548072798304 -1.316529286155624
21.25 1.909075338464064 -1.3246182815471774
21.3 1.9031958696482947 -1.332707276938733
21.35 1.897316400832523 -1.3407962723302893
21.4 1.8914369320167492 -1.3488852677218433
21.45 1.885557463200976 -1.3569742631133943
21.5 1.879677994385201 -1.3650632585049443
21.55 1.873798525569426 -1.3731522538964909
21.6 1.8679190567536508 -1.3812412492880364
21.65 1.8620395879378777 -1.3893302446795757
21.7 1.8561601191221027 -1.3974192400711145
21.75 1.8502806503063234 -1.4055082354626576
21.8 1.8447127929889127 -1.4131685146163508
21.85 1.8394212705806963 -1.4204486111098504
21.9 1.8345824672646174 -1.4271058550198152
21.95 1.8298824194245766 -1.4335721985855576
22.0 1.8257171646355121 -1.4393028418249865
22.05 1.822105981346603 -1.4442801693163059
22.1 1.8186249740685192 -1.4491116676044375
22.15 1.8156652554733825 -1.4532705463796107
22.2 1.812846281392907 -1.457302265511559
22.25 1.8105515934970646 -1.4606616352057067
22.3 1.8085500981882303 -1.463675714949101
22.35 1.80691676703471 -1.4662269140185848
22.4 1.8056911302349565 -1.4682216408191708
22.45 1.804687270056571 -1.4699414379209765
22.5 1.8041258700469354 -1.4709597237340226
22.55 1.8036876893506852 -1.4718038107723987
22.6 1.8035696870844484 -1.4720488218859622
22.65 1.80353797545151 -1.4721269015214402
22.7 1.8031203974988936 -1.4730564398625592
22.75 1.8026309587172369 -1.4741841481956084
22.8 1.8018083983856383 -1.4761890528035218
22.85 1.8009037403480106 -1.4785029501394011
22.9 1.7997607564378983 -1.48174153833889
22.95 1.7984943959070032 -1.4849852575711524
23.0 1.797024954446692 -1.4884013965231837
23.05 1.7953425817139295 -1.4927364839143178
23.1 1.793564798304416 -1.497406496990799
23.15 1.7914897206250158 -1.5028728896888597
23.2 1.7893592788602817 -1.508485127969477
23.25 1.78692930495135 -1.5148864263747537
23.3 1.7844322554556145 -1.5214644221290206
23.35 1.7816165092942522 -1.5288819631636201
23.4 1.7787496579331563 -1.5364341305673075
23.45 1.7755655294418362 -1.5448221038021788
23.5 1.7722614460095785 -1.55352607486545
23.55 1.7687124840886768 -1.562875131318246
23.6 1.7651635219104085 -1.5722241876862986
23.65 1.7616145597653023 -1.5815732440417176
23.7 1.7580655976533952 -1.5909223003907846
23.75 1.7545166355747979 -1.6002713567381432
23.8 1.7509676735296538 -1.6096204130872778
23.85 1.7474187115181108 -1.6189694694408099
23.9 1.7438697495402946 -1.6283185258007231
23.95 1.740320787596321 -1.63766758216854
24.0 1.7367718256862865 -1.6470166385454257
24.05 1.7332228638102665 -1.656365694932274
24.1 1.7296739019683272 -1.6657147513297814
24.15 1.7261249401605172 -1.6750638077384772
24.2 1.722575978386881 -1.6844128641587757
24.25 1.7190270166474493 -1.693761920590997
24.3 1.7154780549416666 -1.703110977076412
24.35 1.7119290932432674 -1.7124600342995053
24.4 1.708380131545387 -1.721809091520939
24.45 1.7048311698478171 -1.7311581487413266
24.5 1.701282208150435 -1.7405072059610438
24.55 1.697733246453166 -1.7498562631803256
24.6 1.6941842847559636 -1.7592053203993245
24.65 1.6906353230588007 -1.7685543776181374
24.7 1.6870863613616607 -1.7779034348368243
24.75 1.6835373996645355 -1.7872524920554231
24.8 1.679988437967418 -1.796601549273962
24.85 1.6764394762703045 -1.8059506064924578
24.9 1.6728905145731945 -1.8152996637109233
24.95 1.6693415528760849 -1.8246487209293674
25.0 1.6657925911789753 -1.8339977781477976
25.05 1.662243629481868 -1.8433468353662128
25.1 1.6586946677847616 -1.852695892584619
25.15 1.6551457060876555 -1.8620449498030167
25.2 1.6515967443905484 -1.8713940070214066
25.25 1.6480477826934379 -1.8807430642398075
25.3 1.6444988209963298 -1.8900921214582018
25.35 1.6409498592992224 -1.8994411786765921
25.4 1.6374008976021133 -1.9087902358949822
25.45 1.6338519359050065 -1.9181392931133603
25.5 1.6303029742079038 -1.9274883503317266
25.55 1.6267540125108053 -1.9368374075500836
25.6 1.6232050508136953 -1.946186464768463
25.65 1.6196560891165839 -1.9555355219868449
25.7 1.6161071274194725 -1.9648845792052205
25.75 1.6125581657223569 -1.9742336364236008
25.8 1.6090092040252386 -1.9835826936419831
25.85 1.6054602423281195 -1.9929317508603634
25.9 1.6019112806309965 -2.0022808080787455
25.95 1.5983623189338723 -2.0116298652971283
26.0 1.594813357236747 -2.020978922515508
26.05 1.5912643955396202 -2.030327979733888
26.1 1.5877154338424955 -2.0396770369522574
26.15 1.5841664721453688 -2.0490260941706335
26.2 1.5806175104482418 -2.0583751513890047
26.25 1.5770685487511107 -2.067724208607381
26.3 1.5735195870539764 -2.0770732658257582
26.35 1.56997062535684 -2.0864223230441366
26.4 1.5664216636597006 -2.0957713802625157
26.45 1.5628727019625608 -2.1051204374808914
26.5 1.5593237402654199 -2.114469494699266
26.55 1.5557747785682787 -2.123818551917638
26.6 1.5522258168711376 -2.1331676091360023
26.65 1.5486768551739942 -2.142516666354365
26.7 1.545127893476851 -2.1518657235727283
26.75 1.541578931779706 -2.1612147807910924
26.8 1.538029970082556 -2.170563838009461
26.85 1.5344810083854066 -2.179912895227827
26.9 1.5309320466882521 -2.189261952446198
26.95 1.5273830849910957 -2.1986110096645675
27.0 1.523834123293938 -2.2079600668829373
27.05 1.520285161596781 -2.2173091241013037
27.1 1.516736199899621 -2.2266581813196655
27.15 1.5131872382024627 -2.236007238538018
27.2 1.509638276505302 -2.2453562957563746
27.25 1.506089314808141 -2.254705352974733
27.3 1.5025403531109756 -2.264054410193092
27.35 1.4989913914138087 -2.273403467411451
27.4 1.4954424297166402 -2.282752524629813
27.45 1.4918934680194684 -2.292101581848176
27.5 1.4883445063222958 -2.301450639066535
27.55 1.484795544625122 -2.3107996962848967
27.6 1.4812465829279482 -2.320148753503256
27.65 1.4776976212307718 -2.3294978107216133
27.7 1.4741486595335953 -2.3388468679399668
27.75 1.4705996978364169 -2.348195925158322
27.8 1.4670507361392393 -2.3575449823766728
27.85 1.463501774442058 -2.3668940395950244
27.9 1.459952812744873 -2.376243096813382
27.95 1.4564038510476864 -2.3855921540317397
28.0 1.452854889350497 -2.394941211250098
28.05 1.449305927653305 -2.404290268468458
28.1 1.4457569659561147 -2.413639325686813
28.15 1.4422080042589196 -2.4229883829051673
28.2 1.4386590425617243 -2.432337440123515
28.25 1.4351100808645283 -2.4416864973418604
28.3 1.4315611191673299 -2.4510355545602063
28.35 1.4280121574701325 -2.4603846117785473
28.4 1.4244631957729321 -2.469733668996896
28.45 1.4209142340757288 -2.4790827262152466
28.5 1.4173652723785222 -2.488431783433601
28.55 1.4138163106813133 -2.4977808406519513
28.6 1.4102673489841062 -2.507129897870298
28.65 1.4067183872868978 -2.5164789550886413
28.7 1.4031694255896867 -2.525828012306986
28.75 1.3996204638924756 -2.53517706952533
28.8 1.3960715021952639 -2.544526126743669
28.85 1.3925225404980495 -2.5538751839620053
28.9 1.388973578800833 -2.5632242411803436
28.95 1.3854246171036133 -2.572573298398687
29.0 1.3818756554063916 -2.5819223556170297
29.05 1.378326693709167 -2.5912714128353733
29.1 1.3747777320119419 -2.6006204700537157
29.15 1.3712287703147148 -2.609969527272055
29.2 1.3676798086174888 -2.619318584490387
29.25 1.364130846920261 -2.628667641708719
29.3 1.3605818852230338 -2.6380166989270495
29.35 1.357032923525803 -2.6473657561453834
29.4 1.3534839618285683 -2.6567148133637195
29.45 1.3499350001313333 -2.666063870582054
29.5 1.346386038434095 -2.675412927800391
29.55 1.3428370767368558 -2.6847619850187265
29.6 1.3392881150396134 -2.6941110422370653
29.65 1.3357391533423724 -2.7034600994553966
29.7 1.3321901916451286 -2.712809156673731
29.75 1.328641229947884 -2.7221582138920613
29.8 1.3250922682506392 -2.7315072711103894
29.85 1.321543306553391 -2.740856328328724
29.9 1.317994344856143 -2.7502053855470505
29.95 1.3144453831588918 -2.7595544427653813
30.0 1.310896421461638 -2.768903499983713
30.05 1.3073474597643788 -2.7782525572020464
30.1 1.3037984980671193 -2.7876016144203786
30.15 1.300249536369862 -2.7969506716387045
30.2 1.2967005746726032 -2.8062997288570286
30.25 1.293151612975341 -2.8156487860753523
30.3 1.2896026512780787 -2.82499784329367
30.35 1.2860536895808155 -2.8343469005119926
30.4 1.2825047278835509 -2.8436959577303083
30.45 1.278955766186284 -2.8530450149486293
30.5 1.275406804489015 -2.8623940721669516
30.55 1.2718578427917422 -2.8717431293852793
30.6 1.26830888109447 -2.8810921866036043
30.65 1.2647599193971943 -2.890441243821931
30.7 1.2612109576999184 -2.899790301040252
30.75 1.2576619960026405 -2.909139358258569
30.8 1.254113034305364 -2.918488415476881
30.85 1.250564072608084 -2.927837472695196
30.9 1.2470151109108025 -2.93718652991351
30.95 1.243466149213522 -2.94653558713182
31.0 1.2399171875162363 -2.9558846443501374
31.05 1.2363682258189472 -2.9652337015684544
31.1 1.2328192641216569 -2.9745827587867684
31.15 1.229270302424363 -2.983931816005088
31.2 1.2257213407270695 -2.993280873223401
31.25 1.2221723790297752 -3.0026299304417123
31.3 1.21862341733248 -3.0119789876600254
31.35 1.2150744556351847 -3.0213280448783317
31.4 1.211525493937886 -3.030677102096638
31.45 1.2079765322405873 -3.0400261593149445
31.5 1.2044275705432856 -3.0493752165332557
31.55 1.2008786088459804 -3.0587242737515687
31.6 1.1973296471486725 -3.068073330969885
31.65 1.1937806854513644 -3.0774223881881952
31.7 1.1902317237540532 -3.08677144540651
31.75 1.186682762056741 -3.096120502624819
31.8 1.1831338003594298 -3.1054695598431215
31.85 1.1795848386621175 -3.114818617061423
31.9 1.1760358769648036 -3.1241676742797226
31.95 1.1724869152674868 -3.133516731498026
32.0 1.1689379535701678 -3.14286578871633
32.05 1.1653889918728457 -3.152214845934637
32.1 1.1618400301755225 -3.1615639031529423
32.15 1.1582910684781973 -3.1709129603712465
32.2 1.1547421067808714 -3.1802620175895484
32.25 1.1511931450835449 -3.189611074807849
32.3 1.147644183386217 -3.198960132026147
32.35 1.1440952216888884 -3.208309189244443
32.4 1.1405462599915586 -3.217658246462739
32.45 1.1369972982942274 -3.2270073036810287
32.5 1.1334483365968917 -3.236356360899326
32.55 1.129899374899555 -3.2457054181176224
32.6 1.1263504132022162 -3.255054475335917
32.65 1.122801451504875 -3.2644035325542156
32.7 1.119252489807532 -3.273752589772514
32.75 1.1157035281101877 -3.2831016469908088
32.8 1.112154566412842 -3.292450704209102
32.85 1.108605604715495 -3.301799761427394
32.9 1.1050566430181485 -3.3111488186456826
32.95 1.1015076813207996 -3.320497875863968
33.0 1.0979587196234488 -3.3298469330822567
33.05 1.0944097579260974 -3.3391959903005444
33.1 1.0908607962287422 -3.348545047518836
33.15 1.0873118345313835 -3.357894104737129
33.2 1.0837628728340238 -3.3672431619554226
33.25 1.0802139111366627 -3.376592219173715
33.3 1.0766649494393008 -3.385941276392003
33.35 1.0731159877419365 -3.3952903336102946
33.4 1.0695670260445722 -3.4046393908285815
33.45 1.066018064347206 -3.413988448046863
33.5 1.0624691026498396 -3.4233375052651414
33.55 1.0589201409524713 -3.4326865624834206
33.6 1.0553711792550984 -3.4420356197017057
33.65 1.0518222175577228 -3.451384676919994
33.7 1.0482732558603451 -3.4607337341382807
33.75 1.044724294162966 -3.4700827913565675
33.8 1.0411753324655857 -3.479431848574854
33.85 1.0376263707682054 -3.488780905793132
33.9 1.0340774090708236 -3.4981299630114098
33.95 1.0305284473734404 -3.5074790202296855
34.0 1.0269794856760568 -3.5168280774479608
34.05 1.0234305239786723 -3.52617713466623
34.1 1.0198815622812833 -3.5355261918845056
34.15 1.0163326005838922 -3.5448752491027857
34.2 1.0127836388864966 -3.554224306321069
34.25 1.009234677189101 -3.563573363539343
34.3 1.0056857154917047 -3.5729224207576182
34.35 1.0021367537943056 -3.582271477975892
34.4 0.9985877920969085 -3.5916205351941572
34.45 0.9950388303995095 -3.6009695924124228
34.5 0.991489868702109 -3.610318649630686
34.55 0.987940907004705 -3.6196677068489547
34.6 0.9843919453072987 -3.6290167640672224
34.65 0.9808429836098891 -3.638365821285492
34.7 0.9773366093678629 -3.647602690113724
34.75 0.9741389945526896 -3.6560261914290466
34.8 0.9709875163564645 -3.6643281550819142
34.85 0.9681447977456313 -3.6718167506839703
34.9 0.9653663154364767 -3.6791361284486492
34.95 0.9631043072920693 -3.685088742981156
35.0 0.9608889026001598 -3.6908853827789274
35.05 0.9589205532017745 -3.695979162236496
35.1 0.9569688026652654 -3.7009481257571535
35.15 0.9552674054196004 -3.7051877064726657
35.2 0.9535733405877603 -3.709300078491696
35.25 0.9521325423720474 -3.7126894801040864
35.3 0.950773507425663 -3.7157783619914313
35.35 0.949585076734068 -3.718370814481154
35.4 0.9486220685210827 -3.7203865670139242
35.45 0.9480541394655071 -3.7215131487720194
35.5 0.9477048817771931 -3.7221724387470068
35.55 0.9475654725633592 -3.722417447373715
35.6 0.9474709547849338 -3.7225753155932675
35.65 0.947352275314096 -3.7227717551953607
35.7 0.947283373649997 -3.722891227035953
35.75 0.9473067739060617 -3.7230561331672747
35.8 0.9473416025690659 -3.7231861926706613
35.85 0.9469980430018853 -3.724033959770721
35.9 0.9464903175123845 -3.7249387976250166
35.95 0.9455013614366848 -3.7265188175574306
36.0 0.9444370662640201 -3.7282192038290907
36.05 0.9429175540227663 -3.7306468735453953
36.1 0.941087135890803 -3.733571265667806
36.15 0.9389649116907484 -3.7369618649319474
36.2 0.9365933262868328 -3.7407508588075937
36.25 0.9338922654463832 -3.745066243117312
36.3 0.9307200706706129 -3.7501343405776875
36.35 0.92745555922733 -3.755349928895957
36.4 0.9237241582963324 -3.7613114491622635
36.45 0.9195147262685333 -3.768036701884929
36.5 0.9152145691638948 -3.7749069026582736
36.55 0.9104475225486514 -3.782523035411576
36.6 0.9054337674562776 -3.79053332504099
36.65 0.900128206272162 -3.799009822426691
36.7 0.8948226450949278 -3.807486319777844
36.75 0.8895170839203672 -3.8159628171014894
36.8 0.884211522745392 -3.8244393144028033
36.85 0.8789059615677131 -3.832915811685635
36.9 0.8736004003856176 -3.841392308952862
36.95 0.868294839197814 -3.849868806206666
37.0 0.862989277955058 -3.8583453034439543
37.05 0.8576837163900622 -3.8668218006522235
37.1 0.8523781548613725 -3.8752982978780426
37.15 0.8472647989840002 -3.88346617569706
37.2 0.8423694309660972 -3.891249235133068
37.25 0.8377200217930272 -3.898599695132216
37.3 0.8332283012524354 -3.9056160462666285
37.35 0.829076322860501 -3.911997876616089
37.4 0.8250097230777869 -3.9181219007664745
37.45 0.8212742643317845 -3.9236084865288507
37.5 0.8176298501187583 -3.928811825120927
37.55 0.8142415296766117 -3.9334907145856266
37.6 0.8109613675982992 -3.9378595611632123
37.65 0.8084369683376681 -3.941087805561781
37.7 0.8067669096033011 -3.9431281721256375
37.75 0.805774402616583 -3.94427696539241
37.8 0.804644263304601 -3.945517489669274
37.85 0.803337377466758 -3.9468751082858184
37.9 0.802056177760561 -3.948127820528074
37.95 0.8008445530979867 -3.949236944834379
38.0 0.7997088046492719 -3.950205469799805
38.05 0.7986490525426304 -3.951042544435499
38.1 0.7971648692045206 -3.95212827119859
38.15 0.7957925320145363 -3.9530476014406726
38.2 0.7938089197366355 -3.9542150766745863
38.25 0.7917183978555159 -3.9553611971624707
38.3 0.7889689420775575 -3.956761727852953
38.35 0.7860757031931433 -3.958101865245066
38.4 0.7824255215613148 -3.9596464203449453
38.45 0.778638374798875 -3.961131443968353
38.5 0.7740826274629192 -3.9627276206424655
38.55 0.7690258087999121 -3.9643292856053405
38.6 0.7623656780217124 -3.966191864597869
38.65 0.7543168631131179 -3.9682115452957794
38.7 0.745581489297386 -3.9702691353707023
38.75 0.737083208815644 -3.9722581274980384
38.8 0.728745830489319 -3.974180480520637
38.85 0.7202973008007101 -3.9759614873331595
38.9 0.7117256761366446 -3.977496412094077
38.95 0.7030370519953508 -3.9788044110892247
39.0 0.6942368744755556 -3.979905378552796
39.05 0.6853299566224631 -3.980818464876873
39.1 0.6763204897420827 -3.981562102000845
39.15 0.6672120787072032 -3.9821540362560817
39.2 0.6580077950574589 -3.982611361662776
39.25 0.6487102363995564 -3.982950549548714
39.3 0.6393215800287066 -3.983187473598576
39.35 0.629843622842106 -3.9833374329432787
39.4 0.620277806520117 -3.983415175799113
39.45 0.6106252334534222 -3.9834349351676033
39.5 0.6008864767898202 -3.983411716081895
39.55 0.5910612878359565 -3.983358384145318
39.6 0.5812807502335361 -3.983287496226325
39.65 0.5723796036607113 -3.9832075148628525
39.7 0.563537471433536 -3.983102174403851
39.75 0.5555452568035899 -3.982964928611547
39.8 0.547728662633662 -3.982777828260124
39.85 0.5402554641237807 -3.9825436557078486
39.9 0.5329598162296938 -3.9822436769115033
39.95 0.5263099245249214 -3.9818930125667023
40.0 0.519871927271856 -3.981470792561891
40.05 0.5140411893713607 -3.981001944359989
40.1 0.5084865733824278 -3.980466691798669
40.15 0.5041882767155338 -3.979975725806556
40.2 0.5013043043110396 -3.9795889826379254
40.25 0.49948447015925107 -3.9793037038439545
40.3 0.4975562642216779 -3.978956074845228
40.35 0.4954118568080944 -3.978517222604751
40.4 0.4933454787503655 -3.978038725953801
40.45 0.4914144526315531 -3.9775346889689174
40.5 0.4896220460951408 -3.97700965484644
40.55 0.4875890496813413 -3.9763961108698624
40.6 0.48551916694948255 -3.975644222328244
40.65 0.48316066964147825 -3.974776335551429
40.7 0.4808883032975598 -3.973759646907988
40.75 0.4782095847830813 -3.9724332490567646
40.8 0.47542643714068733 -3.970923401300755
40.85 0.472046988828295 -3.968931030898019
40.9 0.4685901518452807 -3.9667299886027663
40.95 0.46459505406731827 -3.9640041982733814
41.0 0.46070489345078275 -3.961171978050171
41.05 0.45618647128991874 -3.957677728082244
41.1 0.45068637555146324 -3.9531861361364085
41.15 0.44424128142532604 -3.947650389869174
41.2 0.43774568587294616 -3.9418070058096712
41.25 0.4314907879685098 -3.935934024146774
41.3 0.4252585700769479 -3.9298531690322065
41.35 0.41902769161189785 -3.9235620346190903
41.4 0.41278972409108916 -3.917071484022608
41.45 0.40653664259295746 -3.9103940582494663
41.5 0.4002583525759998 -3.90354130197129
41.55 0.393943467488763 -3.8965247309758477
41.6 0.3875796618578291 -3.8893561845899693
41.65 0.38115368067507865 -3.8820478212507954
41.7 0.37465133876177936 -3.8746121234205835
41.75 0.36807966385296764 -3.8670856102775204
41.8 0.3615026525675781 -3.8595528209679353
41.85 0.3549256413118898 -3.852020031635884
41.9 0.34834863008578454 -3.8444872422806444
41.95 0.3417716188891762 -3.8369544529016717
42.0 0.3351946077220078 -3.8294216634985414
42.05 0.32861759658423534 -3.8218888740709356
42.1 0.322040585475838 -3.814356084618608
42.15 0.31546357439677747 -3.8068232951413767
42.2 0.3088865633470582 -3.7992905056390907
42.25 0.30230955232664475 -3.7917577161116425
42.3 0.2957325413355478 -3.7842249265589345
42.35 0.28915553037375213 -3.7766921369809023
42.4 0.282578519441278 -3.7691593473774736
42.45 0.2760015085380633 -3.7616265577486407
42.5 0.2694244976641437 -3.7540937680943482
42.55 0.262847486819526 -3.7465609784145664
42.6 0.2562704760042041 -3.7390281887092742
42.65 0.2496934652181803 -3.7314953989784696
42.7 0.24311645446144495 -3.72396260922214
42.75 0.23653944373400665 -3.71642981944029
42.8 0.22996243305027983 -3.7088970291658185
42.85 0.22338542237222778 -3.701364238806802
42.9 0.21680841169470805 -3.693831448448558
42.95 0.21023140101750803 -3.686298658090805
43.0 0.20365439034050511 -3.678765867733376
43.05 0.1970773796636196 -3.6712330773761574
43.1 0.19050036898680875 -3.6637002870190827
43.15 0.18392335831003814 -3.6561674966621007
43.2 0.1773463476332953 -3.6486347063051867
43.25 0.17076933695657295 -3.6411019159483247
43.3 0.1641923262798512 -3.6335691255914826
43.35 0.1576153156031486 -3.6260363352346814
43.4 0.1510383049264369 -3.6185035448778797
43.45 0.14446129424972778 -3.6109707545210905
43.5 0.1378842835730271 -3.60343796416432
43.55 0.13130727289633332 -3.5959051738075622
43.6 0.12473026221963951 -3.5883723834508108
43.65 0.11815325154293067 -3.5808395930940424
43.7 0.11157624086622604 -3.573306802737279
43.75 0.1049992301895178 -3.5657740123805133
43.8 0.09842221951282087 -3.5582412220237583
43.85 0.09184520883611419 -3.550708431666996
43.9 0.08526819815941017 -3.543175641310236
43.95 0.07869118748270669 -3.535642850953479
44.0 0.07211417680600403 -3.5281100605967235
44.05 0.06553716612930574 -3.520577270239975
44.1 0.05896015545260951 -3.5130444798832245
44.15 0.052383144775915325 -3.5055116895264717
44.2 0.04580613409922181 -3.4979788991697154
44.25 0.03922912342252874 -3.4904461088129604
44.3 0.03265211274583875 -3.482913318456206
44.35 0.02607510206914643 -3.4753805280994454
44.4 0.019498091392461267 -3.46784773774269
44.45 0.012921080715778535 -3.4603149473859345
44.5 0.006344070039095743 -3.452782157029175
44.55 -0.0002329406375840808 -3.4452493666724147
44.6 -0.006809951314266548 -3.4377165763156494
44.65 -0.01338696199094786 -3.430183785958882
44.7 -0.019963972667629636 -3.4226509956021065
44.75 -0.026540983344310654 -3.4151182052453306
44.8 -0.033117994020988285 -3.4075854148885583
44.85 -0.03969500469766259 -3.4000526245317872
44.9 -0.04627201537433576 -3.3925198341750162
44.95 -0.0528490260510037 -3.3849870438182488
45.0 -0.05942603672767027 -3.377454253461481
45.05 -0.06600304740433771 -3.3699214631047085
45.1 -0.07258005808100536 -3.362388672747933
45.15 -0.07915706875767212 -3.354855882391158
45.2 -0.08573407943434165 -3.3473230920343777
45.25 -0.09231109011101017 -3.339790301677593
45.3 -0.09888810078767953 -3.332257511320806
45.35 -0.10546511146434084 -3.324724720964026
45.4 -0.11204212214100262 -3.3171919306072426
45.45 -0.11861913281765671 -3.309659140250463
45.5 -0.12519614349430774 -3.3021263498936855
45.55 -0.13177315417095964 -3.294593559536902
45.6 -0.13835016484760998 -3.287060769180117
45.65 -0.14492717552426299 -3.279527978823324
45.7 -0.15150418620091566 -3.271995188466528
45.75 -0.158081196877568 -3.264462398109731
45.8 -0.16465820755421945 -3.256929607752933
45.85 -0.17123521823086718 -3.2493968173961347
45.9 -0.17781222890751178 -3.2418640270393384
45.95 -0.18438923958415335 -3.234331236682542
46.0 -0.19096625026079384 -3.226798446325746
46.05 -0.19754326093743388 -3.219265655968949
46.1 -0.20412027161407004 -3.211732865612153
46.15 -0.21069728229071033 -3.2042000752553506
46.2 -0.2172742929673505 -3.1966672848985467
46.25 -0.22385130364399322 -3.189134494541737
46.3 -0.2304283143206332 -3.181601704184929
46.35 -0.23700532499727092 -3.1740689138281213
46.4 -0.24358233567390314 -3.166536123471314
46.45 -0.2501593463505299 -3.159003333114511
46.5 -0.25673635702715536 -3.1514705427577048
46.55 -0.2633133677037809 -3.143937752400898
46.6 -0.26989037838040364 -3.13640496204409
46.65 -0.2764673890570284 -3.1288721716872754
46.7 -0.2830443997336559 -3.121339381330457
46.75 -0.28962141041028333 -3.113806590973636
46.8 -0.29619842108690636 -3.1062738006168154
46.85 -0.30277543176353117 -3.0987410102599937
46.9 -0.30935244244015314 -3.091208219903167
46.95 -0.31592945311677056 -3.0836754295463438
47.0 -0.3225064637933826 -3.0761426391895244
47.05 -0.32908347446999314 -3.068609848832707
47.1 -0.33566048514660396 -3.061077058475887
47.15 -0.3422374958232164 -3.053544268119061
47.2 -0.34881450649982815 -3.0460114777622342
47.25 -0.35539151717644124 -3.0384786874054064
47.3 -0.36196852785305533 -3.0309458970485754
47.35 -0.36854553852966343 -3.023413106691748
47.4 -0.37512254920627236 -3.0158803163349157
47.45 -0.38169955988287757 -3.0083475259780843
47.5 -0.3882765705594781 -3.0008147356212573
47.55 -0.39485358123607817 -2.993281945264427
47.6 -0.40143059191267366 -2.9857491549075976
47.65 -0.4080076025892702 -2.978216364550764
47.7 -0.4145846132658676 -2.9706835741939273
47.75 -0.4211616239424677 -2.963150783837087
47.8 -0.4277386346190695 -2.95561799348024
47.85 -0.4343156452956661 -2.948085203123395
47.9 -0.4408926559722612 -2.940552412766548
47.95 -0.4474696666488524 -2.933019622409706
48.0 -0.45404667732544113 -2.9254868320528638
48.05 -0.4606236880020286 -2.917954041696021
48.1 -0.467200698678612 -2.9104212513391823
48.15 -0.47377770935519525 -2.902888460982341
48.2 -0.4803547200317849 -2.89535567062549
48.25 -0.4869317307083709 -2.8878228802686414
48.3 -0.49350874138495765 -2.880290089911792
48.35 -0.500085752061545 -2.8727572995549364
48.4 -0.5066627627381298 -2.865224509198081
48.45 -0.5132397734147134 -2.857691718841225
48.5 -0.5198167840912913 -2.850158928484372
48.55 -0.5263937947678632 -2.8426261381275215
48.6 -0.5329708054444355 -2.835093347770668
48.65 -0.5395478161210061 -2.827560557413812
48.7 -0.5461248267975751 -2.820027767056957
48.75 -0.5527018374741461 -2.8124949767000964
48.8 -0.5592788481507189 -2.804962186343233
48.85 -0.5658558588272904 -2.797429395986368
48.9 -0.5724328695038604 -2.7898966056295023
48.95 -0.5790098801804276 -2.782363815272635
49.0 -0.5855868908569931 -2.7748310249157684
49.05 -0.592163901533551 -2.76729823455891
49.1 -0.5987409122101118 -2.7597654442020443
49.15 -0.6053179228866705 -2.7522326538451805
49.2 -0.611894933563227 -2.744699863488316
49.25 -0.6184719442397856 -2.737167073131448
49.3 -0.6250489549163473 -2.7296342827745748
49.35 -0.6316259655929106 -2.722101492417701
49.4 -0.6382029762694719 -2.7145687020608245
49.45 -0.6447799869460314 -2.7070359117039478
49.5 -0.6513569976225875 -2.6995031213470697
49.55 -0.6579340082991383 -2.691970330990196
49.6 -0.6645110189756855 -2.684437540633322
49.65 -0.6710880296522296 -2.6769047502764485
49.7 -0.6776650403287737 -2.669371959919572
49.75 -0.684242051005319 -2.6618391695626915
49.8 -0.6908190616818635 -2.6543063792058095
49.85 -0.6973960723584112 -2.6467735888489154
49.9 -0.7039730830349574 -2.6392407984920254
49.95 -0.7105500937115012 -2.631708008135134
50.0 -0.7171271043880414 -2.624175217778243
50.05 -0.7237041150645781 -2.6166424274213544
50.1 -0.730281125741113 -2.6091096370644653
50.15 -0.7368581364176449 -2.601576846707578
50.2 -0.7434351470941747 -2.5940440563506915
50.25 -0.7500121577707075 -2.5865112659937997
50.3 -0.7565891684472393 -2.5789784756369056
50.35 -0.763166179123771 -2.5714456852800094
50.4 -0.7697431898003061 -2.5639128949231074
50.45 -0.7763202004768397 -2.5563801045662022
50.5 -0.7828972111533664 -2.548847314209301
50.55 -0.7894742218298926 -2.5413145238524004
50.6 -0.7960512325064185 -2.533781733495496
50.65 -0.8026282431829377 -2.526248943138594
50.7 -0.8092052538594556 -2.5187161527816917
50.75 -0.8157822645359739 -2.5111833624247857
50.8 -0.8223592752124914 -2.5036505720678752
50.85 -0.8289362858890093 -2.4961177817109603
50.9 -0.8355132965655273 -2.4885849913540423
50.95 -0.8420903072420425 -2.481052200997125
51.0 -0.8486673179185564 -2.473519410640206
51.05 -0.8552443285950692 -2.4659866202832865
51.1 -0.8618213392715758 -2.458453829926372
51.15 -0.8683983499480772 -2.4509210395694585
51.2 -0.8749753606245786 -2.4433882492125405
51.25 -0.8815523713010777 -2.4358554588556256
51.3 -0.8881293819775771 -2.428322668498709
51.35 -0.8947063926540797 -2.420789878141787
51.4 -0.901283403330582 -2.41325708778486
51.45 -0.9078604140070834 -2.4057242974279314
51.5 -0.9144374246835868 -2.3981915070709996
51.55 -0.9210144353600833 -2.390658716714072
51.6 -0.9275914460365764 -2.3831259263571467
51.65 -0.9341684567130668 -2.375593136000222
51.7 -0.9407454673895542 -2.3680603456432956
51.75 -0.94732247806604 -2.3605275552863696
51.8 -0.9538994887425262 -2.35299476492944
51.85 -0.960476499419013 -2.3454619745725074
51.9 -0.9670535100955003 -2.337929184215572
51.95 -0.9736305207719912 -2.330396393858628
52.0 -0.9802075314484774 -2.322863603501688
52.05 -0.986784542124964 -2.3153308131447443
52.1 -0.9933615528014442 -2.307798022787804
52.15 -0.9999385634779182 -2.300265232430869
52.2 -1.0065155741543934 -2.2927324420739317
52.25 -1.0130925848308683 -2.285199651716993
52.3 -1.0196695955073407 -2.277666861360055
52.35 -1.0262466061838145 -2.270134071003111
52.4 -1.032823616860291 -2.2626012806461606
52.45 -1.0394006275367662 -2.255068490289209
52.5 -1.0459776382132435 -2.2475356999322558
52.55 -1.0525546488897168 -2.240002909575304
52.6 -1.059131659566185 -2.232470119218354
52.65 -1.0657086702426521 -2.224937328861401
52.7 -1.0722856809191144 -2.2174045385044505
52.75 -1.0788626915955735 -2.2098717481474996
52.8 -1.0854397022720346 -2.202338957790546
52.85 -1.0920167129484954 -2.19480616743359
52.9 -1.0985937236249526 -2.1872733770766315
52.95 -1.1051707343014128 -2.1797405867196664
53.0 -1.1117477449778739 -2.1722077963626996
53.05 -1.1183247556543303 -2.164675006005731
53.1 -1.124901766330785 -2.1571422156487614
53.15 -1.1314787770072345 -2.1496094252917994
53.2 -1.1380557876836837 -2.142076634934835
53.25 -1.1446327983601283 -2.1345438445778715
53.3 -1.1512098090365734 -2.1270110542209055
53.35 -1.1577868197130152 -2.11947826386394
53.4 -1.16436383038946 -2.111945473506972
53.45 -1.1709408410659048 -2.104412683150001
53.5 -1.1775178517423528 -2.096879892793026
53.55 -1.1840948624188015 -2.089347102436049
53.6 -1.190671873095243 -2.0818143120790724
53.65 -1.197248883771685 -2.0742815217220967
53.7 -1.2038258944481257 -2.0667487313651205
53.75 -1.2104029051245597 -2.05921594100815
53.8 -1.2169799158009944 -2.0516831506511743
53.85 -1.2235569264774266 -2.0441503602941964
53.9 -1.230133937153862 -2.036617569937214
53.95 -1.236710947830293 -2.029084779580234
54.0 -1.2432879585067274 -2.0215519892232465
54.05 -1.2498649691831603 -2.014019198866257
54.1 -1.2564419798595925 -2.006486408509269
54.15 -1.2630189905360192 -1.9989536181522807
54.2 -1.269596001212444 -1.9914208277952932
54.25 -1.2761730118888632 -1.9838880374383114
54.3 -1.282750022565284 -1.9763552470813253
54.35 -1.2893270332417037 -1.968822456724338
54.4 -1.2959040439181195 -1.9612896663673538
54.45 -1.302481054594539 -1.9537568760103632
54.5 -1.309058065270961 -1.9462240856533692
54.55 -1.315635075947384 -1.9386912952963702
54.6 -1.3222120866238052 -1.9311585049393702
54.65 -1.328789097300225 -1.9236257145823696
54.7 -1.335366107976642 -1.9160929242253706
54.75 -1.3419431186530508 -1.9085601338683769
54.8 -1.3485201293294602 -1.9010273435113807
54.85 -1.3550971400058687 -1.893494553154383
54.9 -1.3616741506822745 -1.8859617627973853
54.95 -1.3682511613586839 -1.87842897244038
55.0 -1.3748281720350937 -1.8708961820833714
55.05 -1.381405182711502 -1.8633633917263597
55.1 -1.3879821933879088 -1.8558306013693469
55.15 -1.3945592040643124 -1.8482978110123354
55.2 -1.4011362147407138 -1.8407650206553252
55.25 -1.4077132254171172 -1.8332322302983113
55.3 -1.4142902360935135 -1.825699439941302
55.35 -1.4208672467699062 -1.818166649584293
55.4 -1.4274442574462984 -1.8106338592272841
55.45 -1.434021268122696 -1.803101068870268
55.5 -1.440598278799092 -1.7955682785132505
55.55 -1.4471752894754868 -1.7880354881562313
55.6 -1.453752300151883 -1.7805026977992056
55.65 -1.4603293108282742 -1.7729699074421843
55.7 -1.4669063215046658 -1.7654371170851617
55.75 -1.4734833321810528 -1.7579043267281413
55.8 -1.4800603428574368 -1.75037153637112
55.85 -1.486637353533818 -1.742838746014098
55.9 -1.4932143642101987 -1.7353059556570731
55.95 -1.4997913748865754 -1.7277731653000488
56.0 -1.506368385562954 -1.7202403749430195
56.05 -1.5129453962393347 -1.7127075845859854
56.1 -1.5195224069157134 -1.7051747942289504
56.15 -1.5260994175920932 -1.697642003871911
56.2 -1.5326764282684695 -1.6901092135148728
56.25 -1.5392534389448422 -1.6825764231578344
56.3 -1.5458304496212076 -1.6750436328008034
56.35 -1.5524074602975715 -1.667510842443772
56.4 -1.5589844709739349 -1.6599780520867402
56.45 -1.5655614816502992 -1.6524452617297047
56.5 -1.5721384923266635 -1.6449124713726695
56.55 -1.5787155030030324 -1.6373796810156265
56.6 -1.5852925136794018 -1.6298468906585786
56.65 -1.591869524355769 -1.6223141003015311
56.7 -1.598446535032133 -1.6147813099444868
56.75 -1.604944621753812 -1.6073389128595361
56.8 -1.6108705089041488 -1.600551868120821
56.85 -1.616625393784816 -1.5939606758855198
56.9 -1.6218870028265897 -1.587934442970959
56.95 -1.6269973406434632 -1.5820814641734537
57.0 -1.6318577519597586 -1.5765147315373866
57.05 -1.6371193609432197 -1.570488498588294
57.1 -1.6426769343350596 -1.5641232910782537
57.15 -1.6485962433973103 -1.557343780292832
57.2 -1.6548115177248273 -1.5502252942281167
57.25 -1.661388527913709 -1.5426925043903557
57.3 -1.6679655381043499 -1.5351597145755247
57.35 -1.6745425483093737 -1.5276269247798866
57.4 -1.6811195590018904 -1.52009413468823
57.45 -1.687696569681428 -1.5125613443241213
57.5 -1.6942735803592421 -1.5050285539618986
57.55 -1.7008505910359535 -1.4974957636008737
57.6 -1.7074276017119472 -1.4899629732406188
57.65 -1.7140046123874735 -1.4824301828808597
57.7 -1.7205816230626838 -1.4748973925214344
57.75 -1.7271586337376823 -1.467364602162227
57.8 -1.7337356444125356 -1.4598318118031697
57.85 -1.7403126550872847 -1.452299021444217
57.9 -1.7468896657619604 -1.4447662310853375
57.95 -1.7534666764365856 -1.4372334407265077
58.0 -1.7600436871111733 -1.4297006503677119
58.05 -1.7666206977857293 -1.4221678600089473
58.1 -1.7731977084602664 -1.414635069650199
58.15 -1.7797747191347923 -1.4071022792914611
58.2 -1.786351729809303 -1.399569488932737
58.25 -1.7929287404838006 -1.3920366985740265
58.3 -1.7995057511582955 -1.3845039082153179
58.35 -1.8060827618327842 -1.3769711178566146
58.4 -1.8123769613961875 -1.369762237064777
58.45 -1.8188027005214005 -1.362402701230432
58.5 -1.8253797111137164 -1.354869910968267
58.55 -1.8319567217903756 -1.3473371206080005
58.6 -1.8385337324664415 -1.33980433024837
58.65 -1.845110743142126 -1.3322715398891423
58.7 -1.85168775381755 -1.324738749530187
58.75 -1.858264764492802 -1.3172059591714071
58.8 -1.8648417751679367 -1.3096731688127474
58.85 -1.871418785842988 -1.3021403784541712
58.9 -1.8778445255138 -1.2947808419788844
58.95 -1.8837638356457684 -1.2880013300382935
59.0 -1.889176715965937 -1.281801842905237
59.05 -1.8943949167513674 -1.275825326376437
59.1 -1.8990225019670939 -1.270525254424307
59.15 -1.9035830016703337 -1.2653020169184512
59.2 -1.907552885807692 -1.2607552239923834
59.25 -1.9113741295156097 -1.2563786720938006
59.3 -1.9146626353287068 -1.252612276266466
59.35 -1.9177209457976987 -1.2491095280457072
59.4 -1.920351750541978 -1.246096411256234
59.45 -1.9227128978821941 -1.243392138816239
59.5 -1.9246860015645366 -1.2411323010666144
59.55 -1.9262480758858678 -1.2393418709973238
59.6 -1.9276779396117407 -1.23769540516581
59.65 -1.9286220612576255 -1.2365982108975173
59.7 -1.929448384528199 -1.2356241552026959
59.75 -1.9297874158714923 -1.2352155039744854
59.8 -1.9300212686314517 -1.2349249006971519
59.85 -1.9302831229442323 -1.234589946918283
59.9 -1.9305721413930683 -1.2342092793528523
59.95 -1.9309219909653381 -1.2337318748751864
60.0 -1.9312609010469854 -1.2332498855058582
60.05 -1.9316588791841987 -1.2326240320026745
60.1 -1.9320831814019865 -1.2317721988776298
60.15 -1.9325232893384094 -1.230685505651356
60.2 -1.9329753688936449 -1.229355178289732
60.25 -1.9334361050388982 -1.2277937136167445
60.3 -1.9339040135230825 -1.226251692260826
60.35 -1.934377561449653 -1.224804864152184
60.4 -1.9348557876490466 -1.2234552810913975
60.45 -1.9353122918223817 -1.222206012411704
60.5 -1.9356827190730594 -1.221061819698555
60.55 -1.9359471763634173 -1.2201114588756137
60.6 -1.9360722988943786 -1.2195514691031986
60.65 -1.9361390283902737 -1.2190973527906819
60.7 -1.9361661305130893 -1.21866739420248
60.75 -1.9361801263274512 -1.2184456348803112
60.8 -1.9361740783330814 -1.2183743850088489
60.85 -1.9361651764643286 -1.2183478975705213
60.9 -1.9361550357367914 -1.2184561383601327
60.95 -1.9361224525807694 -1.2178732411392974
61.0 -1.9360648562631337 -1.2171908220674235
61.05 -1.9359113506773211 -1.215787292154998
61.1 -1.9356986228662514 -1.2142675786218344
61.15 -1.935327996906136 -1.2120516653727913
61.2 -1.9348740508723734 -1.2097402766553642
61.25 -1.9342111291389228 -1.2067617019648489
61.3 -1.9334487329885635 -1.2037023403990084
61.35 -1.9324292484222636 -1.1999740576752442
61.4 -1.9312640187141001 -1.1960576329195918
61.45 -1.9296343156921076 -1.1909585569109613
61.5 -1.9273453982634658 -1.1842342701678283
61.55 -1.9244267322677198 -1.1761248581696877
61.6 -1.9212754232377496 -1.1677905604004186
61.65 -1.9179585573226192 -1.1593868015964608
61.7 -1.914487898076371 -1.1509092915807737
61.75 -1.9108758286724523 -1.1423531491422625
61.8 -1.9071353569223255 -1.1337129466296971
61.85 -1.903280112871273 -1.1249827371349126
61.9 -1.8993243473849557 -1.1161560787812486
61.95 -1.8952829405864042 -1.107226074231202
62.0 -1.8911714247711078 -1.0981854389244667
62.05 -1.8870288057222315 -1.0890839091018125
62.1 -1.8828861691531937 -1.0799823407122906
62.15 -1.8787435325623696 -1.0708807723375071
62.2 -1.874600895949123 -1.0617792039766212
62.25 -1.8704582593129686 -1.052677635628996
62.3 -1.8663156226535345 -1.0435760672941525
62.35 -1.8621729859705367 -1.0344744989717254
62.4 -1.8580303492637538 -1.0253729306614336
62.45 -1.8538877124980655 -1.0162713623683832
62.5 -1.8497450754373357 -1.0071697941187658
62.55 -1.8456024384114078 -0.9980682258543495
62.6 -1.841459801420533 -0.9889666575750177
62.65 -1.8373171644648993 -0.9798650892805963
62.7 -1.8331745275446443 -0.9707635209708929
62.75 -1.8290318906598746 -0.9616619526457321
62.8 -1.824889253810669 -0.9525603843049547
62.85 -1.8207466169970903 -0.9434588159484242
62.9 -1.816603980208704 -0.934357247199831
62.95 -1.8124613434193888 -0.9252556780763627
63.0 -1.808318706630559 -0.9161541089541753
63.05 -1.8041760698420246 -0.9070525398328017
63.1 -1.800033433053671 -0.8979509707119533
63.15 -1.7958907962654254 -0.8888494015914415
63.2 -1.7917481594772482 -0.879747832471158
63.25 -1.7876055226891112 -0.870646263351023
63.3 -1.783462885901 -0.8615446942309892
63.35 -1.779320249112904 -0.8524431251110263
63.4 -1.7751776123248162 -0.8433415559911102
63.45 -1.7710349755367358 -0.8342399868712329
63.5 -1.7668923387486595 -0.8251384177513794
63.55 -1.7627497019605836 -0.8160368486315422
63.6 -1.7586070651725063 -0.8069352795117117
63.65 -1.7544644283844335 -0.797833710391899
63.7 -1.7503217915963603 -0.7887321412720913
63.75 -1.7461791548082903 -0.779630572152299
63.8 -1.7420365180202178 -0.7705290030325004
63.85 -1.7378938812321407 -0.761427433912696
63.9 -1.7337512444440724 -0.7523258647929093
63.95 -1.7296086076559958 -0.7432242956731122
64.0 -1.7254659708679239 -0.7341227265533257
64.05 -1.721323334079856 -0.725021157433551
64.1 -1.7171806972917922 -0.7159195883137891
64.15 -1.7130380605037239 -0.7068180191940155
64.2 -1.7088954237156493 -0.697716450074234
64.25 -1.7047527869275734 -0.6886148809544524
64.3 -1.7006101501394948 -0.6795133118346667
64.35 -1.6964675133514133 -0.6704117427148786
64.4 -1.6923248765633336 -0.6613101735951001
64.45 -1.6881822397752508 -0.652208604475318
64.5 -1.6840396029871672 -0.6431070353555355
64.55 -1.6798969661990808 -0.6340054662357562
64.6 -1.6757543294109916 -0.6249038971159749
64.65 -1.6716116926228983 -0.6158023279961918
64.7 -1.6674690558348026 -0.6067007588764107
64.75 -1.6633264190467065 -0.5975991897566353
64.8 -1.6591837822586075 -0.5884976206368592
64.85 -1.655041145470506 -0.5793960515170827
64.9 -1.6508985086824064 -0.5702944823973115
64.95 -1.6467558718942994 -0.5611929132775321
65.0 -1.6426132351061944 -0.5520913441577608
65.05 -1.6384705983180894 -0.5429897750379933
65.1 -1.6343279615299793 -0.5338882059182234
65.15 -1.6301853247418723 -0.5247866367984627
65.2 -1.6260426879537608 -0.5156850676786934
65.25 -1.6221610369983197 -0.5071568967337137
65.3 -1.618432663538297 -0.49896548380194405
65.35 -1.6149909605818449 -0.4914038994380823
65.4 -1.6112741871429896 -0.4832379708638574
65.45 -1.6074671041588804 -0.4748736291482631
65.5 -1.603324467663221 -0.4657720607337482
65.55 -1.5991818309269192 -0.4566704923471378
65.6 -1.5950391941107267 -0.4475689239706354
65.65 -1.5908965573199936 -0.4384673552659333
65.7 -1.586753920527299 -0.4293657861423864
65.75 -1.5826112837353312 -0.42026421702053485
65.8 -1.5784686469438245 -0.41116264789977147
65.85 -1.574326010152607 -0.402061078779703
65.9 -1.5701833733615786 -0.3929595096600936
65.95 -1.5660407365706712 -0.3838579405407863
66.0 -1.561898099779845 -0.3747563714216864
66.05 -1.5577554629890724 -0.365654802302723
66.1 -1.553612826198338 -0.3565532331838577
66.15 -1.5494701894076273 -0.34745166406505856
66.2 -1.5453275526169352 -0.3383500949463086
66.25 -1.5411849158262574 -0.32924852582759795
66.3 -1.5370422790355878 -0.3201469567089099
66.35 -1.5328996422449221 -0.3110453875902348
66.4 -1.5287570054542643 -0.3019438184715793
66.45 -1.5246143686636102 -0.2928422493529341
66.5 -1.5204717318729581 -0.28374068023429766
66.55 -1.516329095082307 -0.27463911111566236
66.6 -1.5121864582916604 -0.26553754199703855
66.65 -1.5080438215010095 -0.2564359728784079
66.7 -1.5039011847103705 -0.2473344037598033
66.75 -1.499758547919717 -0.2382328346411672
66.8 -1.4956159111290661 -0.22913126552253835
66.85 -1.4914732743384225 -0.22002969640392145
66.9 -1.4873306375477828 -0.21092812728531543
66.95 -1.483188000757142 -0.20182655816670583
67.0 -1.4790453639664958 -0.1927249890480913
67.05 -1.4749027271758468 -0.18362341992947986
67.1 -1.4707600903851943 -0.17452185081086743
67.15 -1.466617453594542 -0.16542028169225653
67.2 -1.4624748168038886 -0.15631871257364588
67.25 -1.4583321800132312 -0.14721714345502876
67.3 -1.454189543222575 -0.13811557433642535
67.35 -1.4500469064319177 -0.1290140052178162
67.4 -1.445904269641259 -0.11991243609920667
67.45 -1.4417616328505984 -0.11081086698059833
67.5 -1.4376189960599353 -0.10170929786198869
67.55 -1.4334763592692696 -0.09260772874337708
67.6 -1.4293337224786036 -0.08350615962476864
67.65 -1.4251910856879366 -0.07440459050616281
67.7 -1.4210484488972681 -0.06530302138755947
67.75 -1.4169058121065965 -0.05620145226895253
67.8 -1.412763589581237 -0.04710079331034355
67.85 -1.4086209527905884 -0.03799922419167219
67.9 -1.4044783159999434 -0.02889765507301153
67.95 -1.4003356792093062 -0.019796085954366844
68.0 -1.3961930424186695 -0.01069451683572728
68.05 -1.392050405628032 -0.0015929477170898974
68.1 -1.3879077688373969 0.007508621401543683
68.15 -1.383765132046763 0.01661019052017116
68.2 -1.3796224952561333 0.025711759638790087
68.25 -1.3754798584654926 0.03481332875743136
68.3 -1.3713372216748585 0.043914897876062335
68.35 -1.3671945848842302 0.053016466994683896
68.4 -1.36305194809361 0.06211803611329349
68.45 -1.358909311302982 0.07121960523191488
68.5 -1.3547666745123532 0.08032117435053338
68.55 -1.3506240377217247 0.08942274346914769
68.6 -1.3464814009310906 0.09852431258776925
68.65 -1.3423387641404536 0.10762588170639116
68.7 -1.3381961273498157 0.11672745082501088
68.75 -1.3340534905591783 0.12582901994362658
68.8 -1.3299108537685356 0.13493058906224756
68.85 -1.3257682169778937 0.14403215818086162
68.9 -1.3216255801872498 0.1531337272994747
68.95 -1.317482943396602 0.16223529641809123
69.0 -1.3133403066059535 0.1713368655367077
69.05 -1.3091976698153032 0.18043843465531972
69.1 -1.3050550330246464 0.18954000377394165
69.15 -1.300912396233993 0.19864157289255396
69.2 -1.296769759443339 0.20774314201116473
69.25 -1.2926271226526838 0.21684471112977471
69.3 -1.288484485862025 0.2259462802483865
69.35 -1.284341849071365 0.23504784936699807
69.4 -1.2801992122806998 0.2441494184856111
69.45 -1.2760565754900355 0.2532509876042192
69.5 -1.2719139386993699 0.2623525567228281
69.55 -1.2677713019087031 0.2714541258414342
69.6 -1.263628665118032 0.28055569496004534
69.65 -1.2594860283273632 0.2896572640786474
69.7 -1.2553433915366918 0.2987588331972526
69.75 -1.251200754746017 0.3078604023158558
69.8 -1.2470958158652754 0.31687914740120343
69.85 -1.2433587428591968 0.3250896736541845
69.9 -1.239775361706398 0.33296253176896573
69.95 -1.2364612519480664 0.34024378779111286
70.0 -1.2333169903246486 0.347151879594006
70.05 -1.2304171442724343 0.353522978714139
70.1 -1.2277285727160143 0.35942989792317004
70.15 -1.2252429903600166 0.36489084013878625
70.2 -1.2229935383144686 0.36983299302629075
70.25 -1.2209222196453458 0.37438377833369585
70.3 -1.2191284576474763 0.37832475861801446
70.35 -1.217486316151605 0.38193262140775425
70.4 -1.2162161834265286 0.38472316330429335
70.45 -1.2152178076660163 0.386916642306918
70.5 -1.214389279998575 0.38873695686032345
70.55 -1.213879735351983 0.3898564506934163
70.6 -1.2134667141287574 0.39076387786508454
70.65 -1.2134037459434088 0.39090222203296615
70.7 -1.2134037459434088 0.39090222203296615
70.75 -1.2134037459434088 0.39090222203296615
70.8 -1.2134037459434088 0.39090222203296615
70.85 -1.2134037459434088 0.39090222203296615
70.9 -1.2134037459434088 0.39090222203296615
70.95 -1.2134037459434088 0.39090222203296615
71.0 -1.2134037459434088 0.39090222203296615
71.05 -1.2134037459434088 0.39090222203296615
71.1 -1.2134037459434088 0.39090222203296615
71.15 -1.2134037459434088 0.39090222203296615
71.2 -1.2134037459434088 0.39090222203296615
71.25 -1.2134037459434088 0.39090222203296615
71.3 -1.2134037459434088 0.39090222203296615
71.35 -1.2134037459434088 0.39090222203296615
71.4 -1.2134037459434088 0.39090222203296615
