3.926 1.0037692617655996 -0.49992282810744626
4.012 0.9994786924580144 -0.4997027977727689
4.109 0.9976171358898424 -0.4994393945966677
4.208 1.0051130211526216 -0.5013417392310516
4.265 0.9913609750844206 -0.5013231931304648
4.353 1.0108164477930086 -0.5011497923294137
4.4 1.021973222383028 -0.5014435748910854
4.492 1.011610950509132 -0.5006875649854585
4.5920000000000005 1.0191142931655168 -0.5000097482680192
4.599 1.0196641826003012 -0.49997159296942745
4.679 1.0314016375573443 -0.49835161808289674
4.736 1.0257920722745757 -0.49978915778460825
4.828 1.0357237370012478 -0.49940854834958126
4.934 1.0324406566325655 -0.4995460722132549
4.986 1.065106366152255 -0.4991211888078397
5.061 1.0701264132834902 -0.5026502365275267
5.159 1.0840086884566993 -0.5021068411556097
5.256 1.1090741454085749 -0.4969789193680514
5.344 1.122827377197384 -0.5027102940057635
5.358 1.1268450057954886 -0.5027087133189534
5.441 1.1583988269649645 -0.5014675190670083
5.494 1.1699193737388678 -0.5017343078184756
5.594 1.1828005284659369 -0.5022407824770407
5.671 1.2006322638871954 -0.49729709451622767
5.775 1.1822618321591347 -0.4980801093437378
5.869 1.2035966177175395 -0.4986866291406064
5.89 1.2101783530235066 -0.4985345466284843
5.99 1.2423940932330713 -0.49792207243923153
6.074 1.2458817383208614 -0.501031922786379
6.171 1.2570625060467773 -0.49742928650100915
6.194 1.2626624364942902 -0.4972330825092795
6.271 1.313553681948489 -0.5037391352777756
6.358 1.3110061285263943 -0.4974981152788121
6.462 1.3358754918647575 -0.49890172457972004
6.495 1.3464091608903506 -0.49887904837881686
6.594 1.343439017614138 -0.5004550058227467
6.686 1.3784979360224243 -0.4940664774716683
6.747 1.361299320275928 -0.4970654744098679
6.85 1.4070922915420823 -0.4994448600579059
6.937 1.4385301284598726 -0.5012266560354418
6.981 1.443680416532611 -0.5014047828425559
7.081 1.4379068400605908 -0.4989141064483561
7.177 1.4264238324469123 -0.5026228570811011
7.23 1.457159859043997 -0.49865842452692494
7.323 1.489539084485575 -0.49907756740445547
7.433 1.4992588123103314 -0.4961624506259908
7.483 1.5239699387683714 -0.4960585541629987
7.582 1.551988591993932 -0.506204271082339
7.682 1.542759857213967 -0.5065217409954644
7.7170000000000005 1.544762707084336 -0.5040786344998465
7.803 1.5497011956576288 -0.5038872031265881
7.905 1.611255848027707 -0.49966081731916545
7.961 1.6186425959743205 -0.4995875437206857
8.054 1.648371619528985 -0.5015549941567881
8.154 1.6304675926593268 -0.4996441866487556
8.248 1.6664582467436895 -0.5007387437118581
8.348 1.689467920395246 -0.49573324351766834
8.447 1.7024802997134594 -0.4953125490825605
8.535 1.7341306896043656 -0.49771587067160944
8.537 1.7350249833518914 -0.49771652587772836
8.645 1.7769571723333664 -0.49417543444239614
8.738 1.8014901500410716 -0.49385480256980274
8.816 1.8146430869475703 -0.4934238184943228
8.819 1.815213838927428 -0.49341744102699986
8.916 1.8144621849862226 -0.4938681102557062
9.009 1.8230321854429634 -0.4958967501800939
9.083 1.8512330859505397 -0.4960325153370996
9.194 1.8712962094546184 -0.49184344544244557
9.27 1.9022543160160719 -0.4958617657064786
9.345 1.9025974060504425 -0.49313671860649033
9.441 1.9068035519442292 -0.4946293355370697
9.534 1.9075832092124918 -0.49495357143271146
9.625 1.947150375066787 -0.4946112039756692
9.735 1.955977785484161 -0.4952202335108881
9.824 1.9703484900322616 -0.4951597137361492
9.921 2.003784764401621 -0.4950404709737529
10.014 2.0008118221353905 -0.4943264244081776
10.025 2.000218515952801 -0.4943426391003992
10.117 2.030580238215904 -0.49683671406798857
10.205 2.0517433670263823 -0.49933442018748825
10.299 2.098432581000043 -0.5006640205731994
10.394 2.0690979781026537 -0.49477472543183615
10.48 2.0575272629245753 -0.49465797004080514
10.582 2.116565630390636 -0.49410442674701255
10.682 2.150831377053843 -0.49293642392753034
10.781 2.1689290781668418 -0.4952385808422992
10.801 2.1524947503566714 -0.496697620821954
10.899000000000001 2.188351182262557 -0.4964852830608655
10.977 2.187803675512332 -0.4937584655710515
11.057 2.2056922977168125 -0.49453129469395574
11.149000000000001 2.24123617531046 -0.4934403157217351
11.232 2.26443063578255 -0.4926564052119586
11.325 2.2752466145967087 -0.494672878350187
11.417 2.291791396420218 -0.49305851899069864
11.49 2.2964606024809835 -0.49337733173898896
11.578 2.2949126300094833 -0.49595206868571773
11.674 2.3373266434708615 -0.49462123472547265
11.767 2.3573343890655303 -0.4942548954033893
11.861 2.3584545320046004 -0.49418225793990306
11.943 2.349730531007565 -0.49706061451576733
12.003 2.3948516831374707 -0.4968508842669083
12.08 2.403065420700053 -0.4969169005021732
12.179 2.411720107563091 -0.49684435230783436
12.276 2.4298975138231977 -0.49366876768952767
12.368 2.4474560240161276 -0.4946820372267085
12.468 2.4710458571454565 -0.49521576356885877
12.565 2.4767158011094246 -0.4977834802717182
12.619 2.4862709323042607 -0.49726411068290977
12.714 2.467377577929443 -0.49790535476522557
12.812 2.460531932270324 -0.506202838791753
12.902 2.4867583657827366 -0.4949009749495786
12.994 2.4882012264709266 -0.49589489307834855
13.095 2.461037695998796 -0.5010707474892785
13.194 2.5093363033870792 -0.5023644605560286
13.267 2.47217302270433 -0.5057792242266002
13.364 2.4764173109659904 -0.4963303630416812
13.451 2.4747386599976022 -0.5114085026109364
13.546 2.4934853083390385 -0.49931680196520556
13.64 2.481610459964543 -0.48776561697267873
13.737 2.5098327337905064 -0.53173165678167
13.838000000000001 2.513026208352604 -0.51333939120644
13.929 2.497762130752743 -0.5061453076577795
14.02 2.4858630535660287 -0.4869191798868014
14.079 2.4931647157429424 -0.49930734759571066
14.185 2.498421581864487 -0.514007046337023
14.284 2.4749950962372784 -0.485414984617173
14.369 2.4908132764345883 -0.5038847839479679
14.461 2.466371473668543 -0.48970292641751145
14.558 2.4874189926800208 -0.48729997332117375
14.653 2.483028565527188 -0.491641901228965
14.729 2.464541872177684 -0.5116250076296318
14.839 2.504244155289261 -0.5145311487387911
14.924 2.493483054277724 -0.49111283122985117
15.018 2.478697323365922 -0.5031098864277482
15.109 2.476674628989518 -0.5078977163324246
15.206 2.480074120302073 -0.5076903059104714
15.301 2.4726443228139092 -0.5127141909293397
15.374 2.468357565756192 -0.5198062058622692
15.452 2.4654238165534084 -0.5287534502714073
15.551 2.4636239435321268 -0.5267053072520689
15.64 2.4606122027474013 -0.5327957714981869
15.725 2.4816503615551753 -0.5370116466358614
15.826 2.4775337168419487 -0.510808735430796
15.924 2.4811742348344694 -0.5375923740184773
15.954 2.4768956057299363 -0.542987397036965
16.026 2.4646758039962338 -0.5285850040122796
16.143 2.4647571145306695 -0.538218191598582
16.229 2.4612680045597566 -0.5329372376892354
16.32 2.4671126008801014 -0.5248096727783718
16.418 2.4554003851021537 -0.5409856860054922
16.502 2.4544640489871363 -0.5423444881005596
16.599 2.4447889132470655 -0.5550249778983842
16.687 2.4490293163198475 -0.5501904751870073
16.784 2.444242659023178 -0.556884041200404
16.885 2.4140648958373983 -0.6276635368391088
16.932 2.4223186273696715 -0.5878813479032557
17.014 2.414189716833391 -0.5995406533588055
17.114 2.4059795526495296 -0.6109889334411389
17.213 2.387366782394617 -0.636874721186062
17.286 2.3785719543679065 -0.6482645553994218
17.377 2.3846719748271203 -0.637726615795924
17.471 2.347273264962179 -0.6933872171385462
17.565 2.3308902441260617 -0.7145114726714754
17.666 2.3326930672114052 -0.7117088528003296
17.758 2.316576423807287 -0.7357731384348789
17.821 2.31745331417692 -0.7338281055893793
17.92 2.309064018947283 -0.7501609099029013
17.999 2.2922688745994924 -0.7732083386769346
18.093 2.2951037696919094 -0.7650275538934522
18.188 2.279344604518491 -0.7898000230953118
18.286 2.2541473085940553 -0.8435343790806226
18.327 2.2566434177613965 -0.8209593788571455
18.412 2.245551073533016 -0.8569651049123376
18.515 2.2336240169106523 -0.8490045719779569
18.593 2.2127012728931206 -0.8773983733805776
18.604 2.233934967124862 -0.85099078350921
18.685 2.22158155758223 -0.8703080476001944
18.763 2.1976680249977214 -0.8900907761926532
18.833 2.193322678247101 -0.895357095831915
18.934 2.1846694277396397 -0.9458835796610442
19.006 2.171897312300088 -0.926510787149829
19.077 2.17841890288405 -0.9170579691315038
19.172 2.148396934423784 -0.9591791006098096
19.271 2.1520948367170543 -0.9653098200300497
19.348 2.1407370027379686 -0.9831873195260538
19.448 2.123242025259232 -1.0091492067283327
19.547 2.1116930061604027 -1.0101788678734551
19.647 2.099557574138559 -1.0280806943865788
19.66 2.096109665690852 -1.0327596064817726
19.757 2.1104960486970032 -1.02570713372745
19.852 2.0607126312503055 -1.0779324126192134
19.936 2.059400227168595 -1.0826929105452168
20.021 2.0522277069278365 -1.103845053738227
20.097 2.0463867092277797 -1.1104961907904298
20.185 2.0441645456053315 -1.110180581530794
20.281 2.0182522805722436 -1.1550858255488667
20.381 2.0038390061163645 -1.1553709566544885
20.467 1.995958388330382 -1.1679024383340257
20.567 1.9850403997327923 -1.2006842852293735
20.635 1.9977550943882099 -1.1855945382574349
20.731 1.9887418827710126 -1.1995003194283609
20.811 1.979170753542655 -1.2138753812194445
20.907 1.9660064946138949 -1.2320369484600073
20.936 1.9605762213284388 -1.2398156248337306
21.043 1.9474859618261091 -1.257526206991293
21.128 1.93485723447691 -1.2748277264424432
21.225 1.9256186288019295 -1.288019227267058
21.286 1.914898212716643 -1.302526005726443
21.374 1.9170587699631452 -1.2991179266745476
21.475 1.8857072411286269 -1.3199033676967475
21.57 1.8947120179163468 -1.3395712527170551
21.665 1.8885562756839431 -1.3428206055640288
21.763 1.8507814188446132 -1.3841055498805077
21.85 1.8421600548614057 -1.3815594442930077
21.946 1.8326001099707194 -1.4183860847962213
21.989 1.825733873127842 -1.427872495256911
22.089 1.8416896316042601 -1.3891540701539042
22.189 1.8475080914108832 -1.4024618649185951
22.272 1.8014008762927038 -1.4363913493541998
22.357 1.815177770613379 -1.4404198566577688
22.455 1.8347216106632898 -1.4272912975874876
22.555 1.78966169475689 -1.4677139917639388
22.648 1.8238425824295248 -1.4404261897728647
22.746 1.7788977894342168 -1.486345640131872
22.833 1.8342913784981112 -1.4227578602352349
22.933 1.8003079759625522 -1.4556200877458603
23.0 1.7938945081315483 -1.4718771996027888
23.097 1.7946095445441586 -1.4829685768785819
23.197 1.827920642356903 -1.4421330377851256
23.292 1.781192935583977 -1.520119928345182
23.387 1.8186256056020162 -1.471015330273642
23.473 1.800436830728745 -1.519677700573012
23.567 1.7601641348636985 -1.5752506736655376
23.667 1.7626808315096425 -1.5780054139292932
23.698 1.7573356139764311 -1.5917608087643424
23.793 1.7917662930566571 -1.5482086916267337
23.866 1.7788805669444443 -1.5711866704297834
23.951 1.7682299229640561 -1.6059075688284152
24.041 1.7737916441893007 -1.599308582615863
24.146 1.7499030611133386 -1.65509328501938
24.233 1.7519746723812772 -1.6421860258700425
24.259 1.7497706696824777 -1.6478647886343571
24.361 1.7378784056482202 -1.6782217603042295
24.439 1.73585736853289 -1.692311629079133
24.525 1.7222318665229637 -1.7164597685450647
24.571 1.720176698554071 -1.7220634097264291
24.668 1.7066634026508025 -1.7780324635797464
24.734 1.71049748742882 -1.7482662215552425
24.831 1.7043467014912146 -1.7786820463770985
24.888 1.6998927642091088 -1.790738142104454
24.971 1.7029644896296112 -1.7830775721376524
25.05 1.6864486795560416 -1.8079811603321092
25.135 1.6804778744437807 -1.839687794142491
25.194 1.6774768979226844 -1.848317083026763
25.293 1.654252742425852 -1.9006593815975925
25.341 1.665097708366454 -1.871101540439087
25.411 1.6379174967658565 -1.893584649051423
25.436 1.6359810702356505 -1.8989504694325172
25.538 1.6496797811700061 -1.9290189906815856
25.579 1.6443703667468215 -1.9439138772038338
25.677 1.6397207300711656 -1.949593275116935
25.744 1.6443354306716376 -1.9478918279857087
25.835 1.641319917095727 -1.9558404808624112
25.925 1.6357093400301512 -1.971353810990163
25.961 1.6328506327612562 -1.9796589757698673
26.033 1.614424468572954 -2.02475739628646
26.135 1.6196669047589551 -2.011490099899937
26.164 1.6159931984090272 -2.0227431759666614
26.253 1.610645529914494 -2.041216048635849
26.349 1.605268191855635 -2.0457284769006594
26.444 1.5954782740991391 -2.0829836316952544
26.48 1.5917794216880523 -2.093312145922458
26.576 1.5793752196224269 -2.1230748080040773
26.674 1.5812538569325876 -2.116071684463401
26.774 1.5662942028663185 -2.163668236659157
26.786 1.5667873562820749 -2.1624571335659306
26.884 1.561273109444036 -2.175810074556984
26.948 1.5642238727147342 -2.1686205377221173
27.059 1.5508457719600828 -2.2041578296735707
27.127 1.5420973507818763 -2.2282169651250103
27.203 1.5417647750303327 -2.227496534090874
27.306 1.5354311601578774 -2.2487418062017057
27.408 1.5368945304598793 -2.2498613790043427
27.409 1.5367660474447646 -2.2502278642963627
27.506 1.5230288568749246 -2.2862672861653546
27.601 1.5151773466974703 -2.2972572822571027
27.703 1.5012225140127786 -2.3408806580958856
27.708 1.5004136174257727 -2.343100875088762
27.805 1.505341311704989 -2.3337984092249244
27.906 1.497749422014035 -2.3688802132767983
28.009 1.486126693348154 -2.384595991472419
28.026 1.4862284612582672 -2.3843461071443834
28.129 1.4741484286306485 -2.4175693201377775
28.216 1.4697282285873439 -2.4323808877985527
28.307 1.4618858912253547 -2.45177787316675
28.363 1.4521037017996352 -2.479332413205203
28.457 1.4546817718423968 -2.4709157029263653
28.549 1.4614347948539637 -2.460212719359952
28.645 1.45336975851988 -2.4772992077777416
28.683 1.4534692132562768 -2.478513277553226
28.786 1.4315994587720633 -2.5251892577729236
28.861 1.4325688749950227 -2.532880536580088
28.952 1.4184274951905782 -2.5682838376559043
28.988 1.4139293889783338 -2.580753007708724
29.086 1.4155502980827477 -2.584189411320185
29.187 1.414416905719609 -2.599309243651147
29.265 1.4082216504912664 -2.6062479185758556
29.318 1.40282076982822 -2.6209421191687543
29.416 1.4144598723019481 -2.5932202427204225
29.506 1.388571236491882 -2.659978762099546
29.587 1.3806792242509422 -2.680504809606046
29.645 1.3710030426769515 -2.6886275056722195
29.74 1.3784337818846326 -2.687197687478081
29.847 1.3689767592773476 -2.7212796353119892
29.925 1.3596954273618869 -2.741682561344262
30.0 1.35225976121681 -2.762960156008704
30.005 1.3561126084887698 -2.751724198245045
30.109 1.3535603252397292 -2.759792529648542
30.193 1.3480956266260233 -2.77561496785312
30.23 1.3354361238700287 -2.7939666278109287
30.333 1.3515011741610097 -2.772906653344679
30.45 1.3182925118507614 -2.8601574235128004
30.526 1.3223018135139826 -2.8438739000037243
30.622 1.3058924349702903 -2.8793495364924677
30.63 1.3051869790330164 -2.8810154585387933
30.739 1.304457330413789 -2.8815072901792207
30.835 1.2963340115735176 -2.8991434072257833
30.91 1.2848503372118896 -2.9203957258225928
30.929 1.28235595999962 -2.9244784794791436
31.046 1.2519809686180907 -2.9776281552063932
31.124 1.2575285896385402 -2.960026468025844
31.218 1.2449241780086522 -2.9811005442685654
31.241 1.242509436556835 -2.9851181287101447
31.336 1.2292770075978179 -3.0055922327749474
31.409 1.2387964245242933 -2.988268214163158
31.513 1.2383092454428275 -2.989211376164324
31.595 1.2285283073330189 -3.005440931170146
31.694 1.2175364530068546 -3.025341007398236
31.789 1.2169158564305431 -3.0257455488629614
31.883 1.1958466663556375 -3.058385804341931
31.927 1.1983292640694079 -3.053587594663231
32.022 1.1790705143132079 -3.0818942548694848
32.115 1.1759645957193756 -3.085271343757113
32.218 1.123334338674798 -3.1870084617477574
32.272 1.1196199145106522 -3.1966010882925655
32.364 1.1142273085244911 -3.2117750088012866
32.464 1.1224399474453826 -3.18982447679126
32.563 1.1012770103401746 -3.243362678808963
32.629 1.1015012559821813 -3.242775588763959
32.721000000000004 1.1208115742178801 -3.218838255716011
32.82 1.1123867809804815 -3.221567114744916
32.925 1.1121313181275125 -3.252535316285326
33.011 1.107744002220876 -3.264399148571097
33.018 1.1067077030792332 -3.2671647000982498
33.117 1.095490115972168 -3.284866838719938
33.218 1.0724660206003722 -3.3272857364306203
33.308 1.0784016737571767 -3.3286065732899086
33.407 1.0679058322246595 -3.352106395084304
33.505 1.0562971340173355 -3.3652052346936308
33.601 1.0496292174680781 -3.377904483966879
33.701 1.0474571401127792 -3.40934568090595
33.76 1.0497992331694648 -3.403181902364135
33.854 1.0235878127453781 -3.4533123395294156
33.95 1.0198948728668245 -3.463541119291919
34.05 1.0103793992173211 -3.4870016570242472
34.135 1.0106333245670958 -3.4893300268561904
34.2 0.9998011921922789 -3.5178239701816922
34.29 0.9946804465570687 -3.532282633697853
34.389 0.9846725313333685 -3.55640137300137
34.486 0.9745691237730063 -3.5831709970615866
34.585 0.9857100329292754 -3.5575754236623567
34.689 0.9638042571373057 -3.6056375449727622
34.782 0.9634455948966398 -3.616079208267498
34.881 0.9530461374431426 -3.639279010090248
34.899 0.9530409271418473 -3.6387776948193022
34.998 0.9530541153343759 -3.645960821348184
35.094 0.9523654263414528 -3.6461028306958405
35.189 0.9415005188237813 -3.669456607291415
35.275 0.9457480433430113 -3.6642539177891726
35.366 0.9435325491252838 -3.66707392027956
35.466 0.9423695749628586 -3.6737938217055603
35.563 0.948858599421332 -3.6541598986759687
35.661 0.9487868657920774 -3.659603204041113
35.758 0.9273022056934224 -3.696853255989538
35.798 0.9299507739958468 -3.6933772655896595
35.896 0.9535791372517239 -3.65924435396242
35.996 0.9383553024825347 -3.6785032814657956
36.067 0.938813368665736 -3.6858254122304754
36.166 0.9304423831780294 -3.6874959600000468
36.236 0.9349520720959631 -3.689943762961342
36.332 0.9164874286646849 -3.70980621330097
36.391 0.9096401453902035 -3.7215324621882475
36.49 0.9177564729092725 -3.7087287628215293
36.567 0.8982193877589828 -3.744761289316985
36.666 0.884545713419757 -3.7638328925005875
36.74 0.8913930691460499 -3.7640007457357476
36.839 0.8739251955574334 -3.7796538388943253
36.932 0.868638713748486 -3.795854331873594
37.029 0.8610750625870015 -3.8165642010817122
37.119 0.8512050883640576 -3.819430811277171
37.215 0.8334700445940643 -3.8583607087229015
37.3 0.8322569845660283 -3.857652894856073
37.383 0.8216555036112636 -3.8756808897260813
37.475 0.8043512803401077 -3.897057232531093
37.576 0.8012107528169957 -3.8964075236899802
37.606 0.8116283701579654 -3.87031512894026
37.637 0.8160517840514655 -3.8645235458856124
37.662 0.814795413620849 -3.865869247736939
37.693 0.816400130558008 -3.8639873906695046
37.723 0.8222175604669617 -3.8753196152212777
37.754 0.8219454933919006 -3.875592093952218
37.851 0.8482203391613257 -3.84978048097146
37.942 0.7967068483269358 -3.9101480202782612
38.037 0.7874313098150065 -3.9163169252499777
38.047 0.786383536573479 -3.9170705477000864
38.146 0.7899321477769065 -3.9151430629422186
38.245 0.7934341125978261 -3.91921677105409
38.344 0.7826292051836609 -3.9013162398146264
38.442 0.7827436205947319 -3.927363668587283
38.517 0.7740958374943113 -3.929996263208513
38.54 0.7620955391225914 -3.933924692739789
38.567 0.7639645349811861 -3.9334524673727587
38.598 0.7675063332536781 -3.932529486684098
38.632 0.7343327439989195 -3.926266309628534
38.659 0.7233307819525042 -3.9291748579058683
38.692 0.7197640754632075 -3.9303656057281606
38.719 0.7207101990373949 -3.9217842309863657
38.749 0.7169382645084832 -3.9225315779389636
38.781 0.7159202141503448 -3.922791431738807
38.804 0.7176090767160759 -3.922408720164053
38.834 0.7134558788449986 -3.923518315949633
38.862 0.6948577792175494 -3.9271229628112665
38.892 0.6815019498713706 -3.9299459893443256
38.919 0.7433751830677039 -3.9431860835200103
38.949 0.7391610510611843 -3.943799861348605
38.98 0.7339677096289342 -3.9444353143414053
39.008 0.7109079747401092 -3.917618061022324
39.037 0.6955865345260184 -3.919206232679959
39.067 0.6908290690608199 -3.919892676254978
39.098 0.6953625963166712 -3.919450276823132
39.125 0.6958574313273709 -3.9196701523966353
39.154 0.6988105382930033 -3.9190528831642863
39.184 0.6862636161629743 -3.920510871133787
39.217 0.6625034528497538 -3.939421221950128
39.244 0.6565608109178873 -3.939651053974841
39.273 0.6575660628613216 -3.9397150050817973
39.371 0.6485095961489651 -3.9406812526674853
39.468 0.6091617161894007 -3.932585364173184
39.563 0.6020540441684599 -3.930865290688062
39.582 0.5993348603145227 -3.930555703504666
39.685 0.5610969986524514 -3.936679046891372
39.781 0.5531232075343886 -3.937130118531426
39.881 0.5310208915130366 -3.9473415999873054
39.979 0.5440396087222477 -3.9320314038401154
40.077 0.5005213778733276 -3.9278798336957266
40.107 0.5030519349100362 -3.927952771144444
40.136 0.5001118016846664 -3.927840844628422
40.165 0.4883088427705585 -3.9258749297228324
40.2 0.47573627441969923 -3.9232623139895826
40.298 0.4983214232791022 -3.932364884603784
40.398 0.5312022813600557 -3.938006988681426
40.478 0.4794923167828873 -3.9260897692944496
40.515 0.4816764943670083 -3.927201784690148
40.607 0.5129654880867307 -3.9263291579900277
40.686 0.49614708002446756 -3.9182041703530572
40.796 0.49514514963490586 -3.9348081841379736
40.886 0.4797503225558337 -3.912882936112992
40.963 0.5215306631015789 -3.8976552434582756
40.966 0.5211395189444062 -3.8973573275647633
40.995 0.528727521140033 -3.90307357848431
41.027 0.4780124500487182 -3.908563469258533
41.055 0.471123294892635 -3.903078778065059
41.084 0.4686961871190532 -3.90123931029146
41.114 0.501301015787053 -3.904627409522869
41.144 0.49770441428970524 -3.9015853836677152
41.175 0.4878266357862609 -3.893676173411509
41.212 0.4791261184832173 -3.886908316403826
41.232 0.47608817730096364 -3.884619080293213
41.259 0.4682111992269057 -3.878381553677099
41.283 0.460818034888573 -3.8723093737643333
41.307 0.4511678411592195 -3.8788339097734363
41.336 0.4440923775461877 -3.87193805125301
41.364 0.4370075836447568 -3.8652276845249998
41.396 0.4311029738197762 -3.8595699116628635
41.427 0.4393211268144228 -3.866764642529795
41.454 0.43944522822465076 -3.866937626354915
41.481 0.433261796205319 -3.86042459268625
41.511 0.41938060250375425 -3.8443598418656326
41.536 0.41776374277469563 -3.84251495815236
41.564 0.41873025146151316 -3.843465349942489
41.586 0.415789561471405 -3.8407918324543853
41.609 0.40926186880694304 -3.833404833999333
41.641 0.40277637557268114 -3.825522633392617
41.672 0.3914284837282558 -3.811713135764352
41.701 0.3824754693004297 -3.830072011115681
41.738 0.37996165844383034 -3.827549119674538
41.765 0.3795065996628668 -3.827111218630056
41.795 0.37388263092695384 -3.820721607386874
41.82 0.4220968250336725 -3.8325263419339324
41.85 0.4238918726688025 -3.834545286753558
41.877 0.4231860397459465 -3.8337123186674136
41.898 0.41749770748993026 -3.826659591799989
41.925 0.35763585678923693 -3.8018249779616444
41.954 0.35915116954985943 -3.803373293695259
41.979 0.3534616781484004 -3.7974169716733575
42.007 0.3521230401439336 -3.7956490479121747
42.036 0.3510636556065424 -3.7942904879026598
42.06 0.35021909542695523 -3.7940971729373003
42.089 0.3501443844811022 -3.7944599409456385
42.117 0.3044952203756118 -3.7653309670660193
42.144 0.29774706923773075 -3.7579845514570067
42.174 0.29156818164197795 -3.751243999171415
42.201 0.31039433299042374 -3.7603688857787954
42.229 0.3047771515828628 -3.7539479229331114
42.259 0.3053809711885408 -3.7546264792280017
42.286 0.3014886193253084 -3.7500790551309073
42.327 0.2869583866151109 -3.7347212193814623
42.346 0.2808168965491002 -3.728162265088897
42.377 0.26566394637722507 -3.712221522526135
42.406 0.28092649329656666 -3.7147905364382012
42.436 0.27253615199850223 -3.70515605030186
42.471 0.2650874338431887 -3.6965701356553873
42.499 0.2632010388579011 -3.6942210439304906
42.528 0.25828894723365664 -3.688347131561834
42.554 0.2611012409668248 -3.6913371902479164
42.582 0.25796450369953833 -3.6873276947981304
42.611 0.2693536866295757 -3.7044123177341732
42.639 0.26463519897780324 -3.699224253382195
42.687 0.2607519745236405 -3.694847071068437
42.702 0.2298456288847033 -3.6753284492947924
42.726 0.2286662981855442 -3.674004350487842
42.755 0.22129329544215204 -3.6659534642274387
42.785 0.21353315157288133 -3.657145953005816
42.805 0.21967473655174666 -3.660593042054968
42.835 0.22146676246852215 -3.6627038582111435
42.868 0.21750285111315149 -3.6580133050713637
42.894 0.20963850841695816 -3.648962350671457
42.922 0.21937378886466097 -3.64270278460313
42.952 0.2214569151632779 -3.645034287327763
42.982 0.21617137465417974 -3.63906808254604
43.013 0.2064230202285387 -3.6280025181422393
43.041 0.20705754804760304 -3.627439194065984
43.069 0.20598126981516232 -3.6250044155682697
43.098 0.2074225810376573 -3.626551891069422
43.128 0.2345999236628132 -3.617558611764059
43.158 0.23255623925216715 -3.615017653993692
43.182 0.22802771446958045 -3.610107957854476
43.21 0.20348625486464839 -3.6338463088175184
43.236 0.195167065621935 -3.624643220068969
43.267 0.18777937347473278 -3.616361856844917
43.288 0.18252600354738813 -3.6102719283662315
43.312 0.23494246870656207 -3.596117769240589
43.336 0.24185486509804863 -3.60365278994242
43.365 0.23414223714801471 -3.5948733370279915
43.395 0.22778653569478893 -3.5877354376646964
43.416 0.15380643020698595 -3.570097064206749
43.447 0.15102580164071355 -3.5668028787506594
43.474 0.1438567578818466 -3.558550920719246
43.501 0.15311665972017177 -3.567475213262408
43.522 0.1448136805063133 -3.558282979955551
43.554 0.14410725051690834 -3.5568498143470837
43.581 0.14350437296283228 -3.5566775898524554
43.612 0.1365163888704633 -3.5437047897031033
43.64 0.13893467742625754 -3.546490180140078
43.67 0.13101442098236443 -3.5371333197943464
43.707 0.13018434330445142 -3.536741399375818
43.728 0.12658863849802462 -3.5325579464525947
43.754 0.12766450650942043 -3.533845371812718
43.779 0.12231251223965207 -3.5282958945881977
43.809 0.168912655121481 -3.524757875472534
43.839 0.1658075351200905 -3.52136139032524
43.86 0.16417553397946638 -3.5201235731126572
43.891 0.16551416293122356 -3.521788360877843
43.921 0.12952729871341748 -3.477776178407865
43.95 0.12412476814671329 -3.4720310255012996
43.976 0.11890041768911301 -3.466241823305551
44.001 0.08247252860205204 -3.482077531758567
44.027 0.08034391037005617 -3.4795649323161433
44.053 0.07852257940223518 -3.4774345895722294
44.08 0.07338537125685589 -3.471621067400226
44.113 0.06496909417586286 -3.471843229743674
44.131 0.06970438024670625 -3.4773635784666332
44.156 0.06925434637126518 -3.4767816618109375
44.186 0.06115106667266196 -3.467169684909829
44.211 0.10503374832159583 -3.453866199040246
44.241 0.10189773303655936 -3.4500914714840443
44.266 0.09933349975920845 -3.446763934950025
44.299 0.09812091535291469 -3.4453670470700395
44.318 0.09446787230210973 -3.4411567628787174
44.349 0.08533910487121157 -3.4311921545248962
44.38 0.07859071284601238 -3.423708164865365
44.409 0.03316720157287418 -3.4339437734743012
44.432 0.032375485231741406 -3.4331131450979453
44.465 0.028126498128076976 -3.428342488673174
44.495 0.02961559642508234 -3.4300568591109974
44.52 0.011145844156153793 -3.417122523696367
44.548 0.000990500927409886 -3.4056209636789943
44.572 5.361490011397121e-05 -3.4048651392280838
44.602 0.008082367829054431 -3.4081355483446294
44.629 0.001786719175219567 -3.401078944925635
44.66 -0.004787994713126573 -3.39385156476737
44.684 -0.006317031927651985 -3.392053340466902
44.712 0.05237218528853375 -3.396345799004404
44.739 0.05295296199626776 -3.3967090457568134
44.769 0.045714327838214934 -3.3887173077591117
44.793 0.043899420418984536 -3.387395059966007
44.813 -0.03925524257174341 -3.3446703192045253
44.829 -0.03804969297953482 -3.3460782307385712
44.856 -0.03920812921983123 -3.3447645265645303
44.889 -0.04573688845783081 -3.337674029015633
44.92 -0.05520341846800286 -3.3246357064439063
44.946 -0.06151587158242581 -3.3172746917115568
44.975 -0.054364499375803864 -3.3248396994795097
44.998 -0.04965883882724569 -3.330311754668043
45.002 -0.0033139694608958136 -3.3313897186614048
45.033 -0.014731070796068583 -3.3187874831715023
45.048 -0.016435054227783213 -3.316820351600062
45.077 -0.023897856941524857 -3.308731693019781
45.102 -0.0736219474392312 -3.302581665430506
45.132 -0.0774100185756623 -3.2987191825272593
45.16 -0.08866825586814464 -3.28620648116579
45.187 -0.09267624402341279 -3.2823646697544144
45.204 -0.02567435406529297 -3.317444013120601
45.231 -0.030422892038812016 -3.312272957335652
45.261 -0.042656368621781356 -3.2982087886422895
45.286 -0.05374695224084648 -3.2855174485555056
45.301 -0.04344160061064897 -3.29747047020922
45.321 -0.04698109194671281 -3.293604248246788
45.346 -0.047978605404309656 -3.2923449392610906
45.378 -0.05710862129352118 -3.2821962770172877
45.406 -0.1040802375094326 -3.2691087167937867
45.436 -0.11244195141656256 -3.2596897398562374
45.464 -0.11237327543616635 -3.2600041443042804
45.491 -0.11114420537261516 -3.261863394441047
45.52 -0.1502960442355421 -3.2133669031318637
45.551 -0.1559666273629019 -3.2069767147660175
45.585 -0.14979710265359722 -3.213732294547386
45.609 -0.0715280981121392 -3.2663634187714434
45.638 -0.07119822287308936 -3.2667712611760105
45.668 -0.0707157291124804 -3.2674075038191353
45.69 -0.07627593801895657 -3.26106378032849
45.723 -0.09429853527305487 -3.227122337345563
45.75 -0.08951234922720688 -3.232567865344503
45.781 -0.0900579158769572 -3.2316641581727237
45.808 -0.0932301755607539 -3.228452394688987
45.834 -0.09069672546106301 -3.2316837372354357
45.864 -0.10261612290800723 -3.2171646751286986
45.894 -0.11152938614599757 -3.205971770171059
45.915 -0.10990373449465578 -3.225019128422765
45.94 -0.11312558387863078 -3.221412764252941
45.964 -0.11547820495943437 -3.219034341516228
45.986 -0.11552632742796833 -3.2191861310576217
46.016 -0.13234055055810665 -3.1940055017150897
46.045 -0.13877584809733073 -3.1871092990251033
46.072 -0.1438622321887444 -3.181779749419707
46.095 -0.14258671230538472 -3.18338535143402
46.116 -0.20235732862438818 -3.1627262332993644
46.142 -0.2014753683071994 -3.164312019987485
46.167 -0.20902400093228346 -3.1557047448097126
46.19 -0.20826643755194854 -3.156611272577727
46.219 -0.20690080946856765 -3.1527224056707013
46.247 -0.20722851252681634 -3.15225647914968
46.276 -0.2145227653513651 -3.1442778604900425
46.305 -0.2181158986843195 -3.1579315244584625
46.336 -0.22829563498162253 -3.1468920424875897
46.364 -0.23336377335062514 -3.1415275476091145
46.394 -0.23901593801204526 -3.1353488972361307
46.423 -0.24465808162376348 -3.1128751737975677
46.452 -0.23843979826674522 -3.1199563109305006
46.482 -0.24133013133524658 -3.1166391419760267
46.511 -0.1935625584320171 -3.132386465510671
46.539 -0.20628696874737928 -3.1183354291614194
46.564 -0.21105754628083034 -3.1128715468508394
46.588 -0.21212747812457922 -3.1119627275167874
46.602 -0.21283047175545308 -3.111106726652746
46.624 -0.2138687291160579 -3.1099836116768427
46.661 -0.22458161488893294 -3.0977424146894736
46.678 -0.22350630105517658 -3.0990964770624507
46.706 -0.2188594650817236 -3.1043919335231496
46.734 -0.22141123619790948 -3.1015370482018167
46.768 -0.2202379728980117 -3.1027859605271235
46.791 -0.22227812810741265 -3.1005417773380994
46.819 -0.3089333245466147 -3.041289661287684
46.85 -0.3130537418220474 -3.0365174387692817
46.878 -0.3224993653762786 -3.026113219093716
46.91 -0.2932592062993561 -3.0660072925216
46.939 -0.3039884191310972 -3.054309572245115
46.968 -0.3119909760895635 -3.0457091968943137
46.988 -0.3184108035712857 -3.0389584679421806
47.014 -0.31612623239273324 -3.04622946324778
47.05 -0.33514969160127417 -3.0242995298780184
47.076 -0.34044965094384555 -3.0185155023906223
47.105 -0.34132636581585746 -3.013574062919145
47.131 -0.33921269006231297 -3.0157762391373466
47.152 -0.34045011567608957 -3.0146193778042103
47.172 -0.34577238369206037 -3.0086100275849414
47.199 -0.35777446787032313 -2.9953648391909637
47.225 -0.35041133834903365 -3.0042210463097625
47.25 -0.350324520939426 -3.0042229190140026
47.274 -0.35616995737318896 -2.997881958790625
47.3 -0.3567048857469485 -2.997434221268943
47.318 -0.3549577378067541 -2.9765464880357517
47.343 -0.3554039146322318 -2.9759239442945096
47.373 -0.3574501146842245 -2.9742332368601674
47.4 -0.36004017680187417 -2.9716222084938164
47.427 -0.3882309254349314 -2.950637956500113
47.45 -0.38899570871164163 -2.9497416288500107
47.473 -0.3910622379769416 -2.9474536516682623
47.498 -0.39618900979330307 -2.9413749631907997
47.521 -0.3947020400393115 -2.9434288967879163
47.546 -0.3967316917797467 -2.9407032066279686
47.568 -0.40735583528779445 -2.928106913499199
47.592 -0.4057616466705728 -2.9297954754288087
47.616 -0.39339574296477375 -2.9602291657670396
47.644 -0.3986209492067123 -2.954238166257669
47.672 -0.39791189717642417 -2.954927754580965
47.699 -0.3972988039710612 -2.9555215054057995
47.724 -0.4154404331983352 -2.9317237190034375
47.753 -0.41758526555820125 -2.9292811336642273
47.777 -0.4233316326838099 -2.92304360121058
47.807 -0.4269967350533718 -2.918877932870363
47.826 -0.42872210841491976 -2.9165925171733966
47.847 -0.4333387143996162 -2.911477941602691
47.877 -0.42969753691506213 -2.914865165066955
47.912 -0.46077091940496706 -2.8779208852964655
47.94 -0.45815095422992874 -2.8805315485575167
47.97 -0.4600134540005301 -2.878204838289799
47.989 -0.46474647491403576 -2.8728037638291997
48.008 -0.4630690173053281 -2.868185247370827
48.029 -0.4629278923717272 -2.8683035696373027
48.06 -0.46566325815442655 -2.865168917129976
48.083 -0.46713897523822107 -2.8634290011983436
48.111 -0.4782973818111147 -2.8506048696519697
48.118 -0.4797337516195872 -2.8489563833835634
48.142 -0.4804097607975124 -2.8482562067886494
48.168 -0.4927250856420747 -2.8339301821859486
48.191 -0.4951623186205491 -2.830953472320416
48.215 -0.49533956109512817 -2.830915236064384
48.247 -0.49900157859402494 -2.8266326577874583
48.28 -0.50620104300797 -2.8175245300491345
48.302 -0.5107639298462674 -2.8149119890910224
48.325 -0.5128641461747637 -2.8125153681206005
48.352 -0.5208455839525566 -2.80339265383908
48.383 -0.5265569937844868 -2.7966166713846605
48.4 -0.5281791854044321 -2.7948031265673143
48.419 -0.5208512077741809 -2.8030187057677587
48.448 -0.5284060040033838 -2.794361715839022
48.477 -0.5304139666969542 -2.7922264855582086
48.505 -0.5097680155715947 -2.8107540589479183
48.534 -0.5165939836967508 -2.803243648626825
48.562 -0.5159759795425245 -2.8037345154814193
48.593 -0.522619842540343 -2.7965592786329654
48.631 -0.558596950390805 -2.7663986186945744
48.651 -0.5588492046417607 -2.7662611721083614
48.68 -0.565545837905179 -2.7588509295678585
48.71 -0.5732406158064153 -2.7495305489426487
48.739 -0.5769963512708922 -2.744746979289901
48.77 -0.571582962253048 -2.7507268983948006
48.8 -0.5758634204368226 -2.745785862082723
48.828 -0.587729200852735 -2.7225935072511707
48.862 -0.5909309402390949 -2.718405459209753
48.887 -0.5925711696287755 -2.7165834445203765
48.917 -0.6014731614135895 -2.70659751908246
48.946 -0.6079242874786214 -2.699521995935358
48.977 -0.6138466200959666 -2.6932658985943325
49.009 -0.5709983697469341 -2.757897738481212
49.035 -0.5773342344633067 -2.750897597878221
49.069 -0.5899708296555752 -2.7358904281105656
49.094 -0.5969506001656291 -2.7276371018384338
49.127 -0.6045856577722033 -2.718235655502613
49.153 -0.6123432967898872 -2.709598000830674
49.171 -0.6116109550080591 -2.7109471781068044
49.189 -0.6089873920115627 -2.7142895657562933
49.201 -0.6336588472381965 -2.688895814206157
49.23 -0.6354418531053848 -2.6868680400454847
49.273 -0.6325668826695966 -2.6900119454651845
49.291 -0.6368034566324391 -2.6852501312055925
49.314 -0.6303668880727874 -2.6745492379904543
49.343 -0.631081183761966 -2.6738194502969272
49.373 -0.627488079170063 -2.67758512669639
49.403 -0.6191538982051492 -2.6868926472264687
49.429 -0.619821196858465 -2.6860772726450444
49.462 -0.6174731652294116 -2.6883837271245885
49.489 -0.6152867883757671 -2.6908394871705497
49.515 -0.6832769077312912 -2.6128761414775075
49.544 -0.6849587795470389 -2.6108301315904696
49.579 -0.679135256582637 -2.6174398247871173
49.61 -0.6535671413657774 -2.6495064764222405
49.632 -0.6549381953323705 -2.6479932249679785
49.661 -0.661778552079147 -2.64023877789981
49.686 -0.6657314208372084 -2.6357484686620047
49.713 -0.6666881649846486 -2.6344804878870187
49.743 -0.6621780203059718 -2.6394078435770454
49.772 -0.6655230134703842 -2.6352527421552665
49.801 -0.6346849751190877 -2.6479624373986375
49.832 -0.6426913296295036 -2.639207849059337
49.858 -0.646417493830896 -2.6351410526217904
49.888 -0.6529098980931504 -2.627921013887161
49.909 -0.6535015972279045 -2.62748527574082
49.939 -0.6550619020125613 -2.6257307043905618
49.961 -0.6581985494960705 -2.6225926870946465
49.98 -0.655275924312661 -2.625942343451026
50.004 -0.6528956378338021 -2.6274213366021297
50.035 -0.6609186273303703 -2.6189509152069044
50.073 -0.6733786348412649 -2.6055843683116993
50.093 -0.6815732767698357 -2.597029848175658
50.11 -0.682309943867831 -2.5960430685230023
50.139 -0.6906084677319891 -2.5875998984478232
50.168 -0.6956734544002501 -2.582828376602544
50.201 -0.7696595160653336 -2.5229341511774126
50.225 -0.7740815219025062 -2.5180026026547018
50.258 -0.7730390389464059 -2.518991736685643
50.285 -0.7800391350225012 -2.511178616192312
50.314 -0.7763863323937371 -2.506789583167437
50.343 -0.772339248378462 -2.5113446019309236
50.37 -0.7735565127982429 -2.5098620956904165
50.401 -0.7393593295376844 -2.548800815992048
50.43 -0.7462165257976746 -2.5412503636552404
50.46 -0.7376781679362557 -2.5501238628739396
50.489 -0.7520885581312244 -2.5343843510589297
50.52 -0.8091279649483184 -2.4720723900649384
50.549 -0.8096692476829622 -2.471459047547861
50.577 -0.8106242222305539 -2.4699420357591673
50.607 -0.7852343873091202 -2.5042616565147653
50.641 -0.7898555803002154 -2.4988996929533047
50.666 -0.7869823087145376 -2.5023487119033017
50.697 -0.7937370040489927 -2.494687968147567
50.73 -0.8097601217441638 -2.4767842675799705
50.753 -0.8126034584052911 -2.4733796016707514
50.786 -0.8063098300096395 -2.480913556418021
50.816 -0.8207268140091585 -2.464816275123335
50.844 -0.8168385358571392 -2.4694021813102895
50.876 -0.8229391558118139 -2.463021462802907
50.909 -0.835110059032552 -2.4268375060627725
50.932 -0.8339983016615682 -2.4282014767261817
50.961 -0.8369789650910677 -2.4247969526538604
50.991 -0.8431986251626588 -2.4174015375325144
51.016 -0.8464574154159851 -2.413556068721826
51.043 -0.8508282871033137 -2.4086292850136206
51.073 -0.8546044991896432 -2.403990320787093
51.097 -0.8557440718588912 -2.4029781182717906
51.123 -0.8871757900709925 -2.3907798520743238
51.155 -0.8878851968145844 -2.390081290549163
51.183 -0.8944992467766332 -2.3830303826689745
51.213 -0.8982330559853438 -2.3787683980687158
51.245 -0.9039971157501087 -2.37241661113017
51.273 -0.9085296114887901 -2.367574035117446
51.301 -0.8640330704048194 -2.4206905578636984
51.323 -0.8666048892262154 -2.417931359469709
51.353 -0.8627795890833588 -2.4223428135378002
51.388 -0.8723891954116723 -2.4110733754601137
51.413 -0.873580101343535 -2.4098101548157698
51.442 -0.8693266195382328 -2.41436347829637
51.471 -0.8691109672099827 -2.4147307421186563
51.504 -0.9457400514445509 -2.312022366418907
51.522 -0.9489038209324213 -2.3084618219935034
51.552 -0.9518034739280282 -2.305099714258493
51.581 -0.956974916743703 -2.2994416505934128
51.605 -0.9612437144725929 -2.2948024146620196
51.637 -0.9643097469831093 -2.290988377883999
51.668 -0.9675186035445537 -2.2872947785234063
51.696 -0.9759197360286931 -2.278419850428557
51.728 -0.9600804056838959 -2.300174600805948
51.756 -0.9625821910327085 -2.2973462566553833
51.785 -0.9682693442443769 -2.2907929027891343
51.812 -0.946573976072603 -2.3208841500892277
51.844 -0.946533315163684 -2.3210002557062173
51.872 -0.951323758367607 -2.315306301959906
51.896 -0.9643950407673252 -2.300819764076197
51.926 -0.967900734306656 -2.2969093815317367
51.958 -0.9630551276560747 -2.301441626295762
51.986 -0.9697528371811002 -2.2940959429352703
52.015 -1.0064951363349988 -2.2487817612635315
52.047 -1.0116310429963964 -2.243308301227218
52.075 -1.0113057411602144 -2.2439076817173174
52.111 -1.0184796802366762 -2.238683323258816
52.136 -1.0227856241215394 -2.233857573297464
52.166 -1.0318474894115561 -2.2236835372501056
52.197 -1.0328263541591152 -2.222836004015774
52.221 -1.018118334490782 -2.239033580135077
52.252 -1.0248663580120516 -2.231391484883441
52.281 -1.027363325255535 -2.228014907942225
52.306 -1.029727164628937 -2.226655622091691
52.334 -1.034755618099127 -2.221204247645565
52.363 -1.041912370914832 -2.211316073617207
52.394 -1.0464303626707823 -2.2066592347049263
52.422 -1.0436948350892568 -2.2098850735287723
52.452 -1.045612409596124 -2.2078469165641694
52.481 -1.049109092514736 -2.2038178007720033
52.511 -1.075479104050657 -2.183360528228448
52.539 -1.0777006740805335 -2.1808946556693254
52.568 -1.0779406608390782 -2.180372184254209
52.598 -1.081289722069265 -2.1766002080112146
52.631 -1.0854459219522392 -2.171782758876164
52.657 -1.0840833459411867 -2.173620590178825
52.688 -1.0799109139338496 -2.1783153012264127
52.715 -1.104570246988216 -2.1502734443934406
52.741 -1.1078474379470096 -2.1465213605507083
52.767 -1.1151950647918127 -2.138076056942004
52.792 -1.117285597883419 -2.13564880438253
52.816 -1.1208934250144291 -2.1207926423923937
52.844 -1.1226868217525914 -2.1187184464822133
52.878 -1.1246789528262242 -2.116399528771862
52.904 -1.115697912444975 -2.1110032122882187
52.933 -1.1152842431772079 -2.111596284226348
52.965 -1.102110104146664 -2.126829489761402
52.992 -1.108666803267276 -2.1194710018804357
53.023 -1.160758661025454 -2.073025433794903
53.049 -1.1702232706546658 -2.061908444195888
53.082 -1.178498900349372 -2.0519057256398567
53.114 -1.189312273869439 -2.0388233287442663
53.143 -1.1783238498635749 -2.0513161764516097
53.172 -1.1696174955209213 -2.061079516429647
53.2 -1.1783828213448653 -2.0508771040841234
53.233 -1.1777709940335028 -2.068264351249386
53.261 -1.181684818000662 -2.063942837174961
53.289 -1.1879776311141812 -2.0566389597462464
53.318 -1.1923249936548928 -2.0518727871643256
53.348 -1.200375610072676 -2.0430959238987216
53.377 -1.20886702569375 -2.0344937366528506
53.405 -1.2091566716327875 -2.010836839095363
53.435 -1.214412289319583 -2.0048536039337446
53.465 -1.214122036881689 -2.005166938127545
53.495 -1.2246399358803641 -1.9939542814077422
53.525 -1.2119794382916915 -2.0341612232493125
53.556 -1.2226753601410632 -2.0215778732998513
53.582 -1.22407522070891 -2.0198952665437946
53.611 -1.2278045849055543 -1.9787120766998791
53.642 -1.2382516614208547 -1.9665499153048707
53.674 -1.2396094470473191 -1.9646858277971477
53.7 -1.24589262689522 -1.957707539805804
53.73 -1.2405398072446883 -1.9869523980584203
53.765 -1.2621111417693924 -1.962539307449913
53.788 -1.2652350193507784 -1.9587999740340853
53.818 -1.1704235810047754 -2.083480381824265
53.846000000000004 -1.1697845094010264 -2.0842743257881815
53.872 -1.1728009622883346 -2.0809514272427925
53.893 -1.1730331576713497 -2.0800678315391683
53.923 -1.2771674656795502 -1.9492024525544338
53.954 -1.2825379699778792 -1.9428404242314778
53.985 -1.2948782267333596 -1.9280222206428468
54.011 -1.2437604811921517 -1.989769639915433
54.04 -1.2542298886023577 -1.9781380263056987
54.074 -1.253383221483017 -1.9791272765869228
54.099 -1.256879280339757 -1.975267512518793
54.132 -1.2866027774036584 -1.947127549990138
54.155 -1.2807090148708613 -1.9537849027024965
54.185 -1.2955651968000566 -1.9362692350571278
54.224 -1.266861746624908 -1.9638485975722288
54.241 -1.2684737318961363 -1.961948214325978
54.269 -1.2649090977763202 -1.9657369004434084
54.296 -1.2724986535091813 -1.9576200090520974
54.327 -1.316032958011206 -1.9144587293974042
54.356 -1.31501801815865 -1.9162715032896436
54.385 -1.3234981447885703 -1.9065000102430345
54.411 -1.3216472360275004 -1.9080382492654848
54.443 -1.3289558484044668 -1.899778540523379
54.469 -1.3218703276901782 -1.907690215258533
54.503 -1.2961928665443025 -1.9233440923446958
54.526 -1.3033085051239688 -1.9150007765470884
54.552 -1.3059451695756616 -1.911882533696115
54.576 -1.304049231613533 -1.9138548716627948
54.607 -1.3098283957056107 -1.9067082810094054
54.635 -1.3044676631078471 -1.912333949365858
54.66 -1.3013612718904615 -1.9146250341923643
54.688 -1.3093986567915699 -1.9058552251260252
54.717 -1.3860995408569325 -1.8363894560958927
54.741 -1.395379634965904 -1.8256639344142265
54.761 -1.3976066838064738 -1.8229970716285457
54.781 -1.3991324876113589 -1.8212595925878006
54.805 -1.3987981313894622 -1.8977852658684975
54.833 -1.3989614248248736 -1.8977915496240476
54.863 -1.4032320623477703 -1.892475932422158
54.893 -1.4096602483915728 -1.8859549688042812
54.92 -1.3648559757097558 -1.9173199880305773
54.954 -1.3616915358168689 -1.920702530492289
54.981 -1.3716010666996896 -1.9099159076633319
55.009 -1.4239261242948087 -1.796758726599166
55.042 -1.429859971286536 -1.7900670280003605
55.065 -1.4353682891091053 -1.7839920642796063
55.091 -1.439204448392999 -1.7801221155010551
55.117 -1.4379442612878393 -1.7609263942308502
55.142 -1.4487065724501023 -1.7488435565318976
55.171 -1.4524477999028853 -1.7446022686201506
55.201 -1.4255723285756823 -1.8013159534767464
55.216 -1.4282293043136558 -1.7984101639966683
55.242 -1.4214240345198426 -1.806087651875598
55.27 -1.425653547043441 -1.8015606523652985
55.295 -1.430169369646129 -1.7963915310641647
55.325 -1.438568324004653 -1.77681290480718
55.353 -1.44112126639712 -1.7738482276647016
55.456 -1.460572508857292 -1.7034911198353204
55.556 -1.4974898480578545 -1.6605248538111836
55.654 -1.5385106322949862 -1.6123118828120293
55.754 -1.6058876493341487 -1.5848829817211016
55.796 -1.6119870873854767 -1.577516208382511
55.881 -1.6190690465275146 -1.5171898308049703
55.993 -1.6413625739263307 -1.4870185707226478
56.044 -1.6624805736605193 -1.4629500167517084
56.141 -1.5976871845886742 -1.5418236923391102
56.239 -1.5762028097752112 -1.5674874241149381
56.272 -1.5897948725686288 -1.5517027480207672
56.371 -1.5720358289123146 -1.5719914133785136
56.469 -1.6088395712083332 -1.5294789757642329
56.56 -1.6108869454696262 -1.5278935558449451
56.658 -1.6303812653840166 -1.5052878305489503
56.734 -1.6462727498737189 -1.4836757859321565
56.827 -1.666420135776342 -1.463887943908125
56.93 -1.6729566550072323 -1.4520598226731156
56.97 -1.6752126674193673 -1.4495007143375533
57.066 -1.6999722784945093 -1.4237419940049583
57.168 -1.6970325517689089 -1.4235661234256434
57.246 -1.7061309902651565 -1.413392390600939
57.345 -1.712452834983273 -1.4080346890795779
57.436 -1.7326199722320492 -1.3847312922156922
57.462 -1.7368092604176197 -1.380065160794971
57.534 -1.7392615178889783 -1.3775330285406655
57.636 -1.759438274956126 -1.3543570657692676
57.721000000000004 -1.7754967422341752 -1.3369841728220695
57.808 -1.7784041480399766 -1.332400864483349
57.868 -1.7887439599469168 -1.319732587263384
57.969 -1.8010373378015878 -1.3069022916171897
58.07 -1.815215125624661 -1.287960973439369
58.171 -1.8379033348431155 -1.25858602255432
58.27 -1.8240394954637225 -1.276701573073838
58.368 -1.8375532895992284 -1.2628380303229476
58.401 -1.8572005328149137 -1.239247023728819
58.487 -1.8572133345636586 -1.2397147838398628
58.589 -1.8741860471817773 -1.2134111898056683
58.687 -1.9024118822000498 -1.1870408850246317
58.778 -1.914113998220684 -1.1722583171111645
58.878 -1.8992662399648135 -1.1897638572003597
58.953 -1.920670044700989 -1.1649674798650367
59.038 -1.930237137905986 -1.1516792660173136
59.144 -1.951723069747527 -1.1275509749814112
59.231 -1.9448246686379902 -1.1396398617796164
59.322 -1.9423642325467676 -1.140155761852134
59.419 -1.9472743816056914 -1.1339447487781091
59.505 -1.9577859862873834 -1.1216009583330022
59.601 -1.9632075048082682 -1.115504881317637
59.699 -1.9863827652229755 -1.0899427967928734
59.799 -1.9634999063360106 -1.1102132199238617
59.889 -1.9782881851741503 -1.101142768324381
59.983 -1.9856595985055707 -1.091959409662462
60.012 -1.9636655948160175 -1.1205613704054684
60.046 -1.959166957521614 -1.1270990045325406
60.07 -1.962313481169475 -1.1225403520287207
60.165 -1.9502260911702975 -1.1370888890562645
60.25 -1.9730902071739318 -1.1088267255326858
60.342 -1.9649365549367581 -1.1104163107773484
60.417 -2.0035791298890975 -1.0620299608312358
60.516 -1.9788844636170766 -1.11962010814468
60.615 -2.01996713551463 -1.0290265203521087
60.712 -1.9704683217208334 -1.1166607651137272
60.808 -1.9722968630185629 -1.1028034630569576
60.899 -1.972162782517972 -1.1008175773752362
61.0 -1.9813813585728761 -1.2351764571250003
61.086 -2.0026386053186744 -1.0588031621642073
61.185 -1.9597529289249493 -1.0537990612833614
61.286 -1.9640753353106257 -1.1142357342600093
61.378 -1.9653139244729028 -1.0571361675225988
61.408 -1.964347940527444 -1.0595219493291448
61.438 -1.9630849324063018 -1.0550054625845857
61.467 -1.96053066431631 -1.0473191297803883
61.498 -1.9547092929779488 -1.029217596519855
61.53 -1.9439011628486127 -1.0449430053803332
61.56 -1.93893908846477 -1.0319344263013999
61.585 -1.9384104372995279 -1.0306701220565397
61.606 -1.953760144624619 -1.0644501423013737
61.625 -1.9530585791428936 -1.0626320754561593
61.655 -1.9515894630544297 -1.0582755781119615
61.746 -1.9273184050932801 -1.005317414548243
61.83 -1.9210604464399295 -0.9864725159957631
61.925 -1.9214109988569206 -0.9864182397521936
62.001 -1.9164460063840358 -0.975491389895679
62.025 -1.9196673517145242 -0.9823243885507601
62.127 -1.9144491463529347 -0.9449395180777024
62.228 -1.8995760289348205 -0.9139516138648875
62.242 -1.898721204703449 -0.9124897004363753
62.338 -1.8899455178081561 -0.899905931936927
62.44 -1.8885935889979195 -0.9122777501427581
62.455 -1.890220688387396 -0.9162541469185691
62.547 -1.870574689622029 -0.8791074776113393
62.636 -1.864184109606043 -0.8656703385016238
62.73 -1.8413199360793635 -0.8162632758654188
62.828 -1.852164160609473 -0.8362131247640803
62.923 -1.839044783148659 -0.7818951462737878
62.953 -1.8350328364077102 -0.7736467990502107
62.978 -1.8320083625339032 -0.7676928648310273
62.996 -1.830733345889248 -0.7648044575916318
63.027 -1.8573320652203422 -0.7230387961386538
63.057 -1.8552832517203737 -0.7187557375520665
63.083 -1.8524232569138719 -0.7130759018904117
63.109 -1.8551083341393186 -0.7073681997499647
63.138 -1.8515549369247426 -0.6998696184288814
63.162 -1.851380125215896 -0.6994373282467551
63.191 -1.847174477955636 -0.6902845255921511
63.218 -1.8400576667800328 -0.6843956059562737
63.248 -1.837342401218344 -0.6785531383356513
63.277 -1.8390811518525136 -0.6825148688848041
63.314 -1.8326716034018988 -0.6700729200900999
63.338 -1.827949483336988 -0.6614038617894564
63.368 -1.829844607612954 -0.6654643362319651
63.397 -1.826740178109097 -0.6587539863859633
63.425 -1.8174680658736642 -0.634923053897263
63.456 -1.8169624590131812 -0.6338771317069164
63.485 -1.81454933644655 -0.6289096173872877
63.515 -1.7898716961054142 -0.5771548754198828
63.544 -1.7885824347853472 -0.5746333007138167
63.571 -1.7855515143546692 -0.5683132675787897
63.6 -1.7811182380225095 -0.5593110040637473
63.62 -1.7998269594391254 -0.5867829630185328
63.651 -1.7960526346904135 -0.5795813396489221
63.68 -1.7929980574371676 -0.573339523857407
63.708 -1.76145453932975 -0.5217738653693069
63.737 -1.7583436348483543 -0.5158095851080782
63.765 -1.7562448727801216 -0.5117198450236068
63.794 -1.7531404276435407 -0.5060443260578887
63.824 -1.7392557495054775 -0.4607919690781424
63.854 -1.7353903879245853 -0.45375170886331045
63.888 -1.7322225169801602 -0.4480878870680114
63.912 -1.7301469436371548 -0.44429994576431026
63.941 -1.726575366195718 -0.4380453508223397
63.97 -1.725467461477276 -0.435769930050038
63.999 -1.7211907228804308 -0.4277747940550928
64.029 -1.7002489505463618 -0.3902122579390441
64.051 -1.6986817040055329 -0.3874192257853454
64.072 -1.6963522008064276 -0.38327891197981934
64.1 -1.6932085019453975 -0.3776618259483278
64.128 -1.666962682255341 -0.33235433727098157
64.157 -1.663886664359673 -0.3275795753177433
64.184 -1.6623343568702993 -0.32519713409677686
64.208 -1.6579534772578266 -0.3181988011736569
64.239 -1.6546851701956857 -0.31295423695347263
64.269 -1.652648605613283 -0.30964114229603174
64.3 -1.6488687233706043 -0.30374410827029813
64.328 -1.656852342198595 -0.3229108606690923
64.358 -1.6531677801192215 -0.3172519159692152
64.381 -1.6505421498791804 -0.3132751104016157
64.407 -1.5956913783876057 -0.24225644914515074
64.441 -1.5908084515627121 -0.23575899040352222
64.463 -1.5887471229796097 -0.23304066263520049
64.492 -1.5858931730040426 -0.2291966174798091
64.508 -1.618906383569441 -0.2677933088407935
64.528 -1.6167046210698177 -0.2646379222968992
64.547 -1.614897339082813 -0.2620787591049865
64.565 -1.612735124234489 -0.25899848371256934
64.593 -1.6101504320062454 -0.25517193850080305
64.626 -1.60644166685563 -0.24981724522296198
64.659 -1.6027046011851012 -0.24460139987460083
64.684 -1.5994881673082684 -0.24010413938757294
64.714 -1.5813826413214358 -0.21591729012725205
64.744 -1.5777799531741463 -0.2112090293916306
64.762 -1.5755366298951845 -0.20822289733905214
64.837 -1.5401862160609698 -0.1523731944455212
64.935 -1.5279695752143778 -0.13797167997428866
65.033 -1.4958857448504443 -0.08972314956880241
65.124 -1.5233550436161503 -0.13046539575029
65.208 -1.483556240298816 -0.08114676646365596
65.307 -1.4968814488462474 -0.09768319624928476
65.336 -1.495381170777251 -0.0958600045038434
65.43 -1.4503645192177828 -0.043183407466530564
65.514 -1.4414878279228338 -0.03228290727895789
65.591 -1.434821025487109 -0.023975501284242733
65.684 -1.4250339907937053 -0.012121780916269875
65.765 -1.4309906315446834 -0.01872346055069607
65.784 -1.4293879007156964 -0.016857220448810568
65.811 -1.458704371704021 -0.054990960517607164
65.842 -1.453762138676576 -0.04871002865726733
65.875 -1.4493153611894414 -0.04300870286926194
65.914 -1.41912993851915 -0.0025247394237920356
65.934 -1.4177313667542595 -0.0008440117773511999
65.964 -1.4152866524750116 0.0021231294755755794
65.994 -1.4121745387498255 0.005847510672400619
66.022 -1.402193383879469 0.02272840957926113
66.051 -1.3989010731015108 0.027022334152160887
66.081 -1.3958857637167534 0.030862544087391156
66.1 -1.3936438273601706 0.033708603525170654
66.142 -1.4091009677545747 0.014282530091223296
66.169 -1.4063641490910472 0.01784467354517236
66.192 -1.4028982845897757 0.022398000990708315
66.28 -1.4011711654246366 0.025095645830961154
66.38 -1.384798983907876 0.042673638291077925
66.389 -1.3835868101277782 0.044180543901130444
66.481 -1.3615605386360234 0.07259836798255585
66.575 -1.35855655386555 0.0774093159342217
66.673 -1.35527227108422 0.08731949498572675
66.769 -1.3573704206110673 0.09112037341252147
66.863 -1.3283624274444032 0.1296476661814961
66.888 -1.3256669968945711 0.1333748965517571
66.907 -1.335551897383471 0.1209660013871217
66.935 -1.3332657592217327 0.1239822515665095
66.963 -1.3295877858758491 0.12885654661973212
66.993 -1.3267976360942526 0.13256117482283908
67.077 -1.3366511988473104 0.11891655871647681
67.172 -1.3278549085122215 0.1336571844517543
67.256 -1.3298105265903932 0.12841136804347325
67.348 -1.3237479325477641 0.14902309436557762
67.451 -1.328816214153329 0.13281297326798408
67.556 -1.3102922661972711 0.1668579753957385
67.656 -1.3050099026546989 0.180467474684866
67.75 -1.2716435824230892 0.24860328904961285
67.751 -1.2715621301634377 0.24875299730734388
67.777 -1.2690404399266035 0.2534888779595886
67.8 -1.2643014807561919 0.2628370276863667
67.825 -1.2594080749803707 0.271625251095172
67.855 -1.2573740169968457 0.2751564908459813
67.884 -1.2513224346352578 0.2873111635135876
67.914 -1.2756185601316061 0.23457007907698565
67.932 -1.2714347002941628 0.24225452399660558
67.955 -1.2681978501320725 0.2480264577175686
67.982 -1.2656959257876061 0.2525928524342849
68.011 -1.2773675894962473 0.23136067171437558
68.041 -1.2739698026685964 0.23715585329642924
68.07 -1.268360962710849 0.24711325386746247
68.1 -1.2652979071900754 0.2528317076703012
68.132 -1.2601204725369792 0.2616887284794424
68.233 -1.2405575989216686 0.30154758948585364
68.329 -1.2302309925347195 0.31930006307531694
68.333 -1.2302421530567214 0.3192337462274012
68.432 -1.2120286058805831 0.3515818566251813
68.53 -1.22590916455615 0.31974868024881337
68.631 -1.2104475176402285 0.3434883636750168
68.734 -1.195581695932344 0.3669428812422379
68.82 -1.1841319805677424 0.39557497164778843
68.851 -1.1796444322037827 0.4032188411766662
68.881 -1.1799525840038803 0.4027484448891226
68.911 -1.1921131211144695 0.39395518114559946
68.94 -1.1896922851630984 0.3976251520511688
68.971 -1.1870795198258353 0.4015052778430984
68.997 -1.1832320770667073 0.40734615967390786
69.026 -1.1780134947241006 0.41533961751407444
69.055 -1.1746704523305669 0.42051330624617433
69.086 -1.1716322010979436 0.42516310963225135
69.112 -1.2081506138424303 0.38356633851029737
69.14 -1.2055198923547379 0.3874011768089392
69.168 -1.2032235841165855 0.39081865686614325
69.197 -1.1998344068669828 0.39586098147910115
69.221 -1.196962517921766 0.40008172781611184
69.244 -1.1945128203446993 0.40364504928554684
69.271 -1.1912817491974146 0.40842999319837886
69.302 -1.1919567789095902 0.4038493592875421
69.396 -1.1804985954579015 0.4206072776512066
69.499 -1.1666130456358996 0.44115189596121807
69.591 -1.180500103477859 0.42248538853240775
69.688 -1.1922661701447346 0.41557612312582776
69.786 -1.1904847992710836 0.41601441753360696
69.873 -1.131166471784619 0.5161774357943093
69.968 -1.1267066077256058 0.5230685474810978
70.064 -1.1237739211242654 0.5260721325823795
70.161 -1.1147684925727204 0.5389810743157601
70.256 -1.10955793161232 0.552088847670442
70.341 -1.0986442681478517 0.5637021292730741
70.411 -0.9542676427811921 0.7621994993783459
70.5 -0.9528280397641699 0.7644174292389958
70.597 -0.9515961109141542 0.7665931638987495
70.69 -0.9618169564612445 0.7491532187824204
70.72 -0.9612811459837138 0.7507465799930342
