3.767 0.9829594106459127 -0.5012387512064923
3.867 0.9746611437006465 -0.4995874687343202
3.943 0.9806600810187066 -0.49918547457150403
4.023 1.001437495324085 -0.4983020831722175
4.123 1.0112274204755514 -0.4996238220943584
4.212 1.0116891864069972 -0.49906375164003397
4.309 1.0054895500884746 -0.4998689846697467
4.41 1.0055078079651598 -0.49567116242341464
4.5 1.0037821913727822 -0.497182017275656
4.594 1.036274860426544 -0.4981702060952533
4.684 0.9953681512843855 -0.4955921581223869
4.741 1.0034481572571377 -0.4954904568738491
4.844 1.0042632213434741 -0.5004695711371702
4.929 1.0116273720648286 -0.49935063052679685
5.029 1.0011752870971018 -0.49992787912340764
5.104 1.0070138362256702 -0.5022624032680283
5.203 1.010577673928901 -0.497417699210974
5.23 1.0124660436028863 -0.49745756086097176
5.258 1.0208179787383724 -0.49736403046379557
5.288 1.0351953847622721 -0.49682052973956864
5.316 1.0399201934790936 -0.5047533234125319
5.353 1.0408666199562795 -0.5052912456634885
5.38 1.0444993929003732 -0.5050338779903618
5.404 1.0556547727156016 -0.5015892051034081
5.441 1.0653996273054624 -0.501830002957087
5.458 1.0583122987269467 -0.5020661963429601
5.486 1.06331024776558 -0.5028431348685355
5.518 1.0808435226169741 -0.5031852931000143
5.549 1.0917926006167435 -0.5033620110125852
5.582 1.101331147924419 -0.5034834532791189
5.61 1.0995725636667504 -0.49744213383222863
5.639 1.1027101829177248 -0.4971894053638602
5.665 1.1005894321216816 -0.4973543722661634
5.695 1.0958470292396112 -0.49714432528726904
5.721 1.1156132938751224 -0.5034612392222877
5.746 1.1273000126188186 -0.5034591551538727
5.774 1.1379940530753467 -0.5034248411903515
5.803 1.117491498653876 -0.5016068126981482
5.836 1.1144275244643116 -0.5017091382654747
5.854 1.1030935541479112 -0.5019234293597236
5.882 1.1121788046282288 -0.5017025222358298
5.9030000000000005 1.1312151010837057 -0.5004840926638535
5.925 1.13888285895424 -0.5003628133795988
5.946 1.1426566767760784 -0.5005986353828766
5.969 1.1467099927530156 -0.5005567863089891
6.001 1.153584711765483 -0.5039880504328157
6.035 1.147484831322346 -0.5041891610966315
6.062 1.1560856928310836 -0.5039902619624105
6.09 1.1556832078186556 -0.5040767443352823
6.116 1.1782040612147144 -0.5045580303349098
6.134 1.1868381500673952 -0.5045217213129874
6.163 1.1905812233235968 -0.5040691373728355
6.192 1.2016253837713013 -0.5041462966240802
6.22 1.207441196464565 -0.4991688568479095
6.24 1.2062702976101827 -0.4991204188219636
6.267 1.2239208588869672 -0.4987121424742322
6.297 1.2401887618175413 -0.4985174206092531
6.321 1.2206486647499355 -0.5036634397309863
6.347 1.2187727423960266 -0.5033001146272074
6.365 1.2334785302001172 -0.5031444342735468
6.393 1.226671695198644 -0.5024092113417485
6.423 1.251443271802203 -0.5056820142090754
6.45 1.2708407003019155 -0.5057072062657505
6.474 1.279581990010386 -0.5056239809558924
6.504 1.2643967824876308 -0.5061731290560628
6.532 1.2760265502816037 -0.5060482116533832
6.561 1.2826152980827594 -0.5057774680613358
6.59 1.2880821571651186 -0.5062428126980444
6.617 1.2572179009083637 -0.5085237685819066
6.643 1.2539132329822844 -0.5086379177202913
6.664 1.2565820439177824 -0.5086374674444072
6.692 1.2679058371515937 -0.5087537210473615
6.718 1.2693296885327032 -0.503267762334535
6.748 1.2765271888419254 -0.5031244164128792
6.775 1.280473679036484 -0.5033296059279747
6.802 1.3041804988084968 -0.500878932618637
6.829 1.3157401896957153 -0.5010095154510977
6.857 1.315064363290524 -0.5004039331252497
6.888 1.3317870371630156 -0.49996392879969836
6.917 1.326110647342715 -0.5023773181816329
6.949 1.3174830060552254 -0.5023839147087109
6.977 1.332003231215961 -0.5029213063179873
7.003 1.333104017938731 -0.5042068588501558
7.025 1.3343219314918213 -0.5042864727701345
7.048 1.3283196066530425 -0.5041132214606138
7.074 1.3379435575835843 -0.5043379305774329
7.101 1.3531128612851846 -0.5022452644750472
7.135 1.3622690023045587 -0.502022142015835
7.161 1.3741054451807426 -0.5014052400962572
7.192 1.379254248344211 -0.5016875662657149
7.228 1.3717653020875835 -0.5000464646591545
7.249 1.3727701899094684 -0.5000656555838067
7.279 1.3763906892564644 -0.49962663542398134
7.31 1.3931286873187223 -0.500299319855838
7.339 1.40253606113865 -0.49997577948631683
7.369 1.4090823722214123 -0.5002925226322149
7.399 1.4173536806551792 -0.5003706929566306
7.434 1.3956527344795766 -0.5014501052621181
7.452 1.3903976454440954 -0.5020464804952751
7.476 1.400224604529366 -0.5021572045586205
7.503 1.4303914094933279 -0.5014805851363533
7.5280000000000005 1.436523047125306 -0.5013547822254351
7.557 1.449699406616296 -0.5011177695488306
7.581 1.4548281191631094 -0.5010276245464629
7.6 1.4618922779999177 -0.5008801427937952
7.628 1.4541868018868058 -0.4988083475556653
7.654 1.4536711234768787 -0.49829595873573507
7.686 1.4530246883816074 -0.4975867848019633
7.71 1.471620031614826 -0.50380392398209
7.739 1.4881579419976032 -0.5038453291236861
7.769 1.5043995654188334 -0.5047822759867575
7.799 1.5014140995017295 -0.5050607718788886
7.84 1.514900745379123 -0.5047048699682978
7.856 1.5197230431211122 -0.504622017836246
7.886 1.5202002174788953 -0.5051158162659224
7.907 1.5157281058452348 -0.49878057696444267
7.938 1.5325626469942493 -0.4989163624546979
7.963 1.542888886580851 -0.498110617370471
7.991 1.5607104071860733 -0.4978807030208729
8.024 1.522755822025742 -0.5122283858776623
8.052 1.5335474968132357 -0.5123211731547999
8.081 1.5340970567718004 -0.5125227958677869
8.108 1.5389829894334115 -0.5121374500299503
8.14 1.5430627817290319 -0.5119241626356901
8.168 1.5622126676419186 -0.5119718113531861
8.193 1.5757157810701983 -0.5117960669961603
8.235 1.5581100080861026 -0.5123315904449127
8.251 1.560493876920897 -0.5124921040856258
8.281 1.5671520179586877 -0.5128527932395086
8.31 1.5922566439609172 -0.5099695289352523
8.329 1.5858962131797094 -0.5100155099573194
8.348 1.5935544077149495 -0.5098603848516404
8.377 1.5944145460686319 -0.5099174204479053
8.408 1.620041266058464 -0.5048461968600806
8.437 1.6284647273029844 -0.5048277428018224
8.46 1.6401483608963505 -0.505122093987482
8.486 1.6434727125044069 -0.5042906302349363
8.517 1.6376226134148864 -0.5019924602718342
8.547 1.6464837080091452 -0.5022702731281442
8.576 1.6588020596509336 -0.5023601402525939
8.601 1.65561586928149 -0.5037714486506334
8.63 1.6608371587129405 -0.5037129484744101
8.662 1.6725719921439817 -0.5037415933761578
8.689 1.6693391173957597 -0.503772106482646
8.72 1.680219048967651 -0.5043566144092426
8.742 1.6768422362370334 -0.5043382694863381
8.76 1.6809690620818172 -0.5040935093565344
8.791 1.6983055475883557 -0.5039760178042477
8.836 1.6904650306467506 -0.5031912668976666
8.852 1.7013979274741244 -0.5031219654797998
8.879 1.7122649024454366 -0.5028814036218183
8.901 1.7171096532034233 -0.5024007196096103
8.935 1.720939761594044 -0.5025120002559699
8.961 1.7342958486914446 -0.5019612906074047
8.99 1.7430726480393732 -0.5017512417150075
9.013 1.7410631681934299 -0.5041661383430692
9.037 1.7478886419887545 -0.5041528891364913
9.061 1.7552293024731156 -0.5042085649478383
9.08 1.7603202233805106 -0.5045156972898929
9.177 1.786017433072316 -0.5095384236546808
9.273 1.7791570932194172 -0.5097608915143633
9.361 1.809373043838599 -0.49956775211190185
9.454 1.796963962358553 -0.5065995732460148
9.548 1.8320851480622808 -0.5034531881385171
9.647 1.8689002985548908 -0.5008441436261228
9.746 1.8897700335690892 -0.4999242230757214
9.845 1.9005596158127056 -0.5113145085691181
9.944 1.8991577871836303 -0.5017820848177251
10.055 1.9173413232072083 -0.4992077494015416
10.137 1.9221820078209133 -0.49963950955569575
10.232 1.9187382221876144 -0.5032557657288098
10.322 1.9395982305661095 -0.5019382017577554
10.402 1.9264639111464181 -0.5003317498770595
10.499 1.8980733010965165 -0.5004210059546981
10.602 1.9327878940462466 -0.49982016992099165
10.701 1.9350945986809027 -0.4995019249310385
10.747 1.9230597660075663 -0.4995274299333318
10.847 1.9172063011943166 -0.50051110980898
10.938 1.946735355196178 -0.5091377150176666
11.039 1.9151970475440696 -0.49845004275269295
11.13 1.9369817549242638 -0.49881626192336515
11.219 1.935787568742125 -0.5004966737562004
11.22 1.9360556662196629 -0.5005139905027534
11.253 1.9349659153050245 -0.5010456293840082
11.278 1.9349340912547173 -0.500854072249315
11.309 1.9423817328774406 -0.49730173649114406
11.335 1.9431012070875762 -0.4970226037882677
11.348 1.9392756432177791 -0.4965804401372919
11.377 1.9484755770992956 -0.4977003203705587
11.408 1.9452904918614498 -0.4988969111488807
11.436 1.9427138635253105 -0.49853859737132866
11.457 1.9398722698946333 -0.49805069016721876
11.488 1.928401105726736 -0.49471392511412765
11.514 1.9499059961482113 -0.5005760812623771
11.542 1.9533447162967237 -0.5013389469649422
11.564 1.949492663504182 -0.5002440827717585
11.589 1.9557978201836956 -0.5017480496088756
11.624 1.953086701414388 -0.5029784501050066
11.656 1.940245434999462 -0.4995316937356458
11.691 1.9219871328470293 -0.49424082531816893
11.711 1.9496321030221628 -0.5021041227811647
11.737 1.9505663320248565 -0.5022982614599555
11.767 1.9605678880448691 -0.5058798013612198
11.798 1.9503259313090566 -0.5018736340203802
11.833 1.9419651474015753 -0.4973114451399068
11.855 1.9374499326836059 -0.4957228270757866
11.885 1.9475654125122357 -0.4997389816228761
11.917 1.9650683437061103 -0.5039265474031254
11.942 1.9631983105195652 -0.5028390279199461
11.968 1.9641041329165179 -0.5036475650224262
11.993 1.9643436152496279 -0.5035804268564493
12.004 1.961038501129375 -0.503439327088818
12.041 1.9519372913731496 -0.498255071992996
12.057 1.9513229619847583 -0.49778129753355455
12.082 1.9423732278765544 -0.4922389235741326
12.115 1.9601138210463442 -0.5094654293951817
12.154 1.9558552806099758 -0.5068242485684503
12.177 1.958620661861838 -0.5094573216009348
12.202 1.9614981508349842 -0.5021758786788317
12.25 1.9604547805704164 -0.5016509209135926
12.322 1.9631875258890965 -0.4974884586244639
12.423 1.9774056947228786 -0.5162136624491007
12.521 1.970258655067334 -0.5127381708271023
12.621 1.9852056189365388 -0.5342835318139134
12.704 1.970250044130969 -0.5079152235858845
12.795 1.9844538849657765 -0.5495466331378394
12.874 1.976898139269437 -0.50630552374358
12.974 1.9692504171898728 -0.5038282063657543
13.062 1.9748409529075066 -0.5108067571195847
13.141 1.9713880335755392 -0.5131360256753555
13.243 1.974461191734538 -0.5141050007021535
13.325 1.9708294921339962 -0.5101314063879724
13.407 1.9673699015114505 -0.520687538645756
13.517 1.9687103052377035 -0.5245271226863931
13.609 1.9751012826720529 -0.524962215311828
13.642 1.9769172203894385 -0.5172918898075073
13.668 1.975738050881324 -0.5222656817363982
13.695 1.9735931745802442 -0.5294793410183541
13.737 1.9665219939959033 -0.5557878160551808
13.75 1.965571452501999 -0.5595586492246202
13.78 1.9653787671398744 -0.5610423181866374
13.806000000000001 1.957949958405579 -0.5532514578154005
13.833 1.9634489079986548 -0.535249351010398
13.855 1.9615587793065539 -0.5407107529397959
13.88 1.9633455992456843 -0.5354110472356628
13.907 1.955797528074373 -0.5663341793156517
13.946 1.95385358585188 -0.5726030971389958
13.968 1.9496024642713685 -0.583074827725133
13.994 1.9493743587997112 -0.585020634404819
14.011 1.9492513336132626 -0.5871479600952535
14.023 1.9502752093091507 -0.5846889853697582
14.053 1.9411442587563208 -0.6110161318756396
14.085 1.9391848793753943 -0.615840860354771
14.115 1.9391251056202417 -0.6054823128253991
14.156 1.9268528251579249 -0.6378356858831509
14.176 1.9205919562333 -0.6541348219836984
14.208 1.9335347648098 -0.6191325531388958
14.248 1.9370189868339978 -0.6106187143153141
14.265 1.9383923093998099 -0.607823503515113
14.284 1.935544951530789 -0.615229032875049
14.325 1.9226100780155535 -0.6576836784925443
14.343 1.922450206851374 -0.6587895457753382
14.37 1.918847085643903 -0.667376841686409
14.401 1.9182256447536274 -0.6594433789325439
14.425 1.923444276167807 -0.6465522744687179
14.442 1.920567517872599 -0.6537989255883092
14.469 1.9251942576425454 -0.6442776143997574
14.496 1.9242476847250922 -0.6464959983000611
14.517 1.9136787183715989 -0.6751001317485155
14.538 1.913686479083148 -0.6751927360600969
14.565 1.9118976304786015 -0.6790600109431748
14.598 1.9132096096269848 -0.6754640930398803
14.637 1.905694700741754 -0.6910436501822385
14.656 1.903668881833526 -0.6957942180290008
14.685 1.9003722542096269 -0.7038759714144908
14.707 1.8937914380589824 -0.7070395432743838
14.736 1.8843723351313926 -0.7308506556344129
14.765 1.8771327282303427 -0.7503049991849396
14.794 1.8770705649213526 -0.7504181173248844
14.812 1.8878751704898729 -0.7338812513271002
14.835 1.8875630753505637 -0.7338107820181927
14.861 1.8881962991519172 -0.7324474956196703
14.889 1.8834804283506084 -0.7438254016528512
14.918 1.8824961584089401 -0.7480671543130414
14.942 1.8804756400560199 -0.7528084357996428
14.972 1.882158386293928 -0.749702241967473
15.0 1.8833338095521739 -0.7468592523391806
15.039 1.8600113555898845 -0.7899519676636476
15.058 1.8561932486999888 -0.7996732978624259
15.087 1.8468099439842633 -0.8218644527403548
15.113 1.8651838436512318 -0.7922191416981004
15.141 1.8624169145628329 -0.7994998087055981
15.157 1.8578647807514155 -0.8105632250334478
15.178 1.851514697057589 -0.8261476610824395
15.201 1.862129783917325 -0.8065149528819161
15.24 1.8523695392559236 -0.8300965649916388
15.255 1.8500671143411203 -0.8359427115032815
15.286 1.8438274340107468 -0.8501990902427163
15.314 1.8573571174158587 -0.8191763207096064
15.345 1.8573485008371873 -0.8181188297994298
15.375 1.853712200263494 -0.8250026529926997
15.405 1.8467691737135585 -0.850795281807222
15.43 1.843975309151576 -0.8578755445129819
15.462 1.8405593297361 -0.8659771691175112
15.489 1.8402368710317039 -0.8670727121261576
15.521 1.8405477754322708 -0.8667498269625646
15.543 1.8423040275276672 -0.8622415142984184
15.567 1.8431994410286496 -0.8595153136555758
15.596 1.8333697217766465 -0.8859221629950673
15.63 1.8282493039495207 -0.8917179231923481
15.658 1.8293952655313928 -0.8891633597884213
15.68 1.8322913957492952 -0.8819220832434176
15.705 1.820276551568371 -0.8978676840728248
15.727 1.8157268294575704 -0.9091631809871519
15.755 1.8144776794972222 -0.9129011343492088
15.778 1.8082438230103755 -0.9285416482842541
15.796 1.8036232727768475 -0.9411900216052058
15.829 1.8180526930891883 -0.915670154092633
15.857 1.8219525940206052 -0.9067254128214957
15.885 1.820194245875673 -0.9096036056925763
15.914 1.8024155440238565 -0.9414934077255189
15.938 1.8007789571256805 -0.945841057503656
15.971 1.7943247922098613 -0.9628260006894829
15.998 1.8017228499110238 -0.9442127486336449
16.038 1.8049279229034358 -0.9567983988777574
16.059 1.8002896039195977 -0.9691661463623724
16.088 1.7919421842967225 -0.9877250091189723
16.131 1.784207216420757 -0.9934856886565228
16.149 1.7860063167927107 -0.9887288124279094
16.179 1.7840802892484684 -0.9937202427271313
16.205 1.7778058116824489 -1.0042230259983052
16.232 1.7728650754252522 -1.0162196399215746
16.261 1.7744384040675483 -1.0127007351598587
16.288 1.7680934392999694 -1.0280305580261582
16.316 1.7820958868707428 -1.0065461820394248
16.345 1.7767007846807044 -1.0205314127166747
16.374 1.7747046482489968 -1.025459961141513
16.404 1.7653397851322417 -1.036633135665007
16.429 1.765206653923423 -1.0370329936370581
16.453 1.7657809525479582 -1.0349194004114317
16.485 1.7601571539479273 -1.0471005953232737
16.52 1.760190269875863 -1.0756401850038777
16.537 1.7568759143932067 -1.0834300173620495
16.565 1.7517195845767233 -1.0956528758883937
16.592 1.7533448575107922 -1.0909293348155926
16.619 1.7621892031465713 -1.0618772257644298
16.644 1.7612185744186029 -1.0651962547160545
16.674 1.7609722818948201 -1.0656511241274862
16.705 1.747518461853431 -1.0967612037445962
16.738 1.749268229581053 -1.0923554966069036
16.763 1.7479124379906348 -1.0954170564806502
16.796 1.7431358005358084 -1.10572032730165
16.823 1.7348448101327107 -1.1052446462261885
16.852 1.7337201329122471 -1.1086577567645166
16.882 1.7304204056500878 -1.117072144854638
16.911 1.7345231397605831 -1.1206425965467537
16.942 1.7277231178428634 -1.137582706889213
16.97 1.7240345323983368 -1.1461797659702904
17.002 1.726890920978045 -1.1433616300449354
17.044 1.7171544640823506 -1.1680903269496377
17.125 1.71036782725745 -1.1688432326416789
17.198 1.7085549114661995 -1.1772210135466321
17.271 1.6956203193067405 -1.2078857076993208
17.371 1.704729314388322 -1.1906354058729742
17.451 1.684841001045228 -1.2229132299517937
17.551 1.6888084443332838 -1.2380176158761211
17.642 1.6825260164607627 -1.2435023060544628
17.731 1.6780220867289652 -1.258544796329733
17.83 1.6719030335127878 -1.2778239643482496
17.931 1.6615183453961881 -1.296730536450762
18.017 1.6616918126393845 -1.3059789956022598
18.097 1.6657308004580011 -1.2954987613176752
18.201 1.6622674704952134 -1.3050983297008538
18.303 1.656670519432835 -1.3117476449067857
18.39 1.658110443480817 -1.3074811463132217
18.485 1.6514083722089545 -1.3401527925038506
18.585 1.6612967534174028 -1.3071731728679183
18.685 1.6636734191258478 -1.2849942984924685
18.702 1.6628728714956744 -1.3128469718356037
18.797 1.6598927745538918 -1.3258029518887688
18.891 1.648794123389601 -1.3280752014655701
18.977 1.655188256002902 -1.3282383373584468
19.075 1.6583156912728132 -1.304287708542665
19.161 1.6581823612612152 -1.3405202469689899
19.197 1.6588316474492046 -1.3364265820810481
19.214 1.6531857228591718 -1.3332478726401247
19.248 1.6510406175501866 -1.3502976298244365
19.274 1.6513166045389767 -1.3492987092086726
19.302 1.659134892967105 -1.3527111234177347
19.323 1.6590014825526413 -1.3540516162389253
19.35 1.6588867022993825 -1.3545874255006813
19.377 1.6584948375980062 -1.3603029765496313
19.402 1.654486072921948 -1.379020443668278
19.426 1.6554513880477715 -1.3731465262451823
19.444 1.6543640843936471 -1.3825669497681952
19.469 1.6551768680438266 -1.3778271172412597
19.493 1.6556613447533766 -1.374319891615941
19.504 1.6551614692039918 -1.3887065253781021
19.531 1.654939618530898 -1.3908788847534779
19.562 1.6548810793822617 -1.3958108575256023
19.59 1.6547991624220868 -1.3969418500286683
19.633 1.6521100355033975 -1.4238182253242786
19.651 1.6510164175425657 -1.43053821232833
19.679 1.6505892735086007 -1.4342075649762112
19.705 1.6525127566311715 -1.441430297670848
19.732 1.6518009763597066 -1.449535454296158
19.759 1.6517520277201174 -1.4496508078032222
19.786 1.6516892973200472 -1.4497213924710919
19.811 1.6476661674158273 -1.4554876873949294
19.845 1.6460937133639455 -1.4658590799876554
19.869 1.6448305171218411 -1.476345033756666
19.899 1.643764308054041 -1.4876843041290275
19.929 1.647446466185876 -1.4608082900907555
19.956 1.6459354082530318 -1.4649389289414128
19.988 1.6439751228094355 -1.469667733523766
20.02 1.6503586782414743 -1.4784371135004843
20.046 1.649998896632721 -1.4829328761286258
20.075 1.6492848864529415 -1.4918476700709564
20.105 1.6473295356210513 -1.5169960652244996
20.139 1.6487734465320922 -1.5029306012893633
20.164 1.6477641729461339 -1.5115162987543784
20.193 1.6459075776606034 -1.5312321874228314
20.22 1.6461450465571568 -1.5361848551236754
20.249 1.6449022552788721 -1.549589017418353
20.277 1.6441013702492309 -1.5559384304965096
20.307 1.6454200586994514 -1.551179788472884
20.336 1.6444879502793304 -1.5608140253841807
20.366 1.644092831585702 -1.565978127028531
20.392 1.6441623672178123 -1.5648190219318763
20.425 1.644751572006109 -1.5852928371729815
20.456 1.6435966344470476 -1.5954277233767211
20.484 1.6436148154273038 -1.595129900972926
20.501 1.6483166338399668 -1.567889817980727
20.532 1.6479167290976142 -1.574820482572682
20.561 1.6475181106195367 -1.5727129153442385
20.595 1.6469777606539806 -1.5784073516579125
20.618 1.6434297890575602 -1.6119670057212223
20.649 1.6422625171473455 -1.6255520137887096
20.679 1.6416566503878547 -1.6330099620932825
20.709 1.642981599720634 -1.6373153491712904
20.739 1.6415603854560448 -1.6572499379515981
20.77 1.6417558223321116 -1.6573047846322386
20.799 1.641840689839884 -1.659145535415307
20.821 1.6336655262186761 -1.6573302957094298
20.85 1.6321555375714458 -1.6668587522998202
20.882 1.631072924371851 -1.673006590333072
20.916 1.6312648816433932 -1.6772260501531417
20.938 1.6303979309847993 -1.682084064375794
20.966 1.6285468602203015 -1.6954005057179977
20.996 1.6278730805253907 -1.6978108577598605
21.027 1.6262516438820183 -1.7057149193200896
21.058 1.623626899121475 -1.7153949627225855
21.087 1.6241309085791407 -1.7090873698233746
21.115 1.6253735785930399 -1.7048537375685273
21.136 1.6246056962926165 -1.711301197303579
21.16 1.6246512426967712 -1.7103549532244415
21.184 1.6226189399732616 -1.7250376420920945
21.214 1.6219611565055483 -1.736056757398946
21.246 1.62208406241429 -1.7307297893312459
21.274 1.619327867274477 -1.7555976257663473
21.297 1.6192093004581185 -1.7525487053712896
21.333 1.6200627098528038 -1.762443068875123
21.367 1.6208098525213945 -1.7669403693849588
21.391 1.6186730156646827 -1.7836218204029168
21.421 1.6191210428830376 -1.7661673179667083
21.451 1.6189297420548427 -1.7651775676092762
21.477 1.6193374861898322 -1.7613224649468378
21.505 1.6141501049696876 -1.7891593102727308
21.537 1.611049880817667 -1.813092735818041
21.563 1.6118145440125486 -1.8078901764887034
21.595 1.611743608877826 -1.8063182682679357
21.649 1.6116735594245397 -1.8481814727239965
21.655 1.6118235982097964 -1.847852821145595
21.685 1.6116003045359217 -1.8468845806371845
21.712 1.6050931172712726 -1.8406287857229566
21.739 1.6039899873650472 -1.8480320262999375
21.769 1.6040618424485527 -1.847262822724951
21.798000000000002 1.604006415418084 -1.8461012755247195
21.829 1.6029894393342075 -1.8583403279538544
21.859 1.6021847253869577 -1.8630124449627266
21.882 1.6023948454209709 -1.8614218890643108
21.9 1.6017318375555585 -1.8654619729788091
21.92 1.6022060254776977 -1.8834125802682025
21.952 1.6024842962915724 -1.8819215698020249
21.974 1.6016111453038573 -1.8883778742609245
21.993 1.6011967958462698 -1.8921677061831654
22.019 1.5977163683706024 -1.8838072680003164
22.045 1.5977555203347193 -1.8846868273942532
22.076 1.596106472650119 -1.8995271805439216
22.109 1.5937937580672121 -1.9197807583973578
22.14 1.5922378005991336 -1.9352876829493766
22.169 1.5903866242029991 -1.9446353969566905
22.2 1.5903285545794643 -1.9540360285517477
22.23 1.5880108706061098 -1.9555003486207674
22.261 1.586455992536259 -1.9641811509291565
22.288 1.586732017657748 -1.9632978719405574
22.316 1.5889341323928408 -1.948313490256844
22.34 1.587704346907236 -1.9580036960092537
22.368 1.5861964951384904 -1.9754743378699031
22.396 1.5858214380438975 -1.9796388438297667
22.43 1.5846752220466152 -1.9766331673651079
22.455 1.5843115195194957 -1.9791829151097076
22.483 1.583866724343511 -1.9830259567682764
22.515 1.5834389207224144 -1.9873392960582303
22.539 1.5829928501393995 -1.9899600060975016
22.576 1.5832167673734436 -1.9939446868279032
22.597 1.5824285839570926 -2.0052235674483554
22.625 1.5802103608835993 -2.006186684239062
22.657 1.580215105645929 -2.0064096886439056
22.685 1.579575501916015 -2.0101566125298884
22.718 1.5792178079411798 -2.0271265852992872
22.742 1.5797372229816007 -2.024276836647574
22.763 1.5795153860258144 -2.025611529065211
22.793 1.57972472940343 -2.0249886556175514
22.824 1.5734322896082327 -2.0626893019446877
22.856 1.5735390026425293 -2.0608076193363813
22.884 1.5730034890922748 -2.0679909530791325
22.914 1.5712685166934832 -2.081637651544325
22.943 1.5708002011181141 -2.085612677929646
22.971 1.568153924047438 -2.103422531681098
22.998 1.5674759404533611 -2.1126605636429856
23.026 1.571834997852219 -2.076946296853451
23.056 1.5706836657217909 -2.0865227266344415
23.085 1.5698506069005793 -2.088910419362924
23.107 1.5677236667745995 -2.103045994960185
23.139 1.5668438005782694 -2.1114215221459047
23.167 1.5667156062384673 -2.1105321425153862
23.198 1.566586295931966 -2.111763188450536
23.229 1.5620790868542103 -2.1438429303961786
23.269 1.562298474136455 -2.1406410020425444
23.288 1.5626284052085195 -2.141227340611914
23.316 1.5599242891218297 -2.143011555538396
23.347 1.5603765092838766 -2.1406995032500817
23.375 1.5602610586351287 -2.140865827071738
23.411 1.5632628986287638 -2.167290779391741
23.43 1.561828368333504 -2.1778244854764184
23.458 1.5612623763690192 -2.18119780868008
23.485 1.5612159226254971 -2.185604322143913
23.504 1.5563575915207508 -2.1879826601646157
23.531 1.5569630517469095 -2.1837915576397053
23.57 1.5555541069671495 -2.202983938723521
23.593 1.5545706844453555 -2.2072114798001383
23.616 1.5496924718985616 -2.210658253425972
23.646 1.551089752082796 -2.199835359864444
23.673000000000002 1.5514494525779972 -2.1976432522583114
23.7 1.5511984547369466 -2.1992405949292864
23.72 1.5477161322117718 -2.238728142109342
23.743 1.5455354080107957 -2.257869497292334
23.779 1.5431598948767415 -2.2784932562734475
23.8 1.5411815332621677 -2.2901573470616987
23.826 1.546740583672974 -2.251003212968287
23.859 1.546712580895804 -2.2518963604074695
23.884 1.5463702820201994 -2.2553203871106127
23.913 1.545438785784316 -2.261725555362351
23.944 1.5428462826213711 -2.280805870153663
23.974 1.541105033645416 -2.2897119343283956
24.0 1.5387519340076448 -2.2971067788396335
24.029 1.541008279863887 -2.280910220546033
24.049 1.5403297580818203 -2.2842434395662385
24.079 1.5393822775498942 -2.2956712629091056
24.11 1.539610686539007 -2.306033322129784
24.136 1.537926020554591 -2.3189117287017593
24.163 1.5379215900483283 -2.318752710111255
24.184 1.5376345220253222 -2.3198157979475837
24.213 1.5337210842274565 -2.328415250008483
24.237 1.5354036160296665 -2.3143789547960956
24.267 1.5333431565748772 -2.3299296402648038
24.295 1.5333196326963376 -2.3313809793871663
24.328 1.532009013163988 -2.3457502900538096
24.35 1.5307214800733104 -2.35478655732104
24.383 1.5300037964027304 -2.3592619235208265
24.412 1.52780086063902 -2.363068173378535
24.44 1.5269567522335357 -2.369771064101033
24.467 1.525647826318587 -2.37609921087657
24.497 1.52520607271304 -2.385036529223864
24.528 1.5235565904870219 -2.3954300972069085
24.557 1.5248463999584843 -2.3857889389377536
24.587 1.5246523549157747 -2.3892752971766855
24.616 1.5235050577821911 -2.4161091290074994
24.645 1.5220494635647352 -2.42583969803261
24.673000000000002 1.5230863749790713 -2.418718524343279
24.701 1.5202289290275985 -2.428203011942141
24.728 1.5196758964095802 -2.432341066011107
24.76 1.5185294892951522 -2.4418924095490486
24.788 1.5170380495785591 -2.4553612433046115
24.818 1.5210229231403796 -2.439959285924673
24.847 1.5212370998826883 -2.4391151466046326
24.876 1.5201494245547147 -2.4530038317148035
24.907 1.5145690876474085 -2.463311644400186
24.935 1.5127507793335317 -2.4758428684645564
24.966 1.5139939936470541 -2.4641947395428607
25.001 1.5147752001875916 -2.4850801089111174
25.018 1.5144244446214217 -2.4875363972782263
25.048 1.5123605092918504 -2.5049570296722865
25.083 1.510563043972475 -2.5208841085256983
25.106 1.511794773215867 -2.4976253464292806
25.132 1.5117173836153202 -2.497217721661705
25.166 1.5092709980159986 -2.515127047724185
25.193 1.5070992658718365 -2.526519154250583
25.222 1.5051722572992645 -2.517427460185721
25.256 1.5047547488105828 -2.521566647820026
25.289 1.501747249291892 -2.54089448773604
25.308 1.5046176056442484 -2.540094144413416
25.337 1.501825600156647 -2.562181712373685
25.361 1.5007191899885586 -2.5776027406375017
25.394 1.5016461297931327 -2.568205007632012
25.421 1.5040675174597629 -2.5619541148498417
25.451 1.502846236217957 -2.5705954154472637
25.472 1.5026922532426565 -2.5756162505502975
25.508 1.4989524542645456 -2.5844324099850953
25.537 1.4976737505136257 -2.593282755463181
25.568 1.49714212350898 -2.5970043525665316
25.598 1.4977633917479976 -2.5931075517479405
25.625 1.494841733259423 -2.608474836276873
25.65 1.4937557396939267 -2.6165049188196234
25.683 1.494504090798182 -2.6121390027172606
25.711 1.4921361507295847 -2.6184085628378093
25.736 1.4911453951358793 -2.626395979561149
25.757 1.4910055833536697 -2.626331336469594
25.781 1.4888838524882673 -2.643449101904492
25.805 1.492491296522084 -2.6411633862353208
25.823 1.491422416276373 -2.6491937552444753
25.837 1.4905640470720132 -2.6546595614788586
25.867 1.4897031777684584 -2.662806923646599
25.898 1.4867047253899868 -2.6833268262759584
25.938 1.4826063583726763 -2.697248976303894
25.955 1.4820407582644488 -2.69907519678075
25.98 1.4812845190730575 -2.7054247709607195
26.01 1.4856651026097922 -2.6802927205250544
26.038 1.4843134919537533 -2.690429946943224
26.058 1.4834433151352677 -2.697057455552468
26.081 1.4832888832392923 -2.6974975420862437
26.106 1.4853715625168407 -2.7052761989344742
26.14 1.4834919645328393 -2.7219791916635647
26.164 1.4821826060232364 -2.7303728746322853
26.196 1.479706664074068 -2.7419144555050137
26.226 1.4820065659211294 -2.721972683802016
26.258 1.4802795230708619 -2.737371040742578
26.287 1.4798488335701585 -2.7379659488770964
26.316 1.479985926314229 -2.7451642860714527
26.349 1.477795433017453 -2.7639891028976673
26.376 1.4761249942993542 -2.772776221190761
26.404 1.4766283616307954 -2.758856697252637
26.434 1.4766959089455947 -2.7581726129430852
26.454 1.4777053567651326 -2.749227905532579
26.481 1.4768716702876232 -2.755718294346112
26.508 1.4689826297324724 -2.787121048834436
26.538 1.468039152277566 -2.7959358820981683
26.569 1.4687913112221123 -2.792950643525301
26.597 1.4667599847478991 -2.8125198890879464
26.624 1.4715069353471424 -2.7889735599421686
26.651 1.4707613310368652 -2.793155628845985
26.674 1.469551700456845 -2.803888607978544
26.697 1.4675034819163426 -2.8202044939189377
26.721 1.4652475567390462 -2.830950244518265
26.742 1.4656012256049995 -2.824132717788346
26.77 1.4643668664381102 -2.8366036987924677
26.799 1.4624043001646305 -2.847290558201236
26.821 1.4613615432742348 -2.853587601236901
26.851 1.4617623970525109 -2.847965738343078
26.883 1.4596789344464813 -2.8621014155278672
26.913 1.4587278141581814 -2.8636339403552062
26.944 1.4563184227415957 -2.881658966757862
26.974 1.4564989460886517 -2.8774104475520117
27.005 1.4592945973352969 -2.885670450144147
27.036 1.4585984950981783 -2.8902043822335113
27.067 1.4576963567885537 -2.894165040894451
27.095 1.4585817555625615 -2.8863780613526093
27.125 1.458772805486515 -2.890257147692746
27.152 1.4600085957345155 -2.8824912730927243
27.182 1.4582039017593555 -2.900014655314884
27.2 1.4566407063071491 -2.9093103099038182
27.224 1.4555850007989406 -2.9221869408234014
27.252 1.45549484611062 -2.9242037340228535
27.283 1.4530084036148827 -2.9422864380540017
27.308 1.4516371302079616 -2.946441947557248
27.339 1.450339384038316 -2.9558029824968735
27.37 1.4485102551797102 -2.9673132498564363
27.39 1.4473079621339509 -2.9753896285070875
27.423000000000002 1.4493549313464218 -2.973438406129401
27.45 1.4472820329513632 -2.990139694090528
27.475 1.4457778491272724 -2.999513185165127
27.499 1.4453017202792553 -3.002950500824233
27.518 1.4447610904789792 -2.9684628483993127
27.548000000000002 1.4441936546595648 -2.9734718708483654
27.577 1.4454828610190968 -2.9678857192405204
27.607 1.4386891742590726 -3.001937876060713
27.637 1.4403343633333126 -2.9898016716652314
27.666 1.4392587587033592 -3.002635765565378
27.697 1.440309895616464 -2.99304291473613
27.721 1.4389419865957105 -3.026742258111507
27.751 1.4365240954666372 -3.0452532644491854
27.779 1.436078900787414 -3.0476922057835787
27.809 1.4372337366788541 -3.039732705462165
27.84 1.4350038919693398 -3.0576397450815564
27.869 1.4347456916761683 -3.0612454472052724
27.9 1.4319793835508337 -3.0836206345602775
27.921 1.434061521952842 -3.0554822581672143
28.007 1.431422760878289 -3.0762058653381534
28.105 1.4319165082028105 -3.096161386581843
28.207 1.427933879785565 -3.1222928774299548
28.307 1.4268103425067324 -3.141385298033134
28.412 1.4210247171118282 -3.177246973151755
28.505 1.4213248752744079 -3.178482886737054
28.589 1.4220494420838794 -3.1674159996167415
28.648 1.4206524814342425 -3.1855752349684376
28.742 1.4210937837802595 -3.2123653006137025
28.838 1.4125160276671807 -3.2347642721858136
28.928 1.4144924500082334 -3.249588902692744
29.026 1.4105357060727775 -3.2646140397014998
29.108 1.4073095609785715 -3.2898888572430427
29.205 1.4040620828129444 -3.305297298677745
29.301 1.405683427002007 -3.3109349592128323
29.402 1.3999731006378464 -3.33246979818818
29.495 1.4010172965129184 -3.3223485737549185
29.595 1.3967476130172654 -3.3571617311031092
29.686 1.404565810052872 -3.327973253565422
29.773 1.4000271882995574 -3.36577322265518
29.866 1.3983334738642115 -3.3613935080031005
29.956 1.3971477564045878 -3.3561647543172577
30.041 1.3960780683850607 -3.364381873950617
30.103 1.3997535603309486 -3.3669420457217663
30.143 1.3990422736545505 -3.3721728626420355
30.248 1.3965983164119682 -3.390879365478285
30.335 1.3949639672065623 -3.377595428559959
30.438 1.3991876714538614 -3.371604553908862
30.528 1.396995331798469 -3.3770321020219636
30.594 1.403775713465483 -3.3421001338169196
30.622 1.3948516272277813 -3.3779543266608774
30.653 1.3937976543848887 -3.3823001025800172
30.682 1.3983107971230357 -3.362513787397645
30.705 1.3948640259060705 -3.3785463969378227
30.732 1.393377250307366 -3.3852785932764875
30.763 1.3934334697213864 -3.383794812664458
30.793 1.3898561110903978 -3.396977480168491
30.818 1.393548490200718 -3.379604638356755
30.841 1.3907833041116662 -3.3886782389530983
30.87 1.3880551648701127 -3.395640841344965
30.9 1.388313300544774 -3.3962278041835807
30.927 1.3940054027004245 -3.3837746408774105
30.954 1.396441362994447 -3.377305286836339
30.986 1.3904941823566128 -3.3933671763704814
31.013 1.391793440732204 -3.389218686578403
31.05 1.3887077011987599 -3.396800782096862
31.074 1.389109005037047 -3.3957404295154583
31.103 1.3875147272062667 -3.3967431730007367
31.136 1.3856897070894787 -3.400153605759517
31.232 1.3963148225834587 -3.394156518527233
31.312 1.3900845023282562 -3.396917290486694
31.4 1.4026851491469716 -3.3802103222806834
31.478 1.3868652549598957 -3.403358511238727
31.559 1.3780989038310385 -3.410612609944652
31.658 1.3558478064244692 -3.4193861479779435
31.752 1.3761109159788858 -3.4090653660117565
31.838 1.3849542332241602 -3.397768546442528
31.933 1.3843222339654133 -3.4030913651008348
32.004 1.3778851198136028 -3.4070526852992216
32.099 1.4067960353153368 -3.3991573768409773
32.192 1.3963932971096353 -3.4001403093360536
32.274 1.372288601712865 -3.402711584926449
32.359 1.3673106604290433 -3.409156245564845
32.459 1.3614161393321669 -3.403180326709766
32.492 1.354307564820371 -3.4036514571913994
32.528 1.3617447247099725 -3.403822041613153
32.555 1.3509859451804087 -3.4054629886519687
32.586 1.3354357829682135 -3.407873662862157
32.615 1.352490672566017 -3.4059012636525106
32.647 1.3481526153242465 -3.4062194717414407
32.676 1.3405383145993341 -3.406859360963847
32.707 1.3296257257449686 -3.406064198316712
32.734 1.3157518588106853 -3.4073926082478163
32.765 1.2868896750174494 -3.4098312431373685
32.795 1.2875354875674867 -3.4103730951916122
32.825 1.2578071795661139 -3.41283919383425
32.854 1.2537045485335072 -3.4131780759816976
32.885 1.2520494574698535 -3.412723946219087
32.915 1.2952245808173746 -3.4165183576251854
32.942 1.2915873937764688 -3.4166160464424737
32.972 1.2843867610246762 -3.4166769329066438
33.0 1.2770944775093207 -3.4164918306115757
33.017 1.2631712702326463 -3.414432815696608
33.048 1.2727734815832332 -3.4137222605260877
33.076 1.2634859594374153 -3.414340020526398
33.1 1.2598825771946403 -3.4146214758350775
33.128 1.2605467126379224 -3.4150262654020773
33.152 1.2704932313928434 -3.414397750472939
33.181 1.2523501586705552 -3.4152745670399334
33.204 1.225080589509984 -3.415195318974351
33.228 1.2119731300560042 -3.4161459742795084
33.259 1.2094940426633187 -3.4155521054833273
33.29 1.2138632389112487 -3.4156180362973845
33.31 1.2072270309999955 -3.4157836011497618
33.341 1.2092153472809655 -3.4157287595388053
33.356 1.2111913954396216 -3.4154551814044596
33.38 1.2006772550101625 -3.4157968541417665
33.417 1.2322897319930413 -3.4139047092731363
33.445 1.2317546180813597 -3.4154184829170466
33.476 1.2257048758857934 -3.4161702049950304
33.507 1.171033043452979 -3.418157297457458
33.539 1.174009563413014 -3.4178349593066812
33.638 1.130793484785576 -3.4221585761746764
33.735 1.11125101982284 -3.4186503876246253
33.828 1.1142487064325823 -3.4301825735688505
33.922 1.0850991855825836 -3.4214908990334396
33.975 1.0666369854672593 -3.4227358659420544
34.069 1.0135567662688136 -3.431743969653851
34.154 1.0422828509492414 -3.4326343139832316
34.246 1.0386619155175805 -3.424356404278299
34.347 1.009752406209879 -3.4271442149549336
34.446 1.0015274932306037 -3.4341671819243382
34.477 0.995149120465903 -3.4346965219516497
34.505 0.9735206260768837 -3.428059742588635
34.534 0.9707946273759421 -3.4280751464240318
34.569 0.9652493607298833 -3.428176129307355
34.594 0.9642884377823994 -3.42854299164145
34.623 0.9400866889068612 -3.4271578959056237
34.654 0.9174110212887892 -3.427983642262985
34.683 0.9193074706250542 -3.427845099018922
34.712 0.9243356549384287 -3.4312202744333558
34.742 0.9241562829687869 -3.4309099858981047
34.772 0.9458236621857864 -3.4297284818312925
34.803 0.9538167460494742 -3.4295704063719534
34.832 0.9552464293599179 -3.428773958218743
34.861 0.9442136771249753 -3.429284379974405
34.891 0.937548197070101 -3.4306607693119977
34.921 0.8862593669179032 -3.4326706382151886
34.951 0.8807351638621981 -3.4332247512253637
34.98 0.8732533512236427 -3.433591115711753
35.01 0.8624088969585713 -3.4370309232012475
35.039 0.8612765991841336 -3.4371031915431622
35.07 0.8559185339751558 -3.437525614347499
35.098 0.8467373873065267 -3.437944979746249
35.123 0.8501147657953552 -3.438540703370804
35.134 0.842406451692874 -3.4388781035817484
35.155 0.8242045137620416 -3.4400563125167873
35.18 0.8124180813408979 -3.440018306998188
35.2 0.8174837668452448 -3.4397114867295375
35.221 0.83890496075927 -3.4353380460812994
35.241 0.8380932741301713 -3.4353200200870946
35.254 0.8374467301619575 -3.4354359328258286
35.271 0.8351410026472663 -3.435937796413929
35.29 0.8354353901428695 -3.435992062605806
35.312 0.8039092071686519 -3.441976129212012
35.339 0.797339174179612 -3.442197707798055
35.367 0.7833479555856186 -3.4425686457969054
35.397 0.7725711342815836 -3.443514830933658
35.417 0.7934463163690925 -3.441795095382262
35.446 0.7965957880010526 -3.441675896395973
35.475 0.7958996951254198 -3.441608513990557
35.5 0.8071579803194668 -3.441512594503884
35.524 0.7643892721436936 -3.4427813623110284
35.554 0.7534050270077044 -3.4425799124538643
35.587 0.7538458118630773 -3.4427444069409185
35.613 0.7471480609649139 -3.4431130700177173
35.642 0.74822980523281 -3.442819996137622
35.671 0.7445957162370083 -3.442754140322877
35.699 0.7295824272851793 -3.443175553873149
35.717 0.7321518406122838 -3.4458138756833705
35.746 0.7243722748307787 -3.4459849427460383
35.775 0.7233892348088353 -3.445872146700843
35.804 0.7263488341190203 -3.445948840479973
35.828 0.7168172199801335 -3.4466685099374503
35.859 0.7041219626491261 -3.446637328588613
35.886 0.7099543969248476 -3.4465392719644896
35.917 0.693564541928968 -3.446571862900664
35.936 0.6891888153953568 -3.446860279882167
35.966 0.6844361188425722 -3.447014494923469
35.991 0.6912421314449435 -3.4461653004875186
36.008 0.67263740960711 -3.446662922347951
36.041 0.6569224101738116 -3.447494396894051
36.057 0.655700989695992 -3.4477407162021487
36.082 0.6455415809401175 -3.4482847970257926
36.106 0.6493455458040049 -3.4502386746502993
36.131 0.6448368957751439 -3.450474936025262
36.159 0.6253765493943921 -3.451328475533961
36.188 0.6146886224542978 -3.45238290421005
36.219 0.6315261125866176 -3.447905775182048
36.25 0.6129849070664231 -3.449461548510407
36.281 0.598813901057893 -3.450949552969735
36.311 0.5855239292942994 -3.451349650970097
36.341 0.5747812924541993 -3.4528681919261213
36.37 0.5411068604428193 -3.454879313732352
36.4 0.5305544496214429 -3.45523608426159
36.429 0.5861755162321637 -3.4501977118612595
36.45 0.5750574357955451 -3.450753351567559
36.481 0.5666928679567249 -3.451067834320025
36.51 0.5621125014235954 -3.451190217689094
36.54 0.5384628212132251 -3.4526987880208666
36.572 0.5361791395840472 -3.4525800466398313
36.597 0.5351383821112033 -3.4527698584759055
36.617 0.5573779435893285 -3.454531456400179
36.651 0.54294777772214 -3.4554184781786805
36.677 0.544886287980611 -3.4546358923199976
36.704 0.531050786770623 -3.450268026944941
36.731 0.5184224180898032 -3.450923888765809
36.762 0.5132116465434914 -3.4509905636200076
36.786 0.5093487871679258 -3.4514434986423614
36.804 0.5141718485740725 -3.454445458700044
36.823 0.5182445572396817 -3.454247495758286
36.855 0.5126583235006453 -3.4547080106899792
36.883 0.5054343476144989 -3.455822167644661
36.911 0.48966713089648384 -3.4580830572826393
36.939 0.4770087170796362 -3.458993713776117
36.969 0.4637512082214022 -3.4600122252447045
36.999 0.4750053146157953 -3.459884188774804
37.031 0.4553281805338498 -3.460915629646069
37.057 0.4570380994112111 -3.4607990648111864
37.087 0.4471313898143561 -3.4613826370092298
37.117 0.455832224453178 -3.460726917332258
37.146 0.4599082396006965 -3.4606600201089432
37.174 0.4588617374711612 -3.4610763529463866
37.204 0.4332549563025925 -3.4584383213009353
37.236 0.42725882742724847 -3.459120932316212
37.263 0.4281794200060052 -3.458884136294108
37.293 0.43312398872750674 -3.459181318503266
37.32 0.39866364451475694 -3.4626142763164056
37.347 0.4000769614427464 -3.4624987688164373
37.378 0.40421843186480383 -3.4620043543531187
37.403 0.39257887442223044 -3.462586245487687
37.432 0.3814844301204043 -3.4634260111280053
37.461 0.380817389446958 -3.4636291983432255
37.49 0.360902971894447 -3.464716987611858
37.521 0.36674724006526827 -3.4651333507643627
37.55 0.35468698804502424 -3.466101142388516
37.58 0.34635122382866546 -3.4664792395531663
37.61 0.35628822019323647 -3.46366211082112
37.639 0.34696809960014974 -3.4644239157444328
37.669 0.33893865572807785 -3.46490926547054
37.698 0.32579526332211184 -3.466204867240336
37.724 0.30912164537844666 -3.469364504170466
37.75 0.316856393666554 -3.4688996402272276
37.779 0.30873425524927384 -3.4688226977110777
37.81 0.30832145015709606 -3.4696114094822774
37.837 0.30961881151906356 -3.46952755504997
37.868 0.30558626819853696 -3.469604349471242
37.895 0.3000590333113146 -3.4707316761032216
37.927 0.28680356285064096 -3.4679882489824174
37.954 0.283488979176395 -3.4681937257217847
37.978 0.2749980581815593 -3.468797359826232
37.995 0.27786337530590177 -3.4687465096925454
38.023 0.2728150810104181 -3.470997498461566
38.048 0.25670339677329407 -3.4721080375878817
38.085 0.2440015835534392 -3.4736313421506226
38.105 0.2521594053495776 -3.4701571861246574
38.135 0.2521628962763908 -3.4699509800859336
38.165 0.24777319562462966 -3.47027393995165
38.195 0.2334929110348327 -3.4712380257929625
38.225 0.23233824037794326 -3.4719854295276416
38.256 0.21733746454876895 -3.472384447340061
38.28 0.22209977579418919 -3.472233036814469
38.31 0.20947988674504137 -3.471586644693597
38.338 0.2015441396270577 -3.4719692557637645
38.365 0.17901956505469602 -3.472714212489313
38.391 0.16923361060830494 -3.4729098078624303
38.423 0.19880293058906454 -3.4723359325759917
38.455 0.19015755069687207 -3.472632829715569
38.485 0.19575464946631455 -3.472451367118753
38.509 0.17556377938394413 -3.4751572809008238
38.538 0.15265182024911006 -3.47664901439855
38.565 0.14864874431342603 -3.4771414935226894
38.587 0.1446701642684668 -3.4774989422648575
38.607 0.14515104425517403 -3.4767427858263336
38.639 0.1200360605456507 -3.4783475329047824
38.67 0.11709369000965839 -3.478306577285912
38.701 0.1322903060247411 -3.4753239636180258
38.731 0.12487629916020723 -3.4757489548904887
38.764 0.12255061062949252 -3.4756225469469912
38.791 0.11488796610969593 -3.4759471286340986
38.821 0.10235825380301294 -3.4803205480368398
38.85 0.07906715883772504 -3.481199822012666
38.886 0.0738234055042855 -3.481626968018494
38.907 0.09197590413592263 -3.4799899217607897
38.931 0.08751596695374107 -3.4803226557241986
38.959 0.07659412249805213 -3.481521405213004
38.981 0.07975006593115674 -3.4804636654261834
39.005 0.07269085944775615 -3.484902840891131
39.028 0.07063022431042625 -3.4850275182730917
39.052 0.07077834371028223 -3.4847957484853396
39.083 0.0750893056962921 -3.4840945492898103
39.113 0.05333609062982805 -3.478478235239375
39.144 0.03844402107404144 -3.4796247242378784
39.171 0.030788195216213492 -3.4799394186419406
39.203 0.0338664251523908 -3.4834942722303204
39.232 0.03670070830094065 -3.483113950291579
39.265 0.021177502204046898 -3.4839354605432162
39.293 0.01836279124545141 -3.485374967697446
39.323 0.0029651154447107703 -3.4860685438561716
39.353 -0.023727984193559776 -3.4879841100352422
39.381 -0.024702736194315077 -3.4880304950089394
39.411 -0.008875197716834538 -3.4886733348172547
39.442 -0.019869856860856853 -3.4892458328431175
39.471 -0.04846907703958425 -3.4910077845319876
39.498 -0.06524227337838678 -3.491227728001614
39.527 -0.02620014103401961 -3.4893882664627607
39.556 -0.026475466897865174 -3.48947905093881
39.586 -0.014316612592695076 -3.489406381330869
39.615 -0.046504405465804574 -3.4908676544782047
39.645 -0.06490926649705647 -3.4910965328205514
39.675 -0.052854712393966295 -3.4906824673002466
39.696 -0.06424426736489665 -3.491278117560116
39.723 -0.07624618970816768 -3.4857292406386566
39.754 -0.08668928729842139 -3.486314293889949
39.777 -0.08393669945545659 -3.4859149236133673
39.8 -0.09397215915673254 -3.4861952441568347
39.825 -0.07925114500409558 -3.4897330681097802
39.855 -0.07486328031493042 -3.489670613185607
39.889 -0.0836814815946997 -3.4899449991473617
39.915 -0.10900650061656135 -3.488986832233213
39.939 -0.12292791731508282 -3.489606214937689
39.954 -0.12432618972530057 -3.48960415639371
39.985 -0.1288952067302683 -3.489999449731353
40.008 -0.12833354907928132 -3.4903392148127868
40.038 -0.1242030604644864 -3.490217588955033
40.065 -0.13224796402391034 -3.4907136385790114
40.093 -0.15129883020687565 -3.4927606498147794
40.111 -0.1479791017755504 -3.495818222901678
40.133 -0.1572047798578401 -3.496036776273291
40.158 -0.15957825594666783 -3.496169097409361
40.182 -0.16429860279435948 -3.49687984106717
40.222 -0.17472461366243786 -3.496957523363405
40.239 -0.17959180630108698 -3.4970266475927945
40.269 -0.18127874740184846 -3.4977253276723235
40.298 -0.17931097530234785 -3.497942395856524
40.329 -0.1914678699751851 -3.4954181487673974
40.356 -0.19933675412429663 -3.495578519965868
40.385 -0.1920081337423819 -3.4952807272021955
40.415 -0.20303216919161166 -3.4927827655778714
40.444 -0.19793756462167897 -3.4923126517736733
40.471 -0.20053707398495374 -3.492585280669098
40.5 -0.2005669582522765 -3.4927256484358593
40.525 -0.22218305038542954 -3.498620286249695
40.551 -0.23355080480640839 -3.499546537501155
40.584 -0.25520451463577726 -3.5013453925451667
40.613 -0.2423467732303626 -3.499815366980036
40.644 -0.24805179780800313 -3.500185559061873
40.675 -0.24961506676147924 -3.5006436895769792
40.702 -0.26794541429390534 -3.499483636678127
40.729 -0.28949920694871417 -3.5005748193842368
40.757 -0.289511887679448 -3.500408582815155
40.784 -0.2984386343313724 -3.5001030544313414
40.812 -0.28844860813754963 -3.4983131919677533
40.842 -0.2872103628693766 -3.4979818384125365
40.87 -0.28476830355676713 -3.498045735456066
40.899 -0.28844852759877115 -3.498098938167757
40.928 -0.2993387985216227 -3.5022854817260893
40.958 -0.3109624835337406 -3.5031343250239315
40.986 -0.31722285105198245 -3.5027770603099304
41.014 -0.3279073338705909 -3.500403905435927
41.043 -0.3298769854755553 -3.500372341299113
41.071 -0.3169703933174924 -3.499540292835394
41.101 -0.3424656393208746 -3.5012472849723704
41.136 -0.37229466927516186 -3.502555961710053
41.167 -0.38013012693576376 -3.503169144091198
41.196 -0.3794179444904522 -3.5030068343887417
41.222 -0.3681677631539283 -3.5047761254093333
41.257 -0.38428877272816214 -3.505730432421853
41.281 -0.38502999408830607 -3.5059702094304486
41.312 -0.3851720216439052 -3.507050877441652
41.338 -0.3966261710232476 -3.507758546950902
41.367 -0.390364843266766 -3.507635474130138
41.397 -0.38261777831137994 -3.5067726808074746
41.44 -0.4216439928087499 -3.5044912022340995
41.456 -0.4154197038613997 -3.504169293846726
41.485 -0.4316939517685153 -3.505991203670954
41.506 -0.42708286896974573 -3.506305857233236
41.535 -0.43892936152013784 -3.5072289580001037
41.563 -0.450688473512705 -3.5083030954019105
41.595 -0.4621897132480195 -3.5091944752925803
41.637 -0.46487835877106626 -3.5075490297402467
41.657 -0.4802744465035754 -3.5085354108660862
41.686 -0.49341779131481284 -3.509477595422647
41.705 -0.4702876998789834 -3.5096722291864135
41.737 -0.46946717746229044 -3.5096550347268947
41.765 -0.4751314772493982 -3.509436932513352
41.794 -0.4883939678021776 -3.509325532328246
41.822 -0.48057044603956056 -3.5118198887444643
41.853 -0.5033934403050435 -3.5128207009348187
41.881 -0.505245110450687 -3.5128534452032043
41.916 -0.5177993946759452 -3.5067031261577517
41.94 -0.5283757810390716 -3.5073293814590514
41.97 -0.5432178580793019 -3.507866187268746
42.012 -0.5299992157641343 -3.5167564237525104
42.034 -0.5387657287137448 -3.5174162741465613
42.058 -0.5411087597011278 -3.5174815434085875
42.089 -0.5436657643335444 -3.5176536792342774
42.12 -0.5545708622134249 -3.51654105132568
42.152 -0.5562328871498865 -3.516544257282362
42.178 -0.5596619189681884 -3.5164782884399592
42.207 -0.5685842350289427 -3.513757910326854
42.231 -0.5776198533011342 -3.5142513215195432
42.258 -0.5705116732239731 -3.5137191824293383
42.283 -0.5830541132352454 -3.5141088007359893
42.311 -0.5959371493922611 -3.521097295658389
42.337 -0.6136256602902069 -3.522128101728498
42.363 -0.614406503577388 -3.522259329871259
42.39 -0.6125448973226238 -3.5221293839955035
42.418 -0.6139538734860116 -3.517962740452358
42.449 -0.6070717101804546 -3.517891410684084
42.478 -0.6091032384290493 -3.5182996053142133
42.506 -0.6268188022398108 -3.519165996898817
42.538 -0.6286168919623308 -3.5194916635656193
42.566 -0.6249773592951173 -3.519342788813301
42.666 -0.6533876894132679 -3.5171210582896397
42.766 -0.6949153118578637 -3.5221199362224342
42.865 -0.709551101390119 -3.5211431821223864
42.961 -0.7488692246104438 -3.521173777687574
43.037 -0.7282251737209466 -3.523536520768594
43.136 -0.7584499106569671 -3.529744597486236
43.22 -0.7695469374155012 -3.5302712500989903
43.312 -0.7732450832711131 -3.5305930645129155
43.414 -0.7898695689357419 -3.531282319372528
43.512 -0.7972667420998951 -3.529569291132448
43.61 -0.8099197471320906 -3.53021720846253
43.709 -0.8152638972512162 -3.531297473774517
43.806 -0.8174537504612368 -3.5299758272102455
43.905 -0.8213800727950517 -3.5259483516207824
43.909 -0.8211565692732293 -3.5259423424454384
44.006 -0.817355953837849 -3.529429181964856
44.102 -0.8094677286060529 -3.5255477039480145
44.177 -0.8127723773392282 -3.52696357985242
44.274 -0.815030108200474 -3.528446870647614
44.367 -0.8294019953150621 -3.5286915490252087
44.398 -0.8301356258047349 -3.5283342047425568
44.429 -0.8240336711452334 -3.527583417092436
44.453 -0.8255938373801489 -3.527457872128056
44.482 -0.8284385560310176 -3.5275620706282744
44.501 -0.8279206854961337 -3.53084318444214
44.521 -0.8285290211392824 -3.5307667556207765
44.629 -0.836821026893375 -3.5240548219651857
44.707 -0.8360047411065319 -3.5305060949719644
44.802 -0.8404726654086099 -3.529972321481779
44.888 -0.8550864818973387 -3.527527813331092
44.896 -0.8525597921431896 -3.5282618549904536
44.971000000000004 -0.8380902823807531 -3.5257063616250477
45.055 -0.8483321143388323 -3.525717477142223
45.14 -0.850517768269676 -3.532011666295021
45.241 -0.8645038952961183 -3.5251521560466004
45.339 -0.8656926143011869 -3.5161146253615847
45.435 -0.8616231310368472 -3.5200915667301467
45.528 -0.8630479836279532 -3.5143541876862883
45.545 -0.8628056885651113 -3.514943550781469
45.627 -0.8684983329489308 -3.511392877814501
45.724 -0.8642451398293372 -3.5333709168053278
45.805 -0.8700539349144958 -3.520038592658243
45.9 -0.8849312572372326 -3.498989643792868
45.99 -0.8630150114692626 -3.5216866511116183
46.018 -0.8700000788483062 -3.513609124060849
46.048 -0.8748895315680703 -3.505069795534196
46.076 -0.8770718332614228 -3.5010827875339516
46.104 -0.8796548299014257 -3.4999256713203857
46.127 -0.881714683689873 -3.496025592733374
46.145 -0.8854615713985916 -3.488965328089854
46.165 -0.887640987618373 -3.4844968193693697
46.195 -0.8873355690552227 -3.4859318841360527
46.229 -0.8727268318526094 -3.4676128958542907
46.247 -0.8745331389129689 -3.463903947556033
46.274 -0.8794943219163761 -3.4533175086609136
46.299 -0.878677963256204 -3.4552358837757575
46.322 -0.8920424780525138 -3.4614811077645893
46.34 -0.8971405354023279 -3.4505571102045365
46.366 -0.9011402293512005 -3.442618474712909
46.4 -0.9007210586868708 -3.4433356887541593
46.443 -0.906386876415457 -3.4400986374034397
46.461 -0.9055880483618385 -3.442370351773987
46.493 -0.9067058839003848 -3.4390618381339393
46.518 -0.917036949293708 -3.422931464372444
46.542 -0.9225709113582461 -3.4101022866636477
46.567 -0.9175658555197901 -3.4218614498564586
46.596000000000004 -0.9204163041547175 -3.4148443477877044
46.633 -0.9158566256583067 -3.406889010700382
46.646 -0.9180508406391985 -3.401387932329149
46.663 -0.9171745958971065 -3.4046736486157942
46.695 -0.9172355671538079 -3.403152279713151
46.716 -0.9302267064415896 -3.3855316370894055
46.735 -0.935596741052492 -3.372310378793072
46.762 -0.9373653601765116 -3.3676141801009774
46.791 -0.9353037112174137 -3.372253547731694
46.836 -0.9355435483750887 -3.3639215503133526
46.849 -0.93937727664722 -3.354524057824809
46.882 -0.9315198667199335 -3.3746289890299344
46.909 -0.9432582143939665 -3.3599990429538176
46.933 -0.9515933735209214 -3.339447014387035
46.965 -0.955086579215647 -3.3309742876172272
46.991 -0.9534363910431448 -3.334668676821986
47.034 -0.9513196378624632 -3.3351553784072716
47.052 -0.9511873938855165 -3.3359379684099872
47.082 -0.955345902957713 -3.3268645245335007
47.109 -0.9654110961630791 -3.306186608167836
47.135 -0.9685887218409306 -3.298419376855903
47.167 -0.9635711792223718 -3.3111612033521363
47.197 -0.9585710162869463 -3.323970249392345
47.239 -0.9678188766705662 -3.2961731010468536
47.258 -0.9687464312091768 -3.2934358947206515
47.289 -0.9726546832683148 -3.283768857903346
47.334 -0.9783795982916565 -3.273187267337753
47.336 -0.9784968685203097 -3.273009497589598
47.364 -0.9812056168695622 -3.266868592628824
47.39 -0.9783022230216231 -3.273254557655959
47.428 -0.9782656800240311 -3.2731773505945942
47.44 -0.9803246218308936 -3.2687607891635553
47.467 -0.981000205714318 -3.2676348365506027
47.492 -0.9775965976113234 -3.275724499107942
47.515 -0.9879973803284378 -3.251774801495627
47.532 -0.988673353620406 -3.2499450811572315
47.546 -0.989784725209664 -3.2471837979303575
47.58 -0.9910172909243848 -3.2417113742799932
47.604 -0.9978871935001121 -3.227407076985294
47.634 -0.9999352145391743 -3.222219700406433
47.656 -0.9999775007351912 -3.2221189871406053
47.686 -0.9970592930274008 -3.2273233416765157
47.711 -1.0067686750364477 -3.208585096321609
47.735 -1.0041359524204496 -3.2148629102360875
47.76 -1.0089147399764278 -3.2029365186297873
47.791 -1.01561078961453 -3.187054485079496
47.821 -1.0207360422509306 -3.1852831048588217
47.853 -1.0257705537548454 -3.1732075214128774
47.881 -1.0253744248101653 -3.1745047694636224
47.911 -1.0117744395669794 -3.1841778659010176
47.945 -1.0122344509838743 -3.183306483626621
47.973 -1.0141509880589052 -3.1792384187986764
48.004 -1.0268953136857801 -3.1529118637419646
48.028 -1.0288847702093273 -3.148313447240147
48.044 -1.0303807105147755 -3.1442967689926467
48.07 -1.0322392112720578 -3.1389546165524447
48.098 -1.0286629274229275 -3.147745648725625
48.137 -1.035189402133205 -3.132424246538637
48.158 -1.0319239150976736 -3.140993458373408
48.186 -1.029746259715806 -3.1472422678598764
48.215 -1.046925729843049 -3.112419772192491
48.245 -1.050883741828575 -3.1031095234564248
48.274 -1.0509769563197056 -3.1028994749685297
48.303 -1.05177287365231 -3.091876544830461
48.327 -1.0532134191232627 -3.0883656009311045
48.355 -1.0536545102831782 -3.086727818117688
48.386 -1.056589359841383 -3.0802613672237995
48.406 -1.0638513195042163 -3.071549663866683
48.436 -1.0624918851410154 -3.0751867052549637
48.466 -1.0665543698729585 -3.0653641741662128
48.497 -1.0715998110475742 -3.05247699851352
48.523 -1.0692774679813648 -3.052086018753954
48.543 -1.0707257462766024 -3.048053311914708
48.573 -1.0700750886292185 -3.050725017199706
48.604 -1.0708092236767996 -3.039127930345943
48.617 -1.0710556118397327 -3.0387308815430005
48.632 -1.073138308130292 -3.0332932368645453
48.652 -1.071057609290628 -3.0393733255022135
48.669 -1.0739171003225252 -3.032442132586146
48.69 -1.0731222324390555 -3.0347614055057983
48.712 -1.081430921577891 -3.026355830744356
48.743 -1.0862814006175288 -3.0151931722454672
48.774 -1.1031315328994755 -2.9734682788899804
48.803 -1.0866012439766952 -3.0060203276245705
48.841 -1.0907564087260488 -2.996796048174887
48.859 -1.0964761643881213 -2.9840338240578896
48.89 -1.0967339588794884 -2.98226232451071
48.923 -1.0927966003054688 -2.9999989888329543
48.947 -1.0905181739333898 -3.0051572339027084
48.976 -1.092670656515117 -3.001054680071121
48.999 -1.0961273535743012 -2.9919323652996477
49.028 -1.0994914068006099 -2.959833598364938
49.048 -1.10469307816855 -2.9464601964830677
49.079 -1.1161807343067718 -2.9192533186208562
49.111 -1.1075478011489444 -2.9453799991774097
49.136 -1.1048068536748707 -2.9516374165794153
49.159 -1.104755686104576 -2.9525926480515836
49.184 -1.103172979786652 -2.956311283579604
49.204 -1.1185095971468595 -2.9313607162992477
49.235 -1.1193146804403138 -2.9295549889385315
49.265 -1.1169031992913592 -2.9355052443976337
49.297 -1.1164252748313428 -2.936427836003037
49.333 -1.124128893229555 -2.911057255402687
49.348 -1.126541813373327 -2.90534277226042
49.376 -1.1283071877405288 -2.9020845416694723
49.406 -1.131905369959371 -2.895359185876175
49.43 -1.1335951094608876 -2.891538856237051
49.459 -1.134526726753507 -2.8891740238789527
49.491 -1.137990963779829 -2.878073835040382
49.522 -1.1455770657226103 -2.8639882945690887
49.541 -1.1447031819372402 -2.866179411572862
49.57 -1.1481950742307545 -2.857661042092875
49.603 -1.1515960449445743 -2.8571860852767417
49.644 -1.1451644359168598 -2.8723892960956845
49.659 -1.1460358249995122 -2.8711608335292924
49.688 -1.151731998743387 -2.856134136564785
49.717 -1.1574702507968841 -2.8327179545745453
49.746 -1.1608000112542325 -2.8252985677792415
49.775 -1.1584068839021966 -2.831317845667589
49.802 -1.1614357726881532 -2.8263897603284334
49.834 -1.1628374790514513 -2.822839747388679
49.862 -1.1599709889193577 -2.83109972900695
49.881 -1.1601638377971466 -2.831087640302667
49.901 -1.1680049710219285 -2.803666018702366
49.924 -1.1663127548401087 -2.807636830714826
49.956 -1.1697120791981797 -2.7982729125743155
49.983 -1.1680733142308115 -2.802564564520918
50.017 -1.1757537561776494 -2.7836975375852093
50.046 -1.1767116135886144 -2.7816810605168136
50.071 -1.1797521028508 -2.774286238550155
50.098 -1.1786577728170604 -2.775951527468947
50.122 -1.19291522984439 -2.7526338540416466
50.137 -1.1936826056740484 -2.750598214501545
50.174 -1.1934917418794966 -2.7511203943248654
50.208 -1.2001349782703186 -2.74539091159728
50.243 -1.2008527452981554 -2.743682245767023
50.272 -1.2044003081901375 -2.7343853675983114
50.302 -1.1999123886506042 -2.726349256683326
50.334 -1.2004622430476208 -2.725323072604711
50.362 -1.2003323345719588 -2.7240910179043807
50.385 -1.2002409575797064 -2.7246096226289995
50.405 -1.2121380433944753 -2.7115216271287186
50.432 -1.216011042121783 -2.701783974900882
50.462 -1.2184584654642692 -2.6979429891946074
50.492 -1.221794901156054 -2.6897883511869525
50.523 -1.217410080133012 -2.6864599823917126
50.553 -1.218403947302386 -2.6847496217390283
50.583 -1.2167197767773925 -2.6879467772452994
50.612 -1.2222676402839392 -2.6815603836676907
50.641 -1.2194941684596996 -2.6880987612837166
50.671 -1.2165538332983419 -2.6951208656119046
50.7 -1.2105521115748297 -2.7077918366300535
50.731 -1.2460871443723582 -2.630924001755084
50.763 -1.2436545510110217 -2.636673507445188
50.781 -1.245906377560533 -2.6324614192272358
50.793 -1.2487597107763073 -2.6264910542136874
50.823 -1.2371018528976219 -2.639770948901839
50.844 -1.2380446049085307 -2.637659085468594
50.869 -1.238319255443944 -2.63717132334358
50.895 -1.2349628149441114 -2.6447502630632065
50.92 -1.2518182440797194 -2.6151989443416936
50.942 -1.2453507021042698 -2.630727490013335
50.966 -1.2476143228935916 -2.6263893474129842
50.991 -1.2516702648945073 -2.6182592798401036
51.021 -1.256173241405689 -2.6041522823593692
51.052 -1.2491141983870393 -2.6212617648841916
51.08 -1.2606764446388798 -2.5960326664948927
51.106 -1.260674385760708 -2.5890396012278947
51.136 -1.2598424039870182 -2.5916229838529237
51.166 -1.258808168235893 -2.5952386988382536
51.195 -1.2601129216902123 -2.5931283262936375
51.227 -1.2735121575350306 -2.5575782134958644
51.254 -1.2728653421993084 -2.559132510279032
51.283 -1.2667695063665252 -2.5748800589259724
51.313 -1.2846283681508024 -2.5409185030894212
51.339 -1.2881140538557487 -2.5327721675596044
51.372 -1.284635229777069 -2.5406933851390687
51.399 -1.2857520908281181 -2.538573280871501
51.427 -1.285712204976491 -2.5292914506037323
51.462 -1.2867094304084934 -2.5273984233102236
51.486 -1.2895724358545688 -2.520207491700913
51.518 -1.2977730230946127 -2.4993531611035964
51.548 -1.303321465339437 -2.4863635489644134
51.573 -1.3046490545108322 -2.4831159688548374
51.602 -1.3023014356986096 -2.4880452980575902
51.631 -1.299499473985501 -2.4948897870733995
51.672 -1.2978286344506826 -2.498841051485559
51.689 -1.299396443782383 -2.49513129605335
51.716 -1.3114957147997608 -2.4705377996116904
51.735 -1.3172999044623472 -2.45648481540672
51.765 -1.3167157435047359 -2.457916452261451
51.795 -1.3094761848359693 -2.472616372557316
51.823 -1.3236034645830954 -2.4445723079034907
51.853 -1.3321647647047588 -2.4231362994386445
51.882 -1.3362949723936912 -2.4138933959246063
51.891 -1.3376203693954432 -2.4106115802031134
51.915 -1.3319634738078618 -2.42167440475884
51.947 -1.3339877164136238 -2.4168369135778103
51.996 -1.3335139449299156 -2.4207435374345527
52.025 -1.340045952029433 -2.405063665939699
52.059 -1.3384272733044382 -2.410407034856686
52.091 -1.3450067826451695 -2.393166565781152
52.12 -1.347358694703261 -2.387903153028882
52.149 -1.3404661688401427 -2.4030336710306224
52.179 -1.3493726277888907 -2.3819678835981435
52.208 -1.3515787085670183 -2.3743436870607715
52.237 -1.3489165288260205 -2.380415982983998
52.265 -1.35077475958824 -2.376084429646693
52.297 -1.356994919694859 -2.361667359592561
52.308 -1.3587646563185825 -2.3545074175475924
52.335 -1.363292817747068 -2.3431777157303144
52.365 -1.3696110456516675 -2.3282563393607414
52.39 -1.370334331371113 -2.327247509862082
52.411 -1.3637255689953647 -2.3380353844261257
52.438 -1.3646079353846783 -2.3347583994996417
52.463 -1.370328200613134 -2.3213161533416735
52.495 -1.3653057758503013 -2.3326030368647888
52.523 -1.3710491798667332 -2.329441370773889
52.553 -1.374097825761337 -2.3232081932709523
52.582 -1.3753175731502318 -2.320608442034555
52.61 -1.379712230137151 -2.30649313466049
52.643 -1.3834494131289479 -2.2980965513401315
52.668 -1.3902748969158731 -2.2817911555947634
52.694 -1.3913819214402883 -2.2793444311284454
52.724 -1.3850566123131907 -2.2878095723508296
52.755 -1.388140955542267 -2.280062997112715
52.779 -1.3904708365327618 -2.275468643645605
52.798 -1.3893156660056658 -2.2781733963095276
52.826 -1.4049814820852007 -2.2426948501399235
52.852 -1.4095320651979328 -2.2309835226412553
52.877 -1.409760326307141 -2.2307929108714646
52.907 -1.4065821491108335 -2.241052814420774
52.933 -1.4077523647848929 -2.2385887390563046
52.958 -1.409887592122681 -2.234479698250553
52.982 -1.4146651185653971 -2.2224126426791457
53.008 -1.4137068815683704 -2.2309007793457503
53.039 -1.4139075164387214 -2.230735340355699
53.064 -1.416347185234428 -2.2250301132625006
53.085 -1.4152295881456902 -2.2284548863131115
53.114 -1.4196425106650197 -2.2118288563849515
53.139 -1.4194298738490496 -2.2121364905508085
53.169 -1.4182130562891222 -2.2139373569108782
53.197 -1.4117463995846575 -2.230540514552875
53.229 -1.4330120731669798 -2.1782505883330616
53.264 -1.4388991240840356 -2.1661096045770956
53.285 -1.441878189322391 -2.1565232065625533
53.314 -1.4337743604813347 -2.1691923774398103
53.346 -1.439146068877082 -2.1562764597193027
53.368 -1.441079302652839 -2.151543855728163
53.384 -1.4424743422993007 -2.1484925962414274
53.405 -1.4417719912770655 -2.159626687020789
53.427 -1.4393044890679314 -2.16539033985736
53.439 -1.4416966677668337 -2.1595851018401833
53.466 -1.4499162792771163 -2.1396261524892073
53.495 -1.4567230469535712 -2.1234870598510853
53.532 -1.4537185680526192 -2.122035482430545
53.551 -1.4523986480290347 -2.1257993745108545
53.581 -1.4564885098525238 -2.1162964520827376
53.608 -1.4606288464239963 -2.1189802564248748
53.64 -1.4723436185743903 -2.092031886822805
53.666 -1.4770572174774848 -2.081339204695679
53.694 -1.4873798219905505 -2.059657799279681
53.724 -1.4608191390282814 -2.1111516482204213
53.757 -1.467526379550504 -2.0963773788746316
53.778 -1.4704760385621816 -2.0886577080400075
53.797 -1.4708383619404304 -2.0880651077904044
53.827 -1.4729994108779252 -2.081017256472645
53.85 -1.4804475070790784 -2.0639950482001863
53.872 -1.480382810841802 -2.064300988904227
53.896 -1.4835876001638155 -2.0583065473445132
53.918 -1.4819079472675243 -2.053033009868552
53.933 -1.4852110345812495 -2.045077070469827
53.963 -1.4904132694323498 -2.0331933163574996
53.992 -1.492606387416776 -2.0273220887117165
54.017 -1.4878110995157983 -2.0570467923534816
54.051 -1.486508617406593 -2.0595363973407514
54.078 -1.4914012460263173 -2.0481043560353744
54.105 -1.497618850575848 -2.028495074260014
54.138 -1.5006508964630862 -2.0211981900043217
54.164 -1.500800850375291 -2.019216473966924
54.188 -1.5006093740487276 -2.0196441822405236
54.218 -1.5007095975760198 -2.009148931683111
54.249 -1.5052920414130426 -1.9980556083608503
54.278 -1.5075489831940472 -1.9912423890881203
54.307 -1.5120139852519192 -1.9964252896958363
54.339 -1.5109034968285697 -1.999545062381383
54.37 -1.5077598691646048 -2.0078447389272314
54.398 -1.5036978965641399 -2.018552390644702
54.429 -1.5288414440378706 -1.9548430676003585
54.458 -1.536877573239287 -1.9357394661614096
54.488 -1.5435050523547895 -1.9200384447322563
54.519 -1.529258105001812 -1.94658665652372
54.548 -1.5281718634573456 -1.949055149846725
54.577 -1.5362694272285182 -1.928811174217685
54.605 -1.5311933385839824 -1.9407089991992634
54.632 -1.5299504126393266 -1.9434675508420265
54.654 -1.5280904381728364 -1.9484494983297356
54.679 -1.5373319781216226 -1.9238477780828138
54.707 -1.542432805218585 -1.9133054535479448
54.733 -1.5426559724833029 -1.9126845845901184
54.754 -1.5464630061942308 -1.9031536197400538
54.783 -1.5448589243882223 -1.9055548785201586
54.814 -1.5565897627359924 -1.8830268381574342
54.846000000000004 -1.5541338746994993 -1.8892540128858397
54.874 -1.5655148896571132 -1.8607713550615246
54.904 -1.5563295788819644 -1.8805154706080895
54.931 -1.5651245083348297 -1.858893292491063
54.965 -1.5735970196680076 -1.8377029392179496
54.982 -1.5744314519675864 -1.8362072141563757
55.002 -1.5666020371443998 -1.8587796095078168
55.031 -1.5659215819566459 -1.8598567909513217
55.056 -1.5715227692248184 -1.8455690601284171
55.072 -1.5724925840426034 -1.8429602698687804
55.091 -1.5721177182555128 -1.8437739972819382
55.106 -1.5682281986739277 -1.8487613406154388
55.132 -1.5705204320273316 -1.843352736270092
55.14 -1.5708783636274635 -1.842303499693115
55.145 -1.5717115324260362 -1.8402510140189043
55.187 -1.5727567741537227 -1.8379797049557756
55.224 -1.5756775303798827 -1.8398445542132895
55.25 -1.582066593141782 -1.8233051718365052
55.283 -1.5771278240635436 -1.834245511544606
55.301 -1.5892079694783803 -1.8049308723540174
55.319 -1.5944984618899325 -1.792440032719011
55.344 -1.5885854866549796 -1.8067023852965036
55.366 -1.591269448547313 -1.8005109027095905
55.397 -1.5943682793182603 -1.7917890459684234
55.418 -1.5907121855345507 -1.7916689641285946
55.454 -1.5903298509599237 -1.7930712621928613
55.482 -1.5895726428701862 -1.7949530070037665
55.512 -1.598524104550022 -1.7754385895056939
55.544 -1.6044561260012347 -1.7612939996367862
55.572 -1.6039125979965758 -1.7623214852741826
55.602 -1.6101258444666935 -1.7502408409992452
55.631 -1.6168016661010536 -1.7343770693186462
55.659 -1.6182332788109783 -1.7310824026072176
55.684 -1.6243595107764173 -1.7163246262823262
55.715 -1.6203618916893876 -1.7338298308449478
55.731 -1.6194964701011816 -1.735432981634677
55.762 -1.62498235564904 -1.7224878908103314
55.783 -1.623762602593335 -1.7247621052198812
55.812 -1.6273659190815375 -1.7135213457732412
55.833 -1.6263615120575552 -1.7165198312319936
55.858 -1.626598593260859 -1.7140592699391901
55.886 -1.6321496307264607 -1.7000712373885487
55.914 -1.6336354923861638 -1.6974749683746595
55.947 -1.635588270690978 -1.6926926736711085
55.974 -1.6445452849279723 -1.669309306254871
55.999 -1.6513490683729322 -1.6524443316263622
56.011 -1.6435859037020888 -1.6768124652691507
56.038 -1.6553451981464307 -1.648467001607184
56.073 -1.6593720973402701 -1.638303736402454
56.09 -1.6595139607891982 -1.6386866782890888
56.12 -1.6479565380441674 -1.658018897931322
56.144 -1.6495899539442334 -1.653625154853932
56.178 -1.6516611080977313 -1.6494775959966839
56.202 -1.6558931239559618 -1.6341314382553094
56.232 -1.6667568434025393 -1.6087184611708643
56.262 -1.6771974260232694 -1.5846623124387613
56.29 -1.6849495363915483 -1.5666811962925662
56.316 -1.6642041110737857 -1.6293653976556977
56.344 -1.6650772240790654 -1.6278477703234189
56.366 -1.6600876435845109 -1.6390190304951129
56.391 -1.657307155742273 -1.6460846735345434
56.413 -1.6713811110206973 -1.6001390895245824
56.442 -1.6686940847036191 -1.6068496734898208
56.461 -1.6703488004625782 -1.6027249499435803
56.483 -1.6762499342311799 -1.5887626660207501
56.503 -1.682029786362307 -1.5835503220946985
56.53 -1.6842349305486117 -1.5781290829612489
56.559 -1.6869060902631239 -1.5714431479462887
56.586 -1.6961378536196279 -1.5488330139640867
56.617 -1.6900988667939918 -1.5622632212740473
56.646 -1.6852266017209487 -1.5743077700771788
56.679 -1.6912012329261032 -1.559073029879417
56.7 -1.6932556339719418 -1.5529736743989233
56.712 -1.7014983784319393 -1.5430939536483959
56.721000000000004 -1.703111861074839 -1.5392576488131464
56.738 -1.7064660719020206 -1.5311624486184583
56.765 -1.713795646568607 -1.5128268445768636
56.78 -1.7130421641039517 -1.5136381907049337
56.806 -1.705229699561461 -1.5283183590868987
56.839 -1.7059158900170004 -1.5268479957798764
56.854 -1.7090255437253064 -1.5199923932111432
56.883 -1.7120537359082288 -1.5121290817555189
56.905 -1.7160696328531646 -1.5238879622967392
56.937 -1.7187904734884973 -1.5172524540525407
56.958 -1.7209831329998877 -1.5123772235238055
56.981 -1.723259254169954 -1.5069672815314934
57.0 -1.721783157563137 -1.5103677670697382
57.028 -1.7154757535363194 -1.5054604228532291
57.053 -1.7196082633943877 -1.4962849578399282
57.072 -1.7214004628929493 -1.4931540320496153
57.104 -1.7324070705012249 -1.478442515760802
57.127 -1.735628155245907 -1.47097627463006
57.149 -1.7400352670159118 -1.4607459678323158
57.167 -1.7410451860045104 -1.4582159134714945
57.188 -1.7431709800390867 -1.4538344443967843
57.205 -1.7489721163486365 -1.4480818050963056
57.226 -1.7442022716566266 -1.4593838672357302
57.242 -1.7446469004497727 -1.4587041321422936
57.275 -1.7508619198264286 -1.4445291997544933
57.305 -1.7584255764165881 -1.4349900758810434
57.333 -1.7621778817524565 -1.4270100114112279
57.359 -1.763710184956873 -1.4224467049764165
57.387 -1.758879256324017 -1.433500705165731
57.416 -1.7729016570005498 -1.402469782013317
57.433 -1.7750934284981974 -1.3974117642439872
57.469 -1.7850276949493045 -1.37605610219801
57.496 -1.7901911491229707 -1.3652555740458001
57.524 -1.7740802940992537 -1.3986088439582112
57.56 -1.7763843483316648 -1.3932853854133016
57.582 -1.7797277714128548 -1.385698034088382
57.602 -1.784600216790719 -1.3758300965016745
57.625 -1.7888147172171898 -1.3660180098987948
57.652 -1.7942910205830636 -1.3542988103889135
57.672 -1.795101461999166 -1.3524043783197284
57.683 -1.7966973746224988 -1.3489813499097942
57.703 -1.7886593234866826 -1.3674305276217162
57.732 -1.7962218392875329 -1.350742736076835
57.771 -1.7982855499176733 -1.346602161388967
57.787 -1.8012641341691211 -1.3385726340237312
57.884 -1.7914453486236528 -1.371653805959461
57.986 -1.809286643996586 -1.3257308480784458
58.084 -1.8317008859441832 -1.2780467489834644
58.181 -1.8295937717842385 -1.2780254692933022
58.281 -1.8299753892121329 -1.2803068202818115
58.379 -1.845441182484871 -1.2499045954709649
58.468 -1.855569156776218 -1.2224585905844811
58.553 -1.8536620563292707 -1.2329262653767843
58.645 -1.8625990159320929 -1.2163934227789661
58.725 -1.8723200305832672 -1.1930993111073542
58.816 -1.8713122463241056 -1.1942568549134656
58.902 -1.8761044763323673 -1.1789980344952224
58.989 -1.884007518915496 -1.162549689080545
59.074 -1.87811641419685 -1.178653972815716
59.17 -1.871428969058981 -1.1986894870891658
59.269 -1.8980904466937008 -1.1302625364881458
59.331 -1.8897789040850288 -1.1491393478661536
59.416 -1.8703681445843174 -1.1980732180789924
59.51 -1.8804572968510662 -1.1826866750277483
59.612 -1.873685534366389 -1.2052162155547939
59.685 -1.8726624922951343 -1.2077388612173001
59.745 -1.8767758789912714 -1.2018470780822552
59.781 -1.8780120702409702 -1.1978841194542684
59.809 -1.8835727247631264 -1.1823359975962349
59.905 -1.891075130677437 -1.1656045497122838
59.998 -1.889660665865933 -1.1676986158042464
60.077 -1.8833886515887157 -1.1928816122116908
60.151 -1.8963038446332086 -1.1616973125525938
60.229 -1.897208305933762 -1.16347452204864
60.312 -1.8916309775640887 -1.212829673738002
60.4 -1.8921881154554976 -1.1994882479379594
60.49 -1.8941661962652354 -1.2096467761244893
60.548 -1.8980610458413674 -1.2171849019719196
60.638 -1.8998173339269673 -1.23317735232732
60.701 -1.8787192525032663 -1.1568753370777913
60.781 -1.8793119705008317 -1.1624727669227253
60.872 -1.9095641905431602 -1.2349976453533078
60.961 -1.8729612130683102 -1.1256157247026517
60.983 -1.8712410411760405 -1.1198684105718761
61.007 -1.910131648662293 -1.212318523763932
61.026 -1.909887665806071 -1.2112681597592423
61.042 -1.9088914373676027 -1.2075957602570013
61.072 -1.9071215771393175 -1.2010672954773467
61.103 -1.9123688522974596 -1.2174772890328676
61.134 -1.9137667306200143 -1.2224358014615535
61.161 -1.9100459578872608 -1.2098142453736431
61.187 -1.9072710608801666 -1.1980412659989903
61.217 -1.8575430924985497 -1.1024570534085167
61.249 -1.8573578022399064 -1.1017879133148392
61.287 -1.8555507260100248 -1.0976888176899993
61.306 -1.9042741726365122 -1.1893245852554095
61.34 -1.8990358182738987 -1.174502164022594
61.365 -1.898099762429115 -1.1715509407340519
61.394 -1.893639159385256 -1.1606071563905433
61.424 -1.8954994027331276 -1.165330424186414
61.454 -1.894129748350488 -1.1602394061663805
61.484 -1.8921941623761467 -1.1546987331793075
61.516 -1.8393042907702055 -1.043267637185291
61.544 -1.8358058548543918 -1.0363411684051425
61.571 -1.8329065758181622 -1.0307230499255577
61.6 -1.8311503971320156 -1.0273577823051256
61.63 -1.8147684462939668 -1.018478106775109
61.658 -1.811788078523299 -1.0130059370242448
61.683 -1.8063363388785083 -1.0023537244694378
61.695 -1.8051366819938313 -1.0007542636812976
61.706 -1.807857567956928 -1.0105449380132534
61.735 -1.8091494651150164 -1.0129380856086323
61.764 -1.8021976812090077 -0.9986412557967599
61.794 -1.8007003567412359 -0.9957603470171978
61.817 -1.7942761748462002 -0.979687349627133
61.843 -1.792080127983787 -0.9756067534888299
61.871 -1.7952424897067836 -0.9814908121830322
61.896 -1.7878624428379901 -0.9683568468539574
61.922 -1.786229531861767 -0.969768558426207
61.952 -1.786251742806757 -0.969717145780321
61.977 -1.7819053850236073 -0.9620915516081563
62.008 -1.781038800353086 -0.9598223578905226
62.037 -1.7801017529353758 -0.958024103519941
62.066 -1.779120266361713 -0.9560079365781532
62.093 -1.7709834341218533 -0.9392765043419662
62.101 -1.774779620694267 -0.9459051002025495
62.124 -1.7733746602240403 -0.9433482358114031
62.148 -1.7679168117574708 -0.9317810118886162
62.179 -1.765336857905536 -0.9274929362496762
62.203 -1.763939288268768 -0.9245351590447259
62.229 -1.7630492752091937 -0.9203666288351564
62.258 -1.7572069691837588 -0.9052007038187582
62.288 -1.7528192834119294 -0.8944037477095033
62.316 -1.7506978014314571 -0.9003229055642793
62.346 -1.7541645832209436 -0.9073266515174918
62.371 -1.7479893858574613 -0.8953215647824467
62.402 -1.7410555703094968 -0.880222094467705
62.425 -1.741239444376703 -0.880640146296514
62.455 -1.7292208866533598 -0.8576591859727425
62.477 -1.7264062880278752 -0.8513382112759561
62.506 -1.7259425980171597 -0.8577039418965354
62.535 -1.7234644342288725 -0.8527349008866238
62.566 -1.7171466414223313 -0.8398391574327887
62.597 -1.720120151082926 -0.8446863915990965
62.62 -1.717231841999937 -0.8391304836672842
62.644 -1.7152214336541594 -0.834573053308587
62.676 -1.714658442762072 -0.8328858499451425
62.704 -1.7090533170196756 -0.8257267431999644
62.727 -1.705333064114431 -0.8183144823505749
62.746 -1.7032092095795088 -0.8142262520642382
62.754 -1.7027989269432366 -0.8133735889196627
62.776 -1.699535979778102 -0.8068450644053595
62.808 -1.698705991541399 -0.8061551496428881
62.837 -1.700794698705559 -0.810335719470758
62.865 -1.7037742029935559 -0.8168033317371753
62.893 -1.7023419637102128 -0.8131505228096227
62.924 -1.6866691010525134 -0.7895576346572726
62.949 -1.6796141232952047 -0.7758834307351165
62.975 -1.6717460599615255 -0.7621218468014106
63.006 -1.6817049518627027 -0.7726555397339447
63.034 -1.680745106006484 -0.771200056135384
63.065 -1.6751330034422782 -0.7606642998727906
63.093 -1.6801850860360168 -0.7700406419401441
63.124 -1.665999704287122 -0.7434295563840337
63.152 -1.671130347458781 -0.7525343127113011
63.183 -1.6751548069955042 -0.7607960923937749
63.212 -1.6736878830960191 -0.7595169605593202
63.24 -1.666065232217819 -0.7440005108731989
63.27 -1.6674144496077625 -0.7453127282186318
63.299 -1.6622482883580725 -0.7355795785197715
63.328 -1.6548709983917251 -0.7104747952575803
63.354 -1.6487486920739474 -0.6989450651154934
63.384 -1.6446822777832277 -0.6912186067876822
63.413 -1.6376636014091606 -0.7068016870104071
63.441 -1.6374809428088526 -0.7058422625529263
63.471 -1.6384903777185689 -0.7080522873992829
63.508 -1.6424351397474426 -0.7157854597987442
63.531 -1.6400770625071301 -0.7097769400423815
63.563 -1.6431729765114815 -0.7165122377560699
63.588 -1.6370937471765505 -0.7046383258668585
63.617 -1.6256306050588307 -0.6591593057323443
63.641 -1.6213903945932717 -0.6511186232860773
63.671 -1.61960791680347 -0.6472518443526264
63.702 -1.6187076150365054 -0.6502782492747274
63.733 -1.6127548202417121 -0.6387981305024526
63.762 -1.6087887785183415 -0.6312378599126879
63.786 -1.6105037764291992 -0.6345190146021705
63.815 -1.5993472883564255 -0.6121318669011794
63.842 -1.595892100275092 -0.6053620916107575
63.871 -1.6072363932713392 -0.6273183732613782
63.908 -1.611735410299077 -0.6343333085066407
63.929 -1.6093915823944465 -0.6295931525954218
63.96 -1.602144742818616 -0.6151500574068535
63.987 -1.602801195836635 -0.6180334085578331
64.018 -1.5908689099226887 -0.607914715632315
64.045 -1.5936447537913245 -0.6135398717709091
64.071 -1.5918005789759968 -0.6100381114697558
64.101 -1.572631745179337 -0.5734583933346908
64.131 -1.5724575081050622 -0.5731794096633511
64.161 -1.5796714980960527 -0.5864863598825357
64.188 -1.5766564991291905 -0.5811218591302747
64.209 -1.5646093318537568 -0.552553868898421
64.24 -1.5616130886845723 -0.5465101762060786
64.271 -1.5607111668947065 -0.5447091197608448
64.301 -1.5621199450789365 -0.5470345243879835
64.328 -1.558130783234045 -0.5391342198837688
64.351 -1.5537273498604354 -0.5325045125992672
64.369 -1.550946149669571 -0.5251125494811335
64.403 -1.5536370961179888 -0.5320175417268712
64.433 -1.5540578769499183 -0.5327861039660335
64.467 -1.5479865894850264 -0.5206169714715478
64.495 -1.5449136656048064 -0.5152824200431341
64.52 -1.5428742245606908 -0.5093678434585543
64.558 -1.5433460407669444 -0.5107237911376848
64.58 -1.544049743050235 -0.5109095042623911
64.605 -1.535210948555144 -0.5007056810855323
64.632 -1.541136043527243 -0.5118237228681302
64.662 -1.5360794713986397 -0.5037672663639331
64.69 -1.5306575818631274 -0.49350235844222584
64.708 -1.5265980949333213 -0.4820617136897697
64.729 -1.523756259590174 -0.47647601517022203
64.752 -1.5210726883743795 -0.4704448613838395
64.793 -1.5240617382544204 -0.47690143878930397
64.812 -1.5203533387517365 -0.46479155683452633
64.838 -1.5161290582409195 -0.45643987977398565
64.867 -1.512446433093629 -0.44863051928226005
64.897 -1.5072801558680742 -0.4387605002946559
64.922 -1.5074757069935176 -0.44269949763479977
64.939 -1.502144467678734 -0.43233927893103113
64.958 -1.499379449068276 -0.42691104794834017
64.99 -1.4983359618372403 -0.42574863153168263
65.018 -1.505995533302711 -0.43952173416435836
65.047 -1.5048839445775948 -0.4372947855444221
65.074 -1.4935204700829998 -0.4149183440434442
65.097 -1.4866912596792192 -0.40183110551551043
65.126 -1.4946448867134976 -0.4171955102042931
65.157 -1.482644655590743 -0.3939024275106492
65.185 -1.4759494689648622 -0.3815807662763836
65.216 -1.4822982251681636 -0.39543447508718543
65.24 -1.4821452032498754 -0.3949758272727083
65.268 -1.485325202027301 -0.4021366150526525
65.297 -1.4841524684878662 -0.39949203483596496
65.325 -1.4771863617214154 -0.3803396758941151
65.364 -1.4731745508078953 -0.37163477817132085
65.386 -1.4761555978843686 -0.3777877774863107
65.409 -1.463407694939687 -0.36345184934190977
65.44 -1.4588313942373101 -0.35371690836022973
65.464 -1.454236937242768 -0.3450982482883818
65.488 -1.450132660026044 -0.335890226992889
65.507 -1.4514129361318826 -0.33636262602199757
65.528 -1.4478946419632577 -0.3290134214146666
65.546 -1.4430816727392426 -0.31960066273033216
65.572 -1.4469079053718434 -0.3279367496566898
65.595 -1.4483681938811988 -0.3306534263903388
65.616 -1.4453632402385512 -0.32726163649342715
65.627 -1.4445302482909825 -0.32580194399349144
65.652 -1.4457413202500229 -0.3288091109858881
65.683 -1.4334798912415778 -0.3052110060998291
65.711 -1.4452102991724611 -0.3015046403215207
65.74 -1.438323556243631 -0.2879242193465335
65.765 -1.4336583089173671 -0.2792486588360562
65.796 -1.4276460775700008 -0.26850343609546634
65.828 -1.4225948321382715 -0.27172708572993576
65.857 -1.42503669690066 -0.2759459965509848
65.885 -1.4261845717916721 -0.2784166572025711
65.915 -1.4135824183905075 -0.25655745307322475
65.946 -1.402016203129156 -0.23371023182789807
65.971 -1.4019094991624097 -0.23295439284503652
66.001 -1.4112313411925521 -0.25214340262748386
66.027 -1.4138874119596352 -0.2576488205769809
66.058 -1.4111735556646734 -0.25316695067177225
66.094 -1.3932029749569346 -0.21701893027739316
66.115 -1.4006875254107696 -0.24336666157454975
66.144 -1.4023366286065526 -0.24597010919779227
66.178 -1.4007672503543525 -0.24400053123955245
66.189 -1.400730405056898 -0.24377215022428178
66.216 -1.3819414000789478 -0.20603313523109565
66.243 -1.3851165563554773 -0.21180734708414098
66.271 -1.3783951516744082 -0.19825315220321796
66.3 -1.3695847161471653 -0.1807241418849418
66.321 -1.382376564632333 -0.1948251377059596
66.345 -1.3891746981672892 -0.20776454217317655
66.366 -1.3821316380637076 -0.19481105600101295
66.403 -1.3714540408886324 -0.18244773115287502
66.424 -1.3730910217359455 -0.18563008176003218
66.453 -1.3641509360716277 -0.16711827804948332
66.483 -1.3628190036644108 -0.16461143457214508
66.512 -1.3617446901823167 -0.16247712188707095
66.545 -1.3614419757617244 -0.16336936177119815
66.57 -1.354898930077457 -0.15035107844379994
66.601 -1.3519795443610942 -0.14682009341230629
66.629 -1.3455150355455354 -0.1340699286094672
66.657 -1.3442556644728205 -0.13267942598458363
66.687 -1.3375237490645213 -0.1199023715048343
66.716 -1.3485909880965552 -0.1263320158081199
66.745 -1.3487029418704446 -0.12620964399044565
66.774 -1.345081462788156 -0.11882026774108037
66.804 -1.3344513095516533 -0.1075458099919747
66.833 -1.3222057168361665 -0.08349913870673221
66.862 -1.3227040282508071 -0.08563307930916006
66.892 -1.3274431586516486 -0.09440539080792905
66.921 -1.3242562235860722 -0.08616570799228428
66.951 -1.3201109403684956 -0.07659274460058542
66.981 -1.320671195652605 -0.07647849538549872
67.006 -1.3171352466198922 -0.07380339222966462
67.025 -1.3035265441596422 -0.04663269147413326
67.049 -1.3023944714211246 -0.044906967239706976
67.079 -1.293994328072175 -0.02947529150142111
67.106 -1.2924861577342466 -0.026957426448925858
67.134 -1.2879749513278107 -0.018962266796588877
67.163 -1.2833923813109944 -0.009314960391552682
67.193 -1.2856547064452102 -0.01591410047237513
67.224 -1.30312690853327 -0.04291024999833017
67.254 -1.2979714365071977 -0.032187481240437375
67.283 -1.29114864638006 -0.01904195784821698
67.313 -1.2903631128738307 -0.02051501476210535
67.342 -1.2833709934016526 -0.006276084084134233
67.368 -1.2807074002343801 -0.0011350095149420833
67.396 -1.2796176595013888 0.0009920109690918677
67.433 -1.277625439505774 0.005633608945858497
67.455 -1.270537203897233 0.019446702756105567
67.485 -1.269089397717153 0.02142370624556746
67.512 -1.2692399984543918 0.02096844478001216
67.538 -1.2685388577579857 0.022910469231333698
67.563 -1.262961690121637 0.03326914148335124
67.591 -1.2607305974833056 0.03537555814113057
67.62 -1.2531039290809507 0.04735524872097517
67.649 -1.246876080773141 0.058583682007929155
67.679 -1.2394379548671917 0.07265300622740403
67.709 -1.254988024328764 0.04971622915135001
67.74 -1.2455871539856218 0.06849332193155604
67.768 -1.2456226268050934 0.06919085809352264
67.789 -1.239832804686526 0.08023918299448007
67.8 -1.2407939789725175 0.07836585131611046
67.823 -1.2482167330549756 0.062354751008496447
67.853 -1.2422959456352825 0.0736016172171577
67.883 -1.2381193717381893 0.08194827137701807
67.914 -1.2264638205224982 0.09661712243034234
67.942 -1.226942222656059 0.0955784593153656
67.965 -1.2282786867587652 0.09328888562575641
67.994 -1.2266876807241827 0.0964871983222666
68.02 -1.2274850411457083 0.09892771442378614
68.048 -1.2229412625848004 0.10825670381191277
68.078 -1.219697534103324 0.11456105671897603
68.1 -1.2122360674405612 0.12923989248144044
68.122 -1.212611008010526 0.12531191054723972
68.148 -1.2114411638959193 0.1275596150405907
68.174 -1.208764129371687 0.13279351026376965
68.202 -1.2062647441987058 0.1384802524386346
68.23 -1.202175795952845 0.14653207012731695
68.259 -1.1960602211059796 0.15899312319757572
68.287 -1.198185301697037 0.15562280223532457
68.315 -1.1967180409571885 0.1609737748874803
68.345 -1.1998086324277464 0.15477639723468717
68.375 -1.193536282674502 0.1672386870950217
68.403 -1.1929437996505416 0.1703171226409044
68.434 -1.184716171224599 0.1867053355295551
68.45 -1.178703038410386 0.1972181456354197
68.478 -1.174997578408033 0.20364164658734546
68.509 -1.1803537856844735 0.19503496262454775
68.54 -1.176239088589813 0.20325065153985516
68.57 -1.1784299748679135 0.19936161088246443
68.597 -1.1789453165750017 0.1983044372438258
68.627 -1.1666807018434902 0.21893384874634103
68.657 -1.1638350967763664 0.22511227695654673
68.684 -1.1651651762993276 0.2225938569533255
68.718 -1.1668748085237084 0.21963638553278456
68.742 -1.168732683686777 0.21533395579998288
68.773 -1.1624385405486837 0.2275011346419938
68.805 -1.1459368508324645 0.2532755389942967
68.835 -1.1416072215162807 0.2617087216388868
68.861 -1.1421684213827001 0.2610453197384323
68.891 -1.1435326200646148 0.2585550470404034
68.921 -1.140269404393893 0.2725795738668426
68.95 -1.1393418840839824 0.27503407948829434
68.985 -1.1403040820472823 0.2731651778740056
69.003 -1.1358762382344711 0.28403632668825757
69.034 -1.1381398878368791 0.2800964471093267
69.064 -1.1213736969669832 0.31200484622926894
69.11 -1.116082521717511 0.3210426462763329
69.133 -1.1100012461771873 0.3341793505891701
69.156 -1.108422989214994 0.33775800175631027
69.185 -1.1175311852229715 0.32258100995341793
69.214 -1.116786057195074 0.3171255035061897
69.243 -1.1170444654691745 0.31642713953370044
69.272 -1.1140523273101792 0.32279213784418237
69.303 -1.1039066925181165 0.33711650623185097
69.333 -1.0996101897872272 0.34577504271531473
69.362 -1.0980340395033 0.3486550730939892
69.388 -1.0950495334130135 0.35395510610685343
69.422 -1.10311008090009 0.33829706283870936
69.447 -1.0952197191034219 0.35337614348219903
69.474 -1.090456089977628 0.3626768950196526
69.506 -1.086745828996269 0.3752795587203408
69.533 -1.0866956077711496 0.3754041478163857
69.559 -1.07971763273361 0.3882512615992393
69.652 -1.0774595840870438 0.39040703448516645
69.747 -1.067033161671153 0.4088942359946726
69.84 -1.061930042393216 0.432490553258223
69.926 -1.05188174602548 0.44137997514713767
69.993 -1.0330751194837915 0.4763335890924901
70.097 -1.0123013862333272 0.5109467520705674
70.176 -1.0166069549862304 0.5129435046781792
70.277 -1.011179590724514 0.5103043175292611
70.376 -1.0237985852365508 0.4913158827747245
70.469 -1.0258919262909523 0.5032130829575017
70.568 -1.0044032710367303 0.5254515092582361
70.66 -1.0129848779013366 0.5154903099422881
70.754 -0.998891683847198 0.5485198577703901
70.853 -1.0073240223667883 0.5333514003816583
70.944 -0.9916938354903192 0.5502433143885117
71.025 -1.0036487369783202 0.5375325632783797
71.132 -1.010148499257426 0.5223400249529919
71.229 -1.003829445506564 0.5337776331374101
71.312 -1.0038619850722619 0.5334537731735867
71.393 -0.9962418672293396 0.5490631496060121
71.478 -1.007850723908257 0.526437913099009
71.567 -0.9969779646342463 0.5496141749341886
71.664 -1.0043459555738237 0.5211379933172041
71.685 -1.0053035620536594 0.5192623752946793
