3.767 0.9999305550773042 -0.49999999906809633
3.867 0.9999305550773042 -0.49999999906809633
3.943 0.9999305550773042 -0.49999999906809633
4.023 0.9999305550773042 -0.49999999906809633
4.123 0.9999305550773042 -0.49999999906809633
4.212 0.9999305550773042 -0.49999999906809633
4.309 0.9999305550773042 -0.49999999906809633
4.41 0.9999305550773042 -0.49999999906809633
4.5 0.9999305550773042 -0.49999999906809633
4.594 0.9999305550773042 -0.49999999906809633
4.684 0.9999305550773042 -0.49999999906809633
4.741 0.9999305550773042 -0.49999999906809633
4.844 1.0019905550773043 -0.49999999904341197
4.929 1.0053905550773043 -0.4999999990026708
5.029 1.0113905550773044 -0.4999999989307746
5.104 1.0173905550773044 -0.49999999885887847
5.203 1.0272905550773044 -0.4999999987402498
5.23 1.0305305550773043 -0.49999999870142586
5.258 1.0344505550773042 -0.4999999986544537
5.288 1.0392505550773043 -0.4999999985969368
5.316 1.0442905550773043 -0.499999998536544
5.353 1.0516905550773044 -0.4999999984478721
5.38 1.0570905550773044 -0.49999999838316556
5.404 1.0618905550773043 -0.4999999983256486
5.441 1.0692905550773044 -0.4999999982369767
5.458 1.0726905550773045 -0.4999999981962356
5.486 1.0782905550773043 -0.4999999981291325
5.518 1.0846905550773045 -0.4999999980524432
5.549 1.0908905550773047 -0.49999999797815053
5.582 1.0974905550773046 -0.49999999789906474
5.61 1.103090555077305 -0.49999999783196164
5.639 1.108890555077305 -0.499999997762462
5.665 1.1140905550773048 -0.499999997700152
5.695 1.1200905550773048 -0.49999999762825587
5.721 1.1252905550773047 -0.4999999975659459
5.746 1.1302905550773048 -0.4999999975060324
5.774 1.1358905550773046 -0.4999999974389293
5.803 1.1416905550773044 -0.4999999973694297
5.836 1.1482905550773046 -0.4999999972903439
5.854 1.1518905550773046 -0.4999999972472062
5.882 1.1574905550773045 -0.4999999971801031
5.9030000000000005 1.1616905550773045 -0.4999999971297757
5.925 1.1660905550773044 -0.4999999970770519
5.946 1.1702905550773044 -0.4999999970267246
5.969 1.1748905550773046 -0.4999999969716042
6.001 1.1812905550773045 -0.499999996894915
6.035 1.1880905550773044 -0.49999999681343266
6.062 1.1934905550773045 -0.49999999674872614
6.09 1.1990905550773043 -0.49999999668162304
6.116 1.2042905550773044 -0.49999999661931305
6.134 1.2078905550773045 -0.49999999657617533
6.163 1.2136905550773045 -0.4999999965066757
6.192 1.2194905550773045 -0.4999999964371761
6.22 1.2250905550773046 -0.499999996370073
6.24 1.2290905550773046 -0.4999999963221422
6.267 1.2344905550773047 -0.4999999962574357
6.297 1.2404905550773044 -0.49999999618553953
6.321 1.2452905550773044 -0.4999999961280226
6.347 1.2504905550773044 -0.4999999960657126
6.365 1.2540905550773045 -0.4999999960225749
6.393 1.2596905550773043 -0.4999999959554718
6.423 1.2656905550773043 -0.49999999588357563
6.45 1.2710905550773044 -0.4999999958188691
6.474 1.2758905550773043 -0.4999999957613522
6.504 1.281890555077304 -0.499999995689456
6.532 1.2874905550773041 -0.4999999956223529
6.561 1.2932905550773042 -0.4999999955528533
6.59 1.2990905550773042 -0.49999999548335367
6.617 1.3044905550773043 -0.49999999541864715
6.643 1.3096905550773041 -0.49999999535633716
6.664 1.3138905550773041 -0.49999999530600986
6.692 1.3194905550773042 -0.49999999523890676
6.718 1.3246905550773043 -0.4999999951765967
6.748 1.3306905550773043 -0.49999999510470056
6.775 1.3360905550773043 -0.49999999503999404
6.802 1.3414905550773042 -0.4999999949752875
6.829 1.3468905550773043 -0.499999994910581
6.857 1.3524905550773043 -0.4999999948434779
6.888 1.3586905550773043 -0.4999999947691852
6.917 1.3644905550773043 -0.49999999469968565
6.949 1.3708905550773043 -0.49999999462299644
6.977 1.3764905550773043 -0.49999999455589333
7.003 1.3816905550773042 -0.4999999944935833
7.025 1.3860905550773042 -0.49999999444085946
7.048 1.390690555077304 -0.49999999438573905
7.074 1.395890555077304 -0.49999999432342906
7.101 1.4012905550773038 -0.49999999425872255
7.135 1.4080905550773037 -0.4999999941772402
7.161 1.4132905550773036 -0.49999999411493024
7.192 1.4194905550773038 -0.49999999404063755
7.228 1.4266905550773037 -0.4999999939543621
7.249 1.4308905550773037 -0.4999999939040348
7.279 1.4368905550773037 -0.49999999383213867
7.31 1.4430905550773037 -0.499999993757846
7.339 1.448890555077304 -0.49999999368834636
7.369 1.4548905550773037 -0.4999999936164502
7.399 1.4608905550773037 -0.49999999354455404
7.434 1.4678905550773036 -0.4999999934606752
7.452 1.4714905550773036 -0.4999999934175375
7.476 1.4762905550773036 -0.49999999336002054
7.503 1.4816905550773034 -0.49999999329531397
7.5280000000000005 1.4866905550773035 -0.4999999932354005
7.557 1.4924905550773035 -0.4999999931659009
7.581 1.4972905550773035 -0.49999999310838394
7.6 1.5010905550773033 -0.4999999930628497
7.628 1.5066905550773033 -0.4999999929957466
7.654 1.5118905550773032 -0.4999999929334366
7.686 1.5182905550773032 -0.4999999928567474
7.71 1.5230905550773033 -0.49999999279923046
7.739 1.5288905550773033 -0.49999999272973084
7.769 1.5348905550773033 -0.4999999926578347
7.799 1.5408905550773033 -0.4999999925859385
7.84 1.5490905550773033 -0.49999999248768046
7.856 1.5522905550773034 -0.49999999244933585
7.886 1.5582905550773034 -0.4999999923774397
7.907 1.5624905550773034 -0.4999999923271124
7.938 1.5686905550773034 -0.4999999922528197
7.963 1.5736905550773035 -0.49999999219290625
7.991 1.5792905550773033 -0.49999999212580315
8.024 1.5858905550773033 -0.49999999204671736
8.052 1.5914905550773033 -0.49999999197961426
8.081 1.5972905550773033 -0.4999999919101146
8.108 1.6026905550773036 -0.49999999184540805
8.14 1.6090905550773036 -0.49999999176871884
8.168 1.6146905550773034 -0.49999999170161574
8.193 1.6196905550773035 -0.4999999916417023
8.235 1.6280905550773035 -0.4999999915410477
8.251 1.6312905550773036 -0.4999999915027031
8.281 1.6372905550773038 -0.4999999914308069
8.31 1.6430905550773038 -0.4999999913613073
8.329 1.6468905550773039 -0.49999999131577305
8.348 1.650690555077304 -0.4999999912702388
8.377 1.656490555077304 -0.4999999912007392
8.408 1.6626905550773037 -0.49999999112644644
8.437 1.6684905550773037 -0.4999999910569468
8.46 1.673090555077304 -0.4999999910018264
8.486 1.678290555077304 -0.4999999909395164
8.517 1.6844905550773037 -0.49999999086522373
8.547 1.690490555077304 -0.4999999907933276
8.576 1.696290555077304 -0.49999999072382795
8.601 1.701290555077304 -0.4999999906639145
8.63 1.7070905550773041 -0.49999999059441486
8.662 1.713490555077304 -0.49999999051772565
8.689 1.718890555077304 -0.4999999904530191
8.72 1.725090555077304 -0.49999999037872644
8.742 1.7294905550773039 -0.4999999903260026
8.76 1.7330905550773037 -0.4999999902828649
8.791 1.739290555077304 -0.4999999902085722
8.836 1.7482905550773038 -0.499999990100728
8.852 1.751490555077304 -0.4999999900623834
8.879 1.7568905550773037 -0.49999998999767686
8.901 1.761290555077304 -0.49999998994495304
8.935 1.768090555077304 -0.4999999898634707
8.961 1.773290555077304 -0.4999999898011607
8.99 1.779090555077304 -0.4999999897316611
9.013 1.783690555077304 -0.4999999896765407
9.037 1.788490555077304 -0.49999998961902375
9.061 1.793290555077304 -0.4999999895615068
9.08 1.797090555077304 -0.4999999895159726
9.177 1.816490555077304 -0.49999998928350836
9.273 1.8356905550773042 -0.4999999890534406
9.361 1.8532905550773044 -0.49999998884254526
9.454 1.8718905550773046 -0.49999998861966716
9.548 1.8906905550773045 -0.4999999883943925
9.647 1.9085105550773047 -0.49999998818086094
9.746 1.9243505550773048 -0.4999999879910551
9.845 1.9382105550773048 -0.499999987824975
9.944 1.9500905550773047 -0.4999999876826206
10.055 1.9611905550773046 -0.49999998754961267
10.137 1.9677505550773047 -0.49999998747100616
10.232 1.9734505550773045 -0.4999999874027048
10.322 1.9770505550773045 -0.4999999873595671
10.402 1.9786505550773046 -0.4999999873403948
10.499 1.9786505550773046 -0.4999999873403948
10.602 1.9786505550773046 -0.4999999873403948
10.701 1.9786505550773046 -0.4999999873403948
10.747 1.9786505550773046 -0.4999999873403948
10.847 1.9786505550773046 -0.4999999873403948
10.938 1.9786505550773046 -0.4999999873403948
11.039 1.9786505550773046 -0.4999999873403948
11.13 1.9786505550773046 -0.4999999873403948
11.219 1.9786505550773046 -0.4999999873403948
11.22 1.9786505550773046 -0.4999999873403948
11.253 1.9786505550773046 -0.4999999873403948
11.278 1.9786505550773046 -0.4999999873403948
11.309 1.9786505550773046 -0.4999999873403948
11.335 1.9786505550773046 -0.4999999873403948
11.348 1.9786505550773046 -0.4999999873403948
11.377 1.9786505550773046 -0.4999999873403948
11.408 1.9786505550773046 -0.4999999873403948
11.436 1.9786505550773046 -0.4999999873403948
11.457 1.9786505550773046 -0.4999999873403948
11.488 1.9786505550773046 -0.4999999873403948
11.514 1.9786505550773046 -0.4999999873403948
11.542 1.9786505550773046 -0.4999999873403948
11.564 1.9786505550773046 -0.4999999873403948
11.589 1.9786505550773046 -0.4999999873403948
11.624 1.9786505550773046 -0.4999999873403948
11.656 1.9786505550773046 -0.4999999873403948
11.691 1.9786505550773046 -0.4999999873403948
11.711 1.9786505550773046 -0.4999999873403948
11.737 1.9786505550773046 -0.4999999873403948
11.767 1.9786505550773046 -0.4999999873403948
11.798 1.9786505550773046 -0.4999999873403948
11.833 1.9786505550773046 -0.4999999873403948
11.855 1.9786505550773046 -0.4999999873403948
11.885 1.9786505550773046 -0.4999999873403948
11.917 1.9786505550773046 -0.4999999873403948
11.942 1.9786505550773046 -0.4999999873403948
11.968 1.9786505550773046 -0.4999999873403948
11.993 1.9786505550773046 -0.4999999873403948
12.004 1.9786505550773046 -0.4999999873403948
12.041 1.9786505550773046 -0.4999999873403948
12.057 1.9786505550773046 -0.4999999873403948
12.082 1.9786505550773046 -0.4999999873403948
12.115 1.9786505550773046 -0.4999999873403948
12.154 1.9786505550773046 -0.4999999873403948
12.177 1.9786505550773046 -0.4999999873403948
12.202 1.9786505550773046 -0.4999999873403948
12.25 1.9786505550773046 -0.4999999873403948
12.322 1.9786505550773046 -0.4999999873403948
12.423 1.9786505550773046 -0.4999999873403948
12.521 1.9786505550773046 -0.4999999873403948
12.621 1.9786505550773046 -0.4999999873403948
12.704 1.9786505550773046 -0.4999999873403948
12.795 1.9786505550773046 -0.4999999873403948
12.874 1.9786505550773046 -0.4999999873403948
12.974 1.9786505550773046 -0.4999999873403948
13.062 1.9786505550773046 -0.4999999873403948
13.141 1.9786505550773046 -0.4999999873403948
13.243 1.9779731669437488 -0.5019240892221563
13.325 1.976783418350469 -0.5049806159682556
13.407 1.9749051625155694 -0.5095279242355075
13.517 1.9714345503518418 -0.5176145842604378
13.609 1.96775972138073 -0.5260487784740588
13.642 1.9661779471714256 -0.5296791490268783
13.668 1.9647239931002467 -0.5330161563027023
13.695 1.9629984212355507 -0.5369765605421418
13.737 1.9599786704723328 -0.5439072679611607
13.75 1.958940131850062 -0.5462908445867493
13.78 1.9565435042602066 -0.551791406030415
13.806000000000001 1.954466427015665 -0.5565585592815924
13.833 1.9523094621847952 -0.5615090645808916
13.855 1.9505519352855678 -0.5655428096395799
13.88 1.9485547456273549 -0.5701266108426349
13.907 1.9463977807964852 -0.5750771161419341
13.946 1.9432821649296732 -0.5822278460186997
13.968 1.9415246380304458 -0.5862615910773881
13.994 1.9394475607859045 -0.5910287443285651
14.011 1.9380894718183197 -0.5941457291466423
14.023 1.9371308207823774 -0.5963459537241087
14.053 1.934734193192522 -0.6018465151677748
14.085 1.9321777904300095 -0.607713780707685
14.115 1.929781162840154 -0.6132143421513507
14.156 1.9265057718006848 -0.6207317761243608
14.176 1.9249080200741147 -0.6243988170868047
14.208 1.9223516173116022 -0.6302660826267149
14.248 1.9191561138584616 -0.6376001645516026
14.265 1.9177980248908768 -0.6407171493696802
14.284 1.916280160750635 -0.6442008382840019
14.325 1.913004769711166 -0.6517182722570117
14.343 1.9115667931572526 -0.6550186091232114
14.37 1.9094098283263827 -0.6599691144225106
14.401 1.9069333131501989 -0.6656530279142988
14.425 1.9050160110783145 -0.6700534770692317
14.442 1.90365792211073 -0.6731704618873089
14.469 1.90150095727986 -0.6781209671866081
14.496 1.89934399244899 -0.6830714724859076
14.517 1.8976663531360916 -0.6869218654964735
14.538 1.8959887138231928 -0.6907722585070397
14.565 1.8938317489923229 -0.6957227638063389
14.598 1.8911954586434818 -0.7017733813943716
14.637 1.8880798427766696 -0.7089241112711372
14.656 1.8865619786364278 -0.7124078001854589
14.685 1.884245238632901 -0.7177250095810026
14.707 1.8824877117336736 -0.721758754639691
14.736 1.8801709717301467 -0.7270759640352347
14.765 1.8778542317266198 -0.7323931734307784
14.794 1.875537491723093 -0.7377103828263221
14.812 1.8740995151691797 -0.7410107196925214
14.835 1.8722621006836238 -0.7452278167993321
14.861 1.8701850234390824 -0.7499949700505092
14.889 1.8679481710218842 -0.7551288273979304
14.918 1.8656314310183573 -0.7604460367934741
14.942 1.863714128946473 -0.764846485948407
14.972 1.8613175013566174 -0.7703470473920727
15.0 1.859080648939419 -0.7754809047394943
15.039 1.855965033072607 -0.7826316346162598
15.058 1.8544471689323652 -0.7861153235305816
15.087 1.8521304289288383 -0.7914325329261253
15.113 1.850053351684297 -0.7961996861773023
15.141 1.8478164992670985 -0.8013335435247239
15.157 1.8465382978858422 -0.804267176294679
15.178 1.8448606585729435 -0.8081175693052453
15.201 1.8430232440873877 -0.8123346664120557
15.24 1.8399076282205757 -0.8194853962888212
15.255 1.838709314425648 -0.8222356770106543
15.286 1.836232799249464 -0.8279195905024421
15.314 1.8339959468322655 -0.8330534478498638
15.345 1.8315194316560814 -0.838737361341652
15.375 1.829122804066226 -0.8442379227853177
15.405 1.8267261764763705 -0.8497384842289836
15.43 1.8247289868181575 -0.8543222854320386
15.462 1.822172584055645 -0.8601895509719488
15.489 1.8200156192247752 -0.8651400562712483
15.521 1.8174592164622627 -0.8710073218111586
15.543 1.8157016895630356 -0.8750410668698466
15.567 1.8137843874911512 -0.8794415160247795
15.596 1.8114676474876243 -0.8847587254203232
15.63 1.808751469552455 -0.8909926950564779
15.658 1.8065146171352566 -0.8961265524038992
15.68 1.8047570902360293 -0.9001602974625875
15.705 1.8027599005778165 -0.9047440986656425
15.727 1.8010023736785892 -0.9087778437243309
15.755 1.7987655212613907 -0.9139117010717525
15.778 1.796928106775835 -0.9181287981785629
15.796 1.7954901302219217 -0.9214291350447622
15.829 1.7928538398730807 -0.9274797526327949
15.857 1.7906169874558824 -0.9326136099802161
15.885 1.7883801350386839 -0.9377474673276377
15.914 1.7860633950351568 -0.9430646767231814
15.938 1.7841460929632724 -0.9474651258781143
15.971 1.7815098026144314 -0.9535157434661466
15.998 1.7793528377835615 -0.9584662487654458
16.038 1.776157334330421 -0.9658003306903339
16.059 1.7744796950175221 -0.9696507237009001
16.088 1.7721629550139952 -0.9749679330964438
16.131 1.768727788801869 -0.9828520711656981
16.149 1.7672898122479557 -0.9861524080318977
16.179 1.7648931846581004 -0.9916529694755631
16.205 1.762816107413559 -0.9964201227267402
16.232 1.7606591425826892 -1.0013706280260397
16.261 1.7583424025791623 -1.0066878374215833
16.288 1.7561854377482924 -1.0116383427208828
16.316 1.753948585331094 -1.016772200068304
16.345 1.7516318453275672 -1.0220894094638475
16.374 1.7493151053240403 -1.027406618859391
16.404 1.7469184777341848 -1.0329071803030572
16.429 1.7449212880759721 -1.0374909815061117
16.453 1.7430039860040878 -1.0418914306610445
16.485 1.7404475832415753 -1.0477586962009549
16.52 1.7376515177200773 -1.0541760178852317
16.537 1.7362934287524927 -1.057293002703309
16.565 1.7340565763352942 -1.062426860050731
16.592 1.7318996115044245 -1.0673773653500298
16.619 1.7297426466735546 -1.0723278706493293
16.644 1.7277454570153419 -1.076911671852384
16.674 1.7253488294254864 -1.08241223329605
16.705 1.7228723142493025 -1.0880961467878378
16.738 1.7202360239004615 -1.0941467643758704
16.763 1.7182388342422485 -1.0987305655789257
16.796 1.7156025438934077 -1.1047811831669576
16.823 1.7134455790625378 -1.1097316884662571
16.852 1.711128839059011 -1.1150488978618007
16.882 1.7087322114691554 -1.1205494593054668
16.911 1.7064154714656286 -1.1258666687010104
16.942 1.7039389562894447 -1.1315505821927982
16.97 1.7017021038722464 -1.1366844395402196
17.002 1.699145701109734 -1.14255170508013
17.044 1.6957904224839362 -1.1502524911012624
17.125 1.6893195279913265 -1.16510400699916
17.198 1.6834877341893448 -1.1784887065120804
17.271 1.6776559403873632 -1.191873406025001
17.371 1.669667181754512 -1.21020861083722
17.451 1.6632761748482305 -1.224876774686996
17.551 1.6560862920786643 -1.2413784590179933
17.642 1.6502704757939481 -1.2547264881212894
17.731 1.6452934791656817 -1.2661493207193024
17.83 1.640548156537768 -1.2770404323777604
17.931 1.636513833428178 -1.2862997108079315
18.017 1.6337657004584771 -1.292607021263335
18.097 1.6318660205404931 -1.297015092647679
18.201 1.6302748372434501 -1.3008586732438996
18.303 1.629543253333234 -1.302762894938661
18.39 1.629543253333234 -1.302762894938661
18.485 1.629543253333234 -1.302762894938661
18.585 1.629543253333234 -1.302762894938661
18.685 1.629543253333234 -1.302762894938661
18.702 1.629543253333234 -1.302762894938661
18.797 1.6291824570594908 -1.3046283168477009
18.891 1.628486000558835 -1.3083232523468258
18.977 1.6275302251483605 -1.3133939617020083
19.075 1.6260780392533765 -1.3210982952959285
19.161 1.6244850802359192 -1.3295494775545658
19.197 1.6236848961713362 -1.3337947225961133
19.214 1.6232440540246444 -1.3361335381514106
19.248 1.6222364148322064 -1.3414794022778047
19.274 1.6213695487622413 -1.3460784177394816
19.302 1.620332273122967 -1.3515815131637101
19.323 1.619554316393511 -1.3557088347318818
19.35 1.618554086312782 -1.3610153910338167
19.377 1.6175538562320533 -1.366321947335751
19.402 1.6166277172684154 -1.3712354253930985
19.426 1.6157386238633231 -1.3759523643281513
19.444 1.6150718038095038 -1.3794900685294413
19.469 1.6141456648458659 -1.384403546586789
19.493 1.6132565714407736 -1.3891204855218418
19.504 1.612849070296773 -1.3912824158670751
19.531 1.6118488402160442 -1.3965889721690095
19.562 1.6107004279011332 -1.4026816849601205
19.59 1.6096631522618587 -1.408184780384349
19.633 1.6080701932444017 -1.4166359626429859
19.651 1.6074033731905824 -1.420173666844276
19.679 1.6063660975513079 -1.4256767622685045
19.705 1.6054029130291245 -1.4307867794481453
19.732 1.6044026829483955 -1.4360933357500802
19.759 1.6034024528676665 -1.4413998920520152
19.786 1.6024022227869374 -1.4467064483539502
19.811 1.6014760838232998 -1.451619926411297
19.845 1.6002165348327522 -1.458302256569289
19.869 1.5993274414276597 -1.4630191955043423
19.899 1.5982160746712941 -1.4689153691731591
19.929 1.5971047079149288 -1.474811542841975
19.956 1.5961044778341997 -1.48011809914391
19.988 1.5949190199607433 -1.4864073510573144
20.02 1.5937335620872868 -1.4926966029707187
20.046 1.5927703775651034 -1.4978066201503597
20.075 1.5916960563672835 -1.5035062546968823
20.105 1.5905846896109181 -1.509402428365699
20.139 1.5893251406203706 -1.516084758523691
20.164 1.5883990016567326 -1.5209982365810386
20.193 1.5873246804589127 -1.5266978711275612
20.22 1.586324450378184 -1.5320044274294955
20.249 1.585250129180364 -1.537704061976018
20.277 1.5842128535410895 -1.5432071574002473
20.307 1.5831014867847242 -1.5491033310690632
20.336 1.5820271655869043 -1.5548029656155857
20.366 1.5809157988305387 -1.5606991392844025
20.392 1.5799526143083553 -1.5658091564640435
20.425 1.5787301108763534 -1.572294947499742
20.456 1.5775816985614424 -1.5783876602908522
20.484 1.576544422922168 -1.5838907557150814
20.501 1.575914648426894 -1.5872319207940775
20.532 1.574766236111983 -1.5933246335851876
20.561 1.573691914914163 -1.5990242681317102
20.595 1.5724323659236155 -1.605706598289702
20.618 1.5715803180770687 -1.6102269981024615
20.649 1.5704319057621576 -1.6163197108935725
20.679 1.5693205390057923 -1.6222158845623886
20.709 1.5682091722494267 -1.6281120582312052
20.739 1.567097805493061 -1.634008231900022
20.77 1.56594939317815 -1.640100944691132
20.799 1.5648750719803302 -1.6458005792376547
20.821 1.5640600696923286 -1.6501244399281205
20.85 1.5629857484945087 -1.655824074474643
20.882 1.5618002906210522 -1.6621133263880474
20.916 1.5605407416305048 -1.6687956565460393
20.938 1.5597257393425035 -1.6731195172365045
20.966 1.558688463703229 -1.6786226126607338
20.996 1.5575770969468636 -1.6845187863295499
21.027 1.5564286846319526 -1.6906114991206609
21.058 1.5552802723170416 -1.696704211911771
21.087 1.5542059511192217 -1.7024038464582936
21.115 1.5531686754799474 -1.7079069418825221
21.136 1.5523907187504915 -1.7120342634506938
21.16 1.551501625345399 -1.7167512023857472
21.184 1.5506125319403066 -1.7214681413208006
21.214 1.5495011651839412 -1.7273643149896167
21.246 1.5483157073104847 -1.733653566903021
21.274 1.5472784316712103 -1.7391566623272503
21.297 1.5464263838246635 -1.7436770621400095
21.333 1.545092743717025 -1.7507524705425888
21.367 1.5438331947264774 -1.7574348007005813
21.391 1.5429441013213852 -1.762151739635634
21.421 1.5418327345650196 -1.7680479133044507
21.451 1.540721367808654 -1.7739440869732674
21.477 1.5397581832864706 -1.7790541041529084
21.505 1.5387209076471964 -1.7845571995771368
21.537 1.53753544977374 -1.7908464514905411
21.563 1.5365722652515565 -1.795956468670182
21.595 1.5353868073781 -1.8022457205835865
21.649 1.5333863472166422 -1.8128588331874567
21.655 1.5331640738653691 -1.81403806792122
21.685 1.5320527071090038 -1.8199342415900361
21.712 1.5310524770282747 -1.8252407978919711
21.739 1.5300522469475457 -1.8305473541939061
21.769 1.5289408801911804 -1.8364435278627222
21.798000000000002 1.5278665589933602 -1.8421431624092457
21.829 1.5267181466784494 -1.8482358752003558
21.859 1.5256067799220838 -1.8541320488691726
21.882 1.524754732075537 -1.8586524486819318
21.9 1.524087912021718 -1.8621901528832212
21.92 1.5233470008508074 -1.8661209353290995
21.952 1.522161542977351 -1.8724101872425039
21.974 1.5213465406893496 -1.876734047932969
21.993 1.5206426750769848 -1.8804682912565525
22.019 1.5196794905548014 -1.8855783084361935
22.045 1.5187163060326179 -1.890688325615835
22.076 1.5175678937177068 -1.8967810384069452
22.109 1.5163453902857047 -1.9032668294426436
22.14 1.5151969779707937 -1.9093595422337537
22.169 1.5141226567729738 -1.9150591767802763
22.2 1.5129742444580627 -1.9211518895713864
22.23 1.5118628777016971 -1.9270480632402032
22.261 1.510714465386786 -1.9331407760313133
22.288 1.509714235306057 -1.9384473323332483
22.316 1.5086769596667826 -1.9439504277574768
22.34 1.5077878662616901 -1.9486673666925303
22.368 1.5067505906224157 -1.9541704621167588
22.396 1.5057133149831412 -1.959673557540988
22.43 1.5044537659925936 -1.96635588769898
22.455 1.5035276270289557 -1.9712693657563267
22.483 1.5024903513896812 -1.976772461180556
22.515 1.5013048935162248 -1.98306171309396
22.539 1.5004158001111323 -1.9877786520290135
22.576 1.4990451144449481 -1.995050599553887
22.597 1.4982671577154922 -1.9991779211220586
22.625 1.4972298820762178 -2.004681016546287
22.657 1.4960444242027613 -2.0109702684596913
22.685 1.4950071485634868 -2.01647336388392
22.718 1.4937846451314847 -2.022959154919618
22.742 1.4928955517263922 -2.0276760938546716
22.763 1.4921175949969363 -2.0318034154228433
22.793 1.491006228240571 -2.0376995890916594
22.824 1.48985781592566 -2.04379230188277
22.856 1.4886723580522034 -2.0500815537961743
22.884 1.487635082412929 -2.055584649220403
22.914 1.4865237156565634 -2.06148082288922
22.943 1.4854493944587435 -2.0671804574357426
22.971 1.484412118819469 -2.072683552859971
22.998 1.48341188873874 -2.0779901091619064
23.026 1.4823746130994657 -2.083493204586135
23.056 1.4812632463431001 -2.0893893782549515
23.085 1.4801889251452802 -2.0950890128014743
23.107 1.4793739228572789 -2.0994128734919397
23.139 1.4781884649838224 -2.105702125405344
23.167 1.477151189344548 -2.1112052208295733
23.198 1.476002777029637 -2.1172979336206836
23.229 1.474854364714726 -2.123390646411794
23.269 1.4733725423729054 -2.1312522113035492
23.288 1.4726686767605406 -2.1349864546271333
23.316 1.4716314011212661 -2.140489550051362
23.347 1.470482988806355 -2.1465822628424727
23.375 1.4694457131670806 -2.152085358266701
23.411 1.468112073059442 -2.1591607666692814
23.43 1.4674082074470771 -2.162895009992865
23.458 1.4663709318078026 -2.1683981054170935
23.485 1.4653707017270736 -2.1737046617190288
23.504 1.4646668361147088 -2.1774389050426133
23.531 1.46366660603398 -2.1827454613445476
23.57 1.4622218292507048 -2.1904104871140095
23.593 1.461369781404158 -2.1949308869267687
23.616 1.4605177335576112 -2.199451286739528
23.646 1.4594063668012456 -2.2053474604083445
23.673000000000002 1.4584061367205166 -2.2106540167102797
23.7 1.4574059066397878 -2.215960573012214
23.72 1.4566649954688775 -2.2198913554580915
23.743 1.4558129476223307 -2.2244117552708507
23.779 1.454479307514692 -2.231487163673431
23.8 1.453701350785236 -2.2356144852416024
23.826 1.4527381662630527 -2.2407245024212434
23.859 1.4515156628310506 -2.247210293456942
23.884 1.4505895238674127 -2.2521237715142886
23.913 1.4495152026695928 -2.2578234060608113
23.944 1.4483667903546817 -2.2639161188519217
23.974 1.4472554235983162 -2.2698122925207382
24.0 1.4462922390761328 -2.2749223097003792
24.029 1.4452179178783129 -2.280621944246902
24.049 1.4444770067074026 -2.2845527266927794
24.079 1.443365639951037 -2.290448900361596
24.11 1.442217227636126 -2.296541613152706
24.136 1.4412540431139427 -2.301651630332347
24.163 1.4402538130332136 -2.306958186634282
24.184 1.4394758563037577 -2.3110855082024537
24.213 1.4384015351059378 -2.3167851427489765
24.237 1.4375124417008456 -2.321502081684029
24.267 1.43640107494448 -2.3273982553528456
24.295 1.4353637993052055 -2.332901350777075
24.328 1.4341412958732036 -2.339387141812773
24.35 1.4333262935852022 -2.343711002503239
24.383 1.4321037901532003 -2.3501967935389367
24.412 1.4310294689553804 -2.3558964280854595
24.44 1.429992193316106 -2.361399523509689
24.467 1.4289919632353771 -2.3667060798116233
24.497 1.4278805964790116 -2.37260225348044
24.528 1.4267321841641005 -2.37869496627155
24.557 1.4256578629662806 -2.384394600818073
24.587 1.424546496209915 -2.3902907744868895
24.616 1.423472175012095 -2.3959904090334123
24.645 1.4223978538142752 -2.401690043579935
24.673000000000002 1.4213605781750007 -2.4071931390041645
24.701 1.4203233025357263 -2.412696234428393
24.728 1.4193230724549972 -2.4180027907303283
24.76 1.4181376145815408 -2.4242920426437324
24.788 1.4171003389422663 -2.429795138067961
24.818 1.4159889721859007 -2.4356913117367776
24.847 1.4149146509880808 -2.4413909462833003
24.876 1.4138403297902609 -2.447090580829823
24.907 1.41269191747535 -2.453183293620933
24.935 1.4116546418360756 -2.4586863890451616
24.966 1.4105062295211646 -2.4647791018362724
25.001 1.4092096349720713 -2.4716579711165583
25.018 1.4085798604767976 -2.4749991361955543
25.048 1.4074684937204323 -2.4808953098643705
25.083 1.4061718991713392 -2.4877741791446564
25.106 1.4053198513247922 -2.492294578957416
25.132 1.4043566668026088 -2.497404596137057
25.166 1.4030971178120613 -2.5040869262950487
25.193 1.4020968877313322 -2.509393482596984
25.222 1.4010225665335123 -2.5150931171435067
25.256 1.3997630175429647 -2.5217754473014984
25.289 1.3985405141109626 -2.5282612383371967
25.308 1.397836648498598 -2.53199548166078
25.337 1.396762327300778 -2.5376951162073027
25.361 1.3958732338956856 -2.542412055142356
25.394 1.3946507304636837 -2.548897846178054
25.421 1.3936505003829547 -2.554204402479989
25.451 1.392539133626589 -2.5601005761488054
25.472 1.3917611768971332 -2.564227897716977
25.508 1.3904275367894947 -2.5713033061195563
25.537 1.3893532155916748 -2.577002940666079
25.568 1.3882048032767638 -2.58309565345719
25.598 1.3870934365203984 -2.588991827126006
25.625 1.3860932064396694 -2.594298383427941
25.65 1.3851670674760315 -2.599211861485288
25.683 1.3839445640440293 -2.6056976525209863
25.711 1.382907288404755 -2.611200747945215
25.736 1.3819811494411172 -2.6161142260025625
25.757 1.3812031927116613 -2.620241547570734
25.781 1.380314099306569 -2.6249584865057867
25.805 1.3794250059014768 -2.62967542544084
25.823 1.3787581858476574 -2.63321312964213
25.837 1.3782395480280203 -2.6359646773542442
25.867 1.3771281812716547 -2.641860851023061
25.898 1.3759797689567437 -2.647953563814171
25.938 1.3744979466149232 -2.6558151287059264
25.955 1.3738681721196495 -2.6591562937849225
25.98 1.3729420331560116 -2.66406977184227
26.01 1.3718306663996462 -2.6699659455110867
26.038 1.3707933907603718 -2.6754690409353152
26.058 1.3700524795894615 -2.6793998233811926
26.081 1.3692004317429147 -2.683920223193952
26.106 1.3682742927792768 -2.688833701251299
26.14 1.3670147437887292 -2.6955160314092907
26.164 1.3661256503836368 -2.700232970344344
26.196 1.3649401925101803 -2.7065222222577483
26.226 1.363828825753815 -2.7124183959265644
26.258 1.3626433678803584 -2.7187076478399685
26.287 1.3615690466825385 -2.7244072823864913
26.316 1.3604947254847186 -2.730106916933014
26.349 1.3592722220527165 -2.7365927079687125
26.376 1.3582719919719874 -2.7418992642706477
26.404 1.3572347163327132 -2.7474023596948762
26.434 1.3561233495763476 -2.753298533363693
26.454 1.3553824384054374 -2.75722931580957
26.481 1.3543822083247083 -2.7625358721115054
26.508 1.3533819782439795 -2.7678424284134397
26.538 1.352270611487614 -2.7737386020822563
26.569 1.351122199172703 -2.7798313148733667
26.597 1.3500849235334285 -2.785334410297596
26.624 1.3490846934526997 -2.7906409665995304
26.651 1.3480844633719706 -2.7959475229014656
26.674 1.3472324155254238 -2.800467922714225
26.697 1.346380367678877 -2.804988322526984
26.721 1.3454912742737846 -2.8097052614620375
26.742 1.3447133175443287 -2.813832583030209
26.77 1.3436760419050542 -2.8193356784544377
26.799 1.3426017207072343 -2.8250353130009604
26.821 1.3417867184192327 -2.8293591736914263
26.851 1.3406753516628673 -2.8352553473602424
26.883 1.3394898937894109 -2.8415445992736466
26.913 1.3383785270330455 -2.8474407729424636
26.944 1.3372301147181345 -2.853533485733574
26.974 1.3361187479617689 -2.8594296594023905
27.005 1.334970335646858 -2.865522372193501
27.036 1.333821923331947 -2.8716150849846116
27.067 1.332673511017036 -2.877707797775722
27.095 1.3316362353777615 -2.8832108931999505
27.125 1.330524868621396 -2.889107066868767
27.152 1.329524638540667 -2.8944136231707023
27.182 1.3284132717843016 -2.9003097968395184
27.2 1.3277464517304822 -2.9038475010408082
27.224 1.3268573583253898 -2.9085644399758617
27.252 1.3258200826861153 -2.9140675354000902
27.283 1.3246716703712043 -2.920160248191201
27.308 1.3237455314075666 -2.925073726248548
27.339 1.3225971190926555 -2.931166439039658
27.37 1.3214487067777445 -2.937259151830769
27.39 1.3207077956068343 -2.9411899342766463
27.423000000000002 1.3194852921748321 -2.9476757253123447
27.45 1.3184850620941033 -2.952982281614279
27.475 1.3175589231304654 -2.9578957596716267
27.499 1.3166698297253732 -2.962612698606679
27.518 1.3159659641130081 -2.9663469419302633
27.548000000000002 1.3148545973566426 -2.97224311559908
27.577 1.3137802761588226 -2.9779427501456026
27.607 1.3126689094024573 -2.9838389238144187
27.637 1.3115575426460917 -2.9897350974832353
27.666 1.3104832214482718 -2.995434732029758
27.697 1.3093348091333608 -3.0015274448208684
27.721 1.3084457157282683 -3.006244383755922
27.751 1.3073343489719027 -3.0121405574247384
27.779 1.3062970733326282 -3.017643652848967
27.809 1.3051857065762626 -3.0235398265177835
27.84 1.3040372942613516 -3.029632539308894
27.869 1.3029629730635317 -3.0353321738554166
27.9 1.3018145607486207 -3.041424886646527
27.921 1.3010366040191648 -3.0455522082146986
28.007 1.2978506859842505 -3.062454572731973
28.105 1.29422022124679 -3.081715406716774
28.207 1.2904415742751474 -3.1017623971907504
28.307 1.2867370184205957 -3.121416309420139
28.412 1.2828472347733166 -3.142052917260997
28.505 1.2797465215230568 -3.158503241796995
28.589 1.2772570599887982 -3.171710670815144
28.648 1.2757270784208685 -3.1798277365658816
28.742 1.2729412524182457 -3.1946074785623817
28.838 1.2697405161599131 -3.2115884587285737
28.928 1.2664064158908168 -3.2292769797350234
29.026 1.2627759511533563 -3.2485378137198238
29.108 1.259738215352624 -3.2646540217479223
29.205 1.2565041380916004 -3.281811887124178
29.301 1.2536590391953049 -3.2969060917163486
29.402 1.251039918206137 -3.3108014076625265
29.495 1.248972776039297 -3.321768290686525
29.595 1.2471204981120214 -3.331595246801219
29.686 1.2457720397809646 -3.3387492708527167
29.773 1.2448051507029265 -3.343878941944587
29.866 1.24411610331398 -3.3475345696192536
29.956 1.2437826932870706 -3.3493034217198985
30.041 1.2437826932870706 -3.3493034217198985
30.103 1.2437826932870706 -3.3493034217198985
30.143 1.2437826932870706 -3.3493034217198985
30.248 1.2437826932870706 -3.3493034217198985
30.335 1.2437826932870706 -3.3493034217198985
30.438 1.2437826932870706 -3.3493034217198985
30.528 1.2437826932870706 -3.3493034217198985
30.594 1.2437826932870706 -3.3493034217198985
30.622 1.2437826932870706 -3.3493034217198985
30.653 1.2437826932870706 -3.3493034217198985
30.682 1.2437826932870706 -3.3493034217198985
30.705 1.2437826932870706 -3.3493034217198985
30.732 1.2437826932870706 -3.3493034217198985
30.763 1.2437826932870706 -3.3493034217198985
30.793 1.2437826932870706 -3.3493034217198985
30.818 1.2437826932870706 -3.3493034217198985
30.841 1.2437826932870706 -3.3493034217198985
30.87 1.2437826932870706 -3.3493034217198985
30.9 1.2437826932870706 -3.3493034217198985
30.927 1.2437826932870706 -3.3493034217198985
30.954 1.2437826932870706 -3.3493034217198985
30.986 1.2437826932870706 -3.3493034217198985
31.013 1.2437826932870706 -3.3493034217198985
31.05 1.2437826932870706 -3.3493034217198985
31.074 1.2437826932870706 -3.3493034217198985
31.103 1.2437826932870706 -3.3493034217198985
31.136 1.2437826932870706 -3.3493034217198985
31.232 1.2437826932870706 -3.3493034217198985
31.312 1.2437826932870706 -3.3493034217198985
31.4 1.2437826932870706 -3.3493034217198985
31.478 1.2437826932870706 -3.3493034217198985
31.559 1.2437826932870706 -3.3493034217198985
31.658 1.2437826932870706 -3.3493034217198985
31.752 1.2437826932870706 -3.3493034217198985
31.838 1.2437826932870706 -3.3493034217198985
31.933 1.2437826932870706 -3.3493034217198985
32.004 1.2437826932870706 -3.3493034217198985
32.099 1.2418830419670905 -3.3492735808071594
32.192 1.2381675652252486 -3.3490926528057017
32.274 1.2332599487208613 -3.348744575652446
32.359 1.2264835235745544 -3.3481790813254744
32.459 1.2165217868162577 -3.347305124370927
32.492 1.212576939059973 -3.346959037416926
32.528 1.2075562237337913 -3.346518563111834
32.555 1.203252753454207 -3.3461410137074696
32.586 1.1976941043430778 -3.345653345726832
32.615 1.191916297023265 -3.3451464506931945
32.647 1.1855407854979558 -3.344587118242284
32.676 1.1797629781781431 -3.3440802232086466
32.707 1.1735867013879995 -3.343538369896827
32.734 1.168207363538519 -3.3430664331413715
32.765 1.1620310867483754 -3.342524579829552
32.795 1.1560540446933971 -3.342000205656823
32.825 1.1500770026384188 -3.3414758314840944
32.854 1.1442991953186075 -3.340968936450457
32.885 1.1381229185284638 -3.3404270831386373
32.915 1.1321458764734855 -3.3399027089659086
32.942 1.126766538624005 -3.339430772210453
32.972 1.1207894965690268 -3.3389063980377243
33.0 1.115210923984381 -3.3384169821431775
33.017 1.1118239334865596 -3.338119836778631
33.048 1.105647656696416 -3.3375779834668116
33.076 1.1000690841117702 -3.337088567572265
33.1 1.0952874504677876 -3.336669068234082
33.128 1.0897088778831419 -3.3361796523395353
33.152 1.0849272442391593 -3.3357601530013525
33.181 1.079149436919348 -3.335253257967715
33.204 1.074567038010531 -3.3348512377686235
33.228 1.0697854043665485 -3.3344317384304407
33.259 1.0636091275764048 -3.333889885118621
33.29 1.0574328507862611 -3.3333480318068016
33.31 1.0534481560829418 -3.3329984490249824
33.341 1.0472718792927982 -3.332456595713163
33.356 1.044283358265309 -3.3321944086267985
33.38 1.0395017246213265 -3.3317749092886157
33.417 1.032130039420187 -3.3311281811422506
33.445 1.0265514668355413 -3.330638765247704
33.476 1.0203751900453977 -3.3300969119358843
33.507 1.014198913255254 -3.3295550586240648
33.539 1.0078234017299434 -3.3289957261731544
33.638 0.9880991629485169 -3.32726529140315
33.735 0.9687733936374211 -3.325569814911328
33.828 0.9502445632669887 -3.3239442549758693
33.922 0.9315164981613921 -3.3223012159013203
33.975 0.9209570571975969 -3.3213748215295
34.069 0.902228992091999 -3.319731782454951
34.154 0.8852940396028947 -3.31824605563222
34.246 0.8669644439676291 -3.316637974835852
34.347 0.8468417357158701 -3.3148725817876663
34.446 0.8271174969344434 -3.313142147017662
34.477 0.8209412201442997 -3.3126002937058425
34.505 0.8153626475596525 -3.3121108778112958
34.534 0.8095848402398411 -3.311603982777658
34.569 0.8026116245090328 -3.3109922129094747
34.594 0.7976307561298848 -3.310555234432201
34.623 0.7918529488100735 -3.3100483393985636
34.654 0.7856766720199284 -3.309506486086744
34.683 0.779898864700117 -3.3089995910531065
34.712 0.7741210573803043 -3.3084926960194685
34.742 0.7681440153253276 -3.30796832184674
34.772 0.7621669732703494 -3.3074439476740114
34.803 0.7559906964802058 -3.306902094362192
34.832 0.7502128891603931 -3.3063951993285543
34.861 0.7444350818405817 -3.3058883042949168
34.891 0.7384580397856035 -3.305363930122188
34.921 0.7324809977306252 -3.3048395559494597
34.951 0.7265039556756471 -3.304315181776731
34.98 0.7207261483558357 -3.3038082867430933
35.01 0.7147491063008575 -3.3032839125703646
35.039 0.7089712989810448 -3.302777017536727
35.07 0.7027950221909012 -3.3022351642249075
35.098 0.6972164496062553 -3.3017457483303607
35.123 0.6922355812271073 -3.3013087698530867
35.134 0.6900439991402815 -3.3011164993230864
35.155 0.6858600697017967 -3.3007494374021764
35.18 0.6808792013226487 -3.300312458924903
35.2 0.6768945066193294 -3.2999628761430837
35.221 0.672710577180846 -3.2995958142221737
35.241 0.6687258824775267 -3.2992462314403546
35.254 0.66613583092037 -3.299019002632172
35.271 0.6627488404225486 -3.298721857267626
35.29 0.6589633804543962 -3.298389753624898
35.312 0.654580216280746 -3.2980052125648966
35.339 0.6492008784312656 -3.297533275809441
35.367 0.6436223058466197 -3.2970438599148943
35.397 0.6376452637916415 -3.2965194857421656
35.417 0.6336605690883222 -3.2961699029603464
35.446 0.6278827617685109 -3.295663007926709
35.475 0.6221049544486982 -3.2951561128930713
35.5 0.6171240860695502 -3.294719134415798
35.524 0.6123424524255676 -3.294299635077615
35.554 0.6063654103705894 -3.2937752609048863
35.587 0.5997906641101134 -3.2931984493148847
35.613 0.5946105609957999 -3.29274399169852
35.642 0.5888327536759872 -3.2922370966648824
35.671 0.5830549463561758 -3.291730201631245
35.699 0.5774763737715299 -3.291240785736698
35.717 0.573890148538543 -3.290926161233061
35.746 0.5681123412187303 -3.2904192661994234
35.775 0.562334533898919 -3.289912371165786
35.804 0.5565567265791063 -3.2894054761321483
35.828 0.5517750929351237 -3.2889859767939655
35.859 0.5455988161449801 -3.288444123482146
35.886 0.5402194782954997 -3.2879721867266904
35.917 0.534043201505356 -3.287430333414871
35.936 0.5302577415372036 -3.287098229772143
35.966 0.5242806994822254 -3.286573855599414
35.991 0.5192998311030774 -3.2861368771221406
36.008 0.5159128406052559 -3.2858397317575947
36.041 0.5093380943447813 -3.2852629201675936
36.057 0.5061503385821253 -3.2849832539421384
36.082 0.5011694702029773 -3.284546275464865
36.106 0.49638783655899477 -3.284126776126682
36.131 0.49140696817984675 -3.2836897976494086
36.159 0.4858283955952009 -3.283200381754862
36.188 0.48005058827538816 -3.2826934867212243
36.219 0.4738743114852445 -3.2821516334094047
36.25 0.46769803469510085 -3.281609780097585
36.281 0.4615217579049572 -3.2810679267857656
36.311 0.455544715849979 -3.280543552613037
36.341 0.44956767379500084 -3.280019178440308
36.37 0.44378986647518953 -3.2795122834066706
36.4 0.43781282442021136 -3.278987909233942
36.429 0.4320350171003986 -3.2784810142003042
36.45 0.4278510876619139 -3.2781139522793943
36.481 0.4216748108717702 -3.2775720989675747
36.51 0.4158970035519589 -3.277065203933937
36.54 0.40991996149698073 -3.2765408297612084
36.572 0.40354444997167016 -3.275981497310298
36.597 0.39856358159252214 -3.2755445188330246
36.617 0.3945788868892043 -3.275194936051206
36.651 0.38780490589356137 -3.2746006453221135
36.677 0.3826248027792479 -3.2741461877057487
36.704 0.3772454649297675 -3.273674250950293
36.731 0.37186612708028716 -3.2732023141948376
36.762 0.3656898502901435 -3.272660460883018
36.786 0.36090821664616096 -3.2722409615448353
36.804 0.35732199141317406 -3.271926337041198
36.823 0.3535365314450217 -3.27159423339847
36.855 0.34716101991971254 -3.27103490094756
36.883 0.34158244733506526 -3.270545485053013
36.911 0.33600387475041943 -3.270056069158467
36.939 0.3304253021657736 -3.26956665326392
36.969 0.3244482601107954 -3.2690422790911913
36.999 0.31847121805581724 -3.2685179049184625
37.031 0.3120957065305081 -3.267958572467552
37.057 0.30691560341619323 -3.2675041148511874
37.087 0.30093856136121505 -3.2669797406784586
37.117 0.29496151930623826 -3.2664553665057303
37.146 0.2891837119864255 -3.2659484714720928
37.174 0.28360513940177967 -3.265459055577546
37.204 0.2776280973468015 -3.2649346814048177
37.236 0.27125258582149236 -3.2643753489539074
37.263 0.265873247972012 -3.263903412198452
37.293 0.25989620591703383 -3.263379038025723
37.32 0.25451686806755347 -3.262907101270267
37.347 0.24913753021807308 -3.2624351645148115
37.378 0.24296125342792943 -3.261893311202992
37.403 0.2379803850487814 -3.2614563327257184
37.432 0.23220257772896868 -3.260949437692081
37.461 0.22642477040915737 -3.2604425426584434
37.49 0.22064696308934464 -3.259935647624806
37.521 0.21447068629920096 -3.2593937943129863
37.55 0.20869287897938965 -3.2588868992793487
37.58 0.20271583692441145 -3.25836252510662
37.61 0.19673879486943324 -3.257838150933891
37.639 0.19096098754962051 -3.2573312559002536
37.669 0.18498394549464373 -3.2568068817275253
37.698 0.179206138174831 -3.2562999866938878
37.724 0.1740260350605175 -3.255845529077523
37.75 0.1688459319462026 -3.2553910714611582
37.779 0.16306812462638987 -3.2548841764275207
37.81 0.15689184783624618 -3.254342323115701
37.837 0.1515125099867658 -3.2538703863602456
37.868 0.14533623319662214 -3.253328533048426
37.895 0.13995689534714176 -3.2528565962929705
37.927 0.13358138382183263 -3.25229726384206
37.954 0.12820204597235224 -3.2518253270866047
37.978 0.12342041232836969 -3.251405827748422
37.995 0.12003342183054966 -3.251108682383876
38.023 0.1144548492459024 -3.250619266489329
38.048 0.10947398086675436 -3.2501822880120557
38.085 0.10210229566561506 -3.2495355598656905
38.105 0.0981176009622972 -3.2491859770838714
38.135 0.09214055890731901 -3.2486616029111426
38.165 0.08616351685234082 -3.248137228738414
38.195 0.08018647479736263 -3.247612854565685
38.225 0.07420943274238442 -3.2470884803929567
38.256 0.06803315595224076 -3.246546627081137
38.28 0.0632515223082582 -3.2461271277429544
38.31 0.057274480253280004 -3.245602753570226
38.338 0.05169590766863416 -3.2451133376756793
38.365 0.04631656981915378 -3.244641400920224
38.391 0.04113646670484029 -3.244186943303859
38.423 0.034760955179529734 -3.2436276108529487
38.455 0.0283854436542206 -3.2430682784020384
38.485 0.022408401599242404 -3.2425439042293096
38.509 0.017626767955259845 -3.242124404891127
38.538 0.011848960635448533 -3.2416175098574893
38.565 0.0064696227859681555 -3.2411455731020338
38.587 0.0020864586123165337 -3.2407610320420326
38.607 -0.0018982360910013206 -3.2404114492602134
38.639 -0.00827374761631187 -3.239852116809303
38.67 -0.014450024406455535 -3.2393102634974835
38.701 -0.020626301196599202 -3.238768410185664
38.731 -0.0266033432515774 -3.238244036012935
38.764 -0.033178089512053414 -3.2376672244229336
38.791 -0.03855742736153238 -3.237195287667478
38.821 -0.044534469416510576 -3.23667091349475
38.85 -0.050312276736323304 -3.2361640184611122
38.886 -0.05748472720229714 -3.235534769453838
38.907 -0.06166865664078046 -3.235167707532928
38.931 -0.06645029028476301 -3.234748208194745
38.959 -0.07202886286941028 -3.2342587923001984
38.981 -0.07641202704306048 -3.2338742512401977
39.005 -0.08119366068704303 -3.233454751902015
39.028 -0.08577605959585871 -3.233052731702923
39.052 -0.09055769323984127 -3.23263323236474
39.083 -0.09673397002998493 -3.2320913790529207
39.113 -0.10271101208496314 -3.231567004880192
39.144 -0.1088872888751068 -3.2310251515683723
39.171 -0.11426662672458718 -3.230553214812917
39.203 -0.12064213824989772 -3.2299938823620065
39.232 -0.12641994556970904 -3.229486987328369
39.265 -0.13299469183018506 -3.2289101757383674
39.293 -0.1385732644148309 -3.2284207598438206
39.323 -0.1445503064698091 -3.227896385671092
39.353 -0.1505273485247873 -3.227372011498363
39.381 -0.15610592110943314 -3.2268825956038163
39.411 -0.16208296316441134 -3.226358221431088
39.442 -0.168259239954555 -3.2258163681192684
39.471 -0.1740370472743663 -3.225309473085631
39.498 -0.1794163851238467 -3.2248375363301753
39.527 -0.18519419244365942 -3.224330641296538
39.556 -0.19097199976347073 -3.2238237462629002
39.586 -0.19694904181844894 -3.2232993720901715
39.615 -0.20272684913826167 -3.222792477056534
39.645 -0.20870389119323987 -3.222268102883805
39.675 -0.21468093324821666 -3.221743728711077
39.696 -0.2188648626867014 -3.221376666790167
39.723 -0.2242442005361818 -3.220904730034711
39.754 -0.23042047732632545 -3.2203628767228913
39.777 -0.23500287623514254 -3.2199608565237994
39.8 -0.23958527514395822 -3.2195588363247074
39.825 -0.24456614352310765 -3.2191218578474334
39.855 -0.2505431855780844 -3.218597483674705
39.889 -0.25731716657372733 -3.2180031929456128
39.915 -0.2624972696880408 -3.217548735329248
39.939 -0.26727890333202337 -3.2171292359910653
39.954 -0.27026742435951245 -3.216867048904701
39.985 -0.2764437011496561 -3.2163251955928813
40.008 -0.28102610005847317 -3.2159231753937894
40.038 -0.28700314211344996 -3.215398801221061
40.065 -0.2923824799629303 -3.2149268644656055
40.093 -0.2979610525475776 -3.2144374485710587
40.111 -0.3015472777805631 -3.2141228240674216
40.133 -0.30593044195421476 -3.2137382830074204
40.158 -0.3109113103333628 -3.213301304530147
40.182 -0.3156929439773453 -3.212881805191964
40.222 -0.3236623333839824 -3.212182639628326
40.239 -0.32704932388180247 -3.2118854942637802
40.269 -0.33302636593678064 -3.2113611200910515
40.298 -0.3388041732565934 -3.210854225057414
40.329 -0.3449804500467371 -3.2103123717455944
40.356 -0.35035978789621747 -3.209840434990139
40.385 -0.3561375952160288 -3.2093335399565013
40.415 -0.36211463727100696 -3.2088091657837725
40.444 -0.3678924445908197 -3.208302270750135
40.471 -0.3732717824402987 -3.2078303339946794
40.5 -0.37904958976011144 -3.207323438961042
40.525 -0.38403045813925946 -3.2068864604837684
40.551 -0.38921056125357434 -3.2064320028674036
40.584 -0.39578530751405033 -3.205855191277402
40.613 -0.40156311483386165 -3.2053482962437645
40.644 -0.4077393916240053 -3.204806442931945
40.675 -0.41391566841414895 -3.2042645896201254
40.702 -0.41929500626362937 -3.2037926528646694
40.729 -0.4246743441131097 -3.203320716109214
40.757 -0.43025291669775556 -3.202831300214667
40.784 -0.4356322545472359 -3.2023593634592116
40.812 -0.44121082713188176 -3.201869947564665
40.842 -0.44718786918685993 -3.201345573391936
40.87 -0.45276644177150577 -3.2008561574973893
40.899 -0.4585442490913185 -3.2003492624637517
40.928 -0.46432205641112984 -3.199842367430114
40.958 -0.470299098466108 -3.1993179932573854
40.986 -0.47587767105075385 -3.1988285773628387
41.014 -0.48145624363540107 -3.1983391614682923
41.043 -0.4872340509552124 -3.197832266434655
41.071 -0.4928126235398582 -3.197342850540108
41.101 -0.49878966559483645 -3.1968184763673797
41.136 -0.5057628813256448 -3.196206706499196
41.167 -0.5119391581157885 -3.1956648531873766
41.196 -0.5177169654355999 -3.195157958153739
41.222 -0.5228970685499148 -3.1947035005373743
41.257 -0.5298702842807218 -3.194091730669191
41.281 -0.5346519179247043 -3.1936722313310084
41.312 -0.540828194714848 -3.193130378019189
41.338 -0.5460082978291629 -3.192675920402824
41.367 -0.5517861051489743 -3.1921690253691866
41.397 -0.5577631472039525 -3.191644651196458
41.44 -0.5663302408160875 -3.190893048215547
41.456 -0.5695179965787435 -3.190613381990092
41.485 -0.5752958038985548 -3.1901064869564544
41.506 -0.5794797333370396 -3.1897394250355444
41.535 -0.585257540656851 -3.189232530001907
41.563 -0.5908361132414982 -3.18874311410736
41.595 -0.5972116247668073 -3.1881837816564498
41.637 -0.6055794836437768 -3.18744965781463
41.657 -0.6095641783470946 -3.187100075032811
41.686 -0.6153419856669073 -3.1865931799991736
41.705 -0.6191274456350597 -3.1862610763564456
41.737 -0.6255029571603703 -3.1857017439055353
41.765 -0.6310815297450162 -3.1852123280109885
41.794 -0.6368593370648276 -3.184705432977351
41.822 -0.6424379096494748 -3.184216017082804
41.853 -0.6486141864396184 -3.1836741637709847
41.881 -0.6541927590242643 -3.183184747876438
41.916 -0.6611659747550713 -3.182572978008255
41.94 -0.6659476083990539 -3.182153478670072
41.97 -0.671924650454032 -3.1816291044973433
42.012 -0.6802925093310015 -3.180894980655523
42.034 -0.6846756735046517 -3.180510439595522
42.058 -0.6894573071486343 -3.1800909402573394
42.089 -0.6956335839387779 -3.17954908694552
42.12 -0.7018098607289216 -3.1790072336337007
42.152 -0.7081853722542322 -3.1784479011827904
42.178 -0.7133654753685457 -3.1779934435664257
42.207 -0.7191432826883584 -3.1774865485327877
42.231 -0.7239249163323409 -3.177067049194605
42.258 -0.7293042541818213 -3.1765951124391494
42.283 -0.7342851225609693 -3.176158133961876
42.311 -0.7398636951456151 -3.1756687180673295
42.337 -0.7450437982599301 -3.1752142604509648
42.363 -0.7502239013742436 -3.1747598028346
42.39 -0.755603239223724 -3.1742878660791445
42.418 -0.7611818118083697 -3.1737984501845977
42.449 -0.7673580885985134 -3.173256596872778
42.478 -0.7731358959183261 -3.1727497018391406
42.506 -0.778714468502972 -3.1722602859445943
42.538 -0.7850899800282811 -3.171700953493684
42.566 -0.7906685526129283 -3.171211537599137
42.666 -0.8105920261295205 -3.169463623690042
42.766 -0.830515499646114 -3.167715709780947
42.865 -0.8502397384275421 -3.165985275010943
42.961 -0.8693662730034709 -3.164307277658212
43.037 -0.8845081128760819 -3.1629788630872997
43.136 -0.9022599277793671 -3.161421471794296
43.22 -0.9156485019825171 -3.160246873647384
43.312 -0.928479218927203 -3.159121217089927
43.414 -0.9406723847193585 -3.158051493777561
43.512 -0.9504348867424891 -3.1571950159621047
43.61 -0.9582448883609935 -3.1565098337097397
43.709 -0.964162159995422 -3.1559907032787384
43.806 -0.9680273138576408 -3.155651607980374
43.905 -0.9699997377357836 -3.1554785645033734
43.909 -0.9699997377357836 -3.1554785645033734
44.006 -0.9699997377357836 -3.1554785645033734
44.102 -0.9699997377357836 -3.1554785645033734
44.177 -0.9699997377357836 -3.1554785645033734
44.274 -0.9699997377357836 -3.1554785645033734
44.367 -0.9699997377357836 -3.1554785645033734
44.398 -0.9699997377357836 -3.1554785645033734
44.429 -0.9699997377357836 -3.1554785645033734
44.453 -0.9699997377357836 -3.1554785645033734
44.482 -0.9699997377357836 -3.1554785645033734
44.501 -0.9699997377357836 -3.1554785645033734
44.521 -0.9699997377357836 -3.1554785645033734
44.629 -0.9699997377357836 -3.1554785645033734
44.707 -0.9699997377357836 -3.1554785645033734
44.802 -0.9699997377357836 -3.1554785645033734
44.888 -0.9699997377357836 -3.1554785645033734
44.896 -0.9699997377357836 -3.1554785645033734
44.971000000000004 -0.9699997377357836 -3.1554785645033734
45.055 -0.9699997377357836 -3.1554785645033734
45.14 -0.9699997377357836 -3.1554785645033734
45.241 -0.9699997377357836 -3.1554785645033734
45.339 -0.9699997377357836 -3.1554785645033734
45.435 -0.9699997377357836 -3.1554785645033734
45.528 -0.9699997377357836 -3.1554785645033734
45.545 -0.9699997377357836 -3.1554785645033734
45.627 -0.970336265403484 -3.153873632533932
45.724 -0.9709460812217158 -3.1500422393247756
45.805 -0.9715152574414505 -3.14521589782623
45.9 -0.9721751394142213 -3.137644857854214
45.99 -0.9727479451798429 -3.128663226233039
46.018 -0.9729269114054069 -3.125307996924298
46.048 -0.9731447473899159 -3.121113649837581
46.076 -0.9733771057733921 -3.1166396796117493
46.104 -0.9736385089548028 -3.111606463107689
46.127 -0.9738770912235507 -3.107012654393665
46.145 -0.9740638077817012 -3.1034174997479074
46.165 -0.9742712706240906 -3.099422883474844
46.195 -0.9745824648876747 -3.093430959065248
46.229 -0.9749351517197368 -3.086640111401039
46.247 -0.9751218682778873 -3.0830449567552813
46.274 -0.9754019431151131 -3.077652224786645
46.299 -0.9756612716680999 -3.0726589544453153
46.322 -0.9758998539368479 -3.0680651457312913
46.34 -0.9760865704949984 -3.0644699910855335
46.366 -0.9763562721901046 -3.059276989930551
46.4 -0.9767089590221666 -3.0524861422663423
46.443 -0.9771550041333039 -3.043897717279255
46.461 -0.9773417206914544 -3.040302562633497
46.493 -0.9776736612392776 -3.033911176596594
46.518 -0.9779329897922644 -3.0289179062552645
46.542 -0.9781819452031317 -3.0241243667275874
46.567 -0.9784412737561186 -3.019131096386258
46.596000000000004 -0.9787420948775833 -3.0133389027903146
46.633 -0.9791259011360038 -3.0059488626851465
46.646 -0.979260751983557 -3.0033523621076554
46.663 -0.979437095399588 -2.999956938275552
46.695 -0.9797690359474112 -2.993565552238649
46.716 -0.97998687193192 -2.989371205151931
46.735 -0.98018396163219 -2.985576319692521
46.762 -0.9804640364694158 -2.9801835877238845
46.791 -0.9807648575908805 -2.9743913941279425
46.836 -0.9812316489862568 -2.9654035075135483
46.849 -0.98136649983381 -2.9628070069360573
46.882 -0.9817088135237526 -2.9562158900855016
46.909 -0.9819888883609784 -2.950823158116865
46.933 -0.9822378437718458 -2.946029618589188
46.965 -0.9825697843196689 -2.939638232552285
46.991 -0.9828394860147751 -2.9344452313973024
47.034 -0.9832855311259124 -2.925856806410215
47.052 -0.9834722476840629 -2.9222616517644573
47.082 -0.9837834419476471 -2.916269727354861
47.109 -0.9840635167848729 -2.9108769953862246
47.135 -0.9843332184799791 -2.905683994231242
47.167 -0.9846651590278023 -2.899292608194339
47.197 -0.9849763532913864 -2.8933006837847426
47.239 -0.9854120252604043 -2.8849119896113096
47.258 -0.9856091149606743 -2.8811171041518975
47.289 -0.9859306823663779 -2.8749254489286487
47.334 -0.9863974737617542 -2.8659375623142544
47.336 -0.9864182200459931 -2.865538100686949
47.364 -0.9867086680253383 -2.8599456379046595
47.39 -0.9869783697204446 -2.8547526367496756
47.428 -0.9873725491209845 -2.8471628658308545
47.44 -0.9874970268264182 -2.844766096067016
47.467 -0.987777101663644 -2.8393733640983796
47.492 -0.9880364302166308 -2.83438009375705
47.515 -0.9882750124853787 -2.829786285043026
47.532 -0.9884513559014098 -2.8263908612109225
47.546 -0.9885965798910824 -2.823594629819777
47.58 -0.9889492667231444 -2.8168037821555685
47.604 -0.9891982221340118 -2.8120102426278915
47.634 -0.9895094163975959 -2.806018318218295
47.656 -0.9897376255242243 -2.801624240317925
47.686 -0.9900488197878085 -2.7956323159083287
47.711 -0.9903081483407953 -2.790639045566999
47.735 -0.9905571037516626 -2.785845506039322
47.76 -0.9908164323046494 -2.7808522356979926
47.791 -0.9911379997103531 -2.7746605804747437
47.821 -0.9914491939739374 -2.768668656065148
47.853 -0.9917811345217605 -2.7622772700282447
47.881 -0.9920715825011057 -2.7566848072459553
47.911 -0.9923827767646899 -2.750692882836359
47.945 -0.9927354635967519 -2.7439020351721504
47.973 -0.9930259115760971 -2.738309572389861
48.004 -0.9933474789818008 -2.732117917166612
48.028 -0.9935964343926681 -2.727324377638935
48.044 -0.9937624046665796 -2.724128684620484
48.07 -0.9940321063616859 -2.7189356834655003
48.098 -0.9943225543410311 -2.713343220683211
48.137 -0.9947271068836906 -2.705553718950736
48.158 -0.9949449428681996 -2.7013593718640188
48.186 -0.9952353908475448 -2.6957669090817293
48.215 -0.9955362119690095 -2.689974715485786
48.245 -0.9958474062325937 -2.683982791076191
48.274 -0.9961482273540585 -2.678190597480248
48.303 -0.9964490484755232 -2.672398403884306
48.327 -0.9966980038863905 -2.667604864356629
48.355 -0.9969884518657357 -2.6620124015743394
48.386 -0.9973100192714395 -2.6558207463510892
48.406 -0.9975174821138288 -2.651826130078026
48.436 -0.997828676377413 -2.6458342056684296
48.466 -0.9981398706409972 -2.6398422812588334
48.497 -0.9984614380467008 -2.6336506260355845
48.523 -0.9987311397418073 -2.628457624880601
48.543 -0.9989386025841966 -2.624463008607538
48.573 -0.9992497968477808 -2.6184710841979415
48.604 -0.9995713642534845 -2.6122794289746927
48.617 -0.9997062151010376 -2.6096829283972016
48.632 -0.9998618122328298 -2.6066869661924037
48.652 -1.0000692750752194 -2.602692349919339
48.669 -1.0002456184912503 -2.5992969260872356
48.69 -1.0004634544757591 -2.5951025790005184
48.712 -1.0006916636023875 -2.590708501100147
48.743 -1.001013231008091 -2.584516845876898
48.774 -1.0013347984137946 -2.5783251906536493
48.803 -1.0016356195352594 -2.5725329970577073
48.841 -1.0020297989357994 -2.564943226138885
48.859 -1.00221651549395 -2.561348071493127
48.89 -1.0025380828996535 -2.5551564162698783
48.923 -1.002880396589596 -2.5485652994193226
48.947 -1.0031293520004634 -2.5437717598916456
48.976 -1.0034301731219282 -2.5379795662957036
48.999 -1.003668755390676 -2.5333857575816796
49.028 -1.0039695765121408 -2.5275935639857376
49.048 -1.0041770393545304 -2.523598947712673
49.079 -1.004498606760234 -2.517407292489424
49.111 -1.004830547308057 -2.511015906452523
49.136 -1.0050898758610438 -2.5060226361111915
49.159 -1.0053284581297917 -2.5014288273971688
49.184 -1.0055877866827785 -2.496435557055839
49.204 -1.005795249525168 -2.4924409407827746
49.235 -1.0061168169308716 -2.4862492855595257
49.265 -1.006428011194456 -2.4802573611499295
49.297 -1.006759951742279 -2.4738659751130276
49.333 -1.00713338485858 -2.4666756658215125
49.348 -1.007288981990372 -2.4636797036167146
49.376 -1.0075794299697174 -2.458087240834425
49.406 -1.0078906242333017 -2.452095316424829
49.43 -1.008139579644169 -2.447301776897152
49.459 -1.0084404007656338 -2.4415095833012086
49.491 -1.0087723413134568 -2.435118197264307
49.522 -1.0090939087191604 -2.428926542041058
49.541 -1.0092909984194303 -2.4251316565816476
49.57 -1.009591819540895 -2.4193394629857043
49.603 -1.0099341332308378 -2.4127483461351487
49.644 -1.0103594320577363 -2.404559382775368
49.659 -1.0105150291895284 -2.4015634205705703
49.688 -1.0108158503109932 -2.395771226974627
49.717 -1.0111166714324578 -2.389979033378685
49.746 -1.0114174925539225 -2.3841868397827417
49.775 -1.0117183136753873 -2.3783946461867997
49.802 -1.0119983885126131 -2.3730019142181633
49.834 -1.0123303290604364 -2.36661052818126
49.862 -1.0126207770397817 -2.3610180653989707
49.881 -1.0128178667400516 -2.3572231799395604
49.901 -1.013025329582441 -2.353228563666496
49.924 -1.0132639118511888 -2.348634754952473
49.956 -1.013595852399012 -2.34224336891557
49.983 -1.0138759272362379 -2.336850636946935
50.017 -1.0142286140683001 -2.3300597892827253
50.046 -1.014529435189765 -2.3242675956867833
50.071 -1.0147887637427517 -2.3192743253454537
50.098 -1.0150688385799775 -2.3138815933768173
50.122 -1.0153177939908449 -2.3090880538491403
50.137 -1.015473391122637 -2.3060920916443424
50.174 -1.0158571973810575 -2.2987020515391743
50.208 -1.0162098842131195 -2.2919112038749656
50.243 -1.016572944187301 -2.284920625397103
50.272 -1.0168737653087658 -2.279128431801161
50.302 -1.0171849595723501 -2.273136507391565
50.334 -1.0175169001201734 -2.2667451213546617
50.362 -1.0178073480995187 -2.2611526585723722
50.385 -1.0180459303682665 -2.2565588498583495
50.405 -1.018253393210656 -2.252564233585285
50.432 -1.018533468047882 -2.2471715016166485
50.462 -1.0188446623114662 -2.241179577207052
50.492 -1.0191558565750503 -2.2351876527974572
50.523 -1.0194774239807538 -2.228995997574207
50.553 -1.0197886182443379 -2.223004073164612
50.583 -1.0200998125079221 -2.217012148755016
50.612 -1.020400633629387 -2.2112199551590725
50.641 -1.0207014547508517 -2.2054277615631306
50.671 -1.021012649014436 -2.1994358371535343
50.7 -1.0213134701359008 -2.193643643557591
50.731 -1.0216350375416043 -2.187451988334342
50.763 -1.0219669780894274 -2.1810606022974404
50.781 -1.022153694647578 -2.1774654476516826
50.793 -1.0222781723530117 -2.175068677887844
50.823 -1.0225893666165957 -2.1690767534782482
50.844 -1.0228072026011046 -2.164882406391531
50.869 -1.0230665311540914 -2.1598891360502015
50.895 -1.0233362328491977 -2.1546961348952176
50.92 -1.0235955614021846 -2.149702864553888
50.942 -1.023823770528813 -2.145308786653518
50.966 -1.0240727259396802 -2.140515247125841
50.991 -1.024332054492667 -2.1355219767845113
51.021 -1.0246432487562511 -2.1295300523749154
51.052 -1.0249648161619547 -2.1233383971516666
51.08 -1.0252552641413 -2.117745934369377
51.106 -1.0255249658364065 -2.1125529332143933
51.136 -1.0258361600999908 -2.106561008804797
51.166 -1.0261473543635748 -2.100569084395202
51.195 -1.0264481754850396 -2.0947768907992588
51.227 -1.026780116032863 -2.088385504762357
51.254 -1.0270601908700887 -2.0829927727937205
51.283 -1.0273610119915535 -2.0772005791977772
51.313 -1.0276722062551376 -2.071208654788181
51.339 -1.0279419079502439 -2.0660156536331984
51.372 -1.0282842216401864 -2.0594245367826427
51.399 -1.0285642964774122 -2.0540318048140063
51.427 -1.0288547444567575 -2.0484393420317173
51.462 -1.029217804430939 -2.0414487635538547
51.486 -1.0294667598418064 -2.036655224026179
51.518 -1.0297987003896296 -2.030263837989276
51.548 -1.030109894653214 -2.0242719135796796
51.573 -1.0303692232062007 -2.01927864323835
51.602 -1.0306700443276655 -2.013486449642408
51.631 -1.0309708654491303 -2.007694256046465
51.672 -1.0313961642760288 -1.9995052926866843
51.689 -1.0315725076920599 -1.9961098688545793
51.716 -1.0318525825292857 -1.9907171368859427
51.735 -1.0320496722295556 -1.9869222514265321
51.765 -1.0323608664931399 -1.9809303270169358
51.795 -1.0326720607567241 -1.9749384026073395
51.823 -1.0329625087360692 -1.9693459398250501
51.853 -1.0332737029996535 -1.9633540154154538
51.882 -1.0335745241211183 -1.9575618218195119
51.891 -1.0336678824001935 -1.955764244496633
51.915 -1.0339168378110608 -1.950970704968956
51.947 -1.034248778358884 -1.9445793189320528
51.996 -1.0347570623227382 -1.9347925090630462
52.025 -1.035057883444203 -1.929000315467104
52.059 -1.035410570276265 -1.9222094678028954
52.091 -1.0357425108240883 -1.9158180817659922
52.12 -1.0360433319455529 -1.91002588817005
52.149 -1.0363441530670177 -1.9042336945741065
52.179 -1.036655347330602 -1.8982417701645102
52.208 -1.0369561684520665 -1.892449576568568
52.237 -1.0372569895735313 -1.8866573829726245
52.265 -1.0375474375528766 -1.881064920190335
52.297 -1.0378793781006996 -1.8746735341534335
52.308 -1.0379934826640138 -1.8724764952032478
52.335 -1.0382735575012396 -1.8670837632346111
52.365 -1.038584751764824 -1.8610918388250148
52.39 -1.0388440803178107 -1.856098568483685
52.411 -1.0390619163023196 -1.8519042213969676
52.438 -1.0393419911395454 -1.846511489428331
52.463 -1.0396013196925322 -1.8415182190870012
52.495 -1.0399332602403553 -1.8351268330500996
52.523 -1.0402237082197006 -1.8295343702678089
52.553 -1.0405349024832846 -1.8235424458582141
52.582 -1.0408357236047494 -1.8177502522622706
52.61 -1.0411261715840947 -1.8121577894799812
52.643 -1.0414684852740372 -1.8055666726294253
52.668 -1.041727813827024 -1.8005734022880955
52.694 -1.0419975155221304 -1.7953804011331116
52.724 -1.0423087097857147 -1.7893884767235169
52.755 -1.0426302771914184 -1.7831968215002665
52.779 -1.0428792326022858 -1.7784032819725895
52.798 -1.0430763223025556 -1.774608396513179
52.826 -1.043366770281901 -1.7690159337308895
52.852 -1.0436364719770073 -1.7638229325759072
52.877 -1.043895800529994 -1.758829662234576
52.907 -1.0442069947935781 -1.752837737824981
52.933 -1.0444766964886845 -1.7476447366699972
52.958 -1.0447360250416713 -1.7426514663286674
52.982 -1.0449849804525386 -1.7378579268009904
53.008 -1.045254682147645 -1.7326649256460065
53.039 -1.0455762495533485 -1.7264732704227574
53.064 -1.0458355781063353 -1.7214800000814277
53.085 -1.0460534140908442 -1.7172856529947103
53.114 -1.046354235212309 -1.711493459398768
53.139 -1.0466135637652958 -1.706500189057437
53.169 -1.0469247580288799 -1.7005082646478422
53.197 -1.0472152060082252 -1.6949158018655515
53.229 -1.0475471465560484 -1.6885244158286499
53.264 -1.04791020653023 -1.681533837350787
53.285 -1.0481280425147388 -1.6773394902640713
53.314 -1.0484288636362036 -1.6715472966681277
53.346 -1.0487608041840266 -1.6651559106312261
53.368 -1.048989013310655 -1.6607618327308546
53.384 -1.0491549835845666 -1.6575661397124037
53.405 -1.0493728195690757 -1.6533717926256863
53.427 -1.049601028695704 -1.6489777147253162
53.439 -1.0497255064011377 -1.6465809449614777
53.466 -1.0500055812383635 -1.641188212992841
53.495 -1.0503064023598283 -1.635396019396899
53.532 -1.0506902086182488 -1.628005979291731
53.551 -1.050887298318519 -1.624211093832319
53.581 -1.0511984925821032 -1.6182191694227228
53.608 -1.0514785674193288 -1.6128264374540875
53.64 -1.051810507967152 -1.6064350514171843
53.666 -1.0520802096622583 -1.601242050262202
53.694 -1.0523706576416036 -1.5956495874799113
53.724 -1.052681851905188 -1.5896576630703165
53.757 -1.0530241655951305 -1.5830665462197606
53.778 -1.0532420015796393 -1.5788721991330432
53.797 -1.0534390912799092 -1.5750773136736327
53.827 -1.0537502855434935 -1.5690853892640364
53.85 -1.0539888678122413 -1.5644915805500121
53.872 -1.0542170769388697 -1.560097502649642
53.896 -1.054466032349737 -1.555303963121965
53.918 -1.0546942414763656 -1.5509098852215948
53.933 -1.0548498386081577 -1.5479139230167966
53.963 -1.055161032871742 -1.5419219986072004
53.992 -1.0554618539932068 -1.5361298050112584
54.017 -1.0557211825461936 -1.5311365346699273
54.051 -1.0560738693782556 -1.5243456870057186
54.078 -1.0563539442154815 -1.518952955037082
54.105 -1.056634019052707 -1.5135602230684466
54.138 -1.0569763327426496 -1.5069691062178907
54.164 -1.0572460344377559 -1.5017761050629068
54.188 -1.0574949898486232 -1.4969825655352298
54.218 -1.0578061841122075 -1.4909906411256335
54.249 -1.058127751517911 -1.4847989859023845
54.278 -1.0584285726393758 -1.4790067923064425
54.307 -1.0587293937608406 -1.473214598710499
54.339 -1.0590613343086637 -1.4668232126735974
54.37 -1.0593829017143672 -1.4606315574503483
54.398 -1.0596733496937125 -1.4550390946680576
54.429 -1.0599949170994163 -1.4488474394448085
54.458 -1.060295738220881 -1.4430552458488666
54.488 -1.0606069324844654 -1.4370633214392703
54.519 -1.060928499890169 -1.4308716662160212
54.548 -1.0612293210116337 -1.4250794726200777
54.577 -1.0615301421330985 -1.4192872790241358
54.605 -1.0618205901124436 -1.4136948162418463
54.632 -1.0621006649496694 -1.4083020842732097
54.654 -1.0623288740762977 -1.4039080063728382
54.679 -1.0625882026292846 -1.3989147360315084
54.707 -1.0628786506086296 -1.393322273249219
54.733 -1.063148352303736 -1.3881292720942366
54.754 -1.0633661882882448 -1.3839349250075192
54.783 -1.0636670094097096 -1.3781427314115757
54.814 -1.0639885768154131 -1.3719510761883267
54.846000000000004 -1.0643205173632364 -1.3655596901514235
54.874 -1.0646109653425817 -1.3599672273691341
54.904 -1.064922159606166 -1.353975302959538
54.931 -1.0652022344433918 -1.348582570990903
54.965 -1.065554921275454 -1.341791723326693
54.982 -1.065731264691485 -1.3383962994945893
55.002 -1.0659387275338745 -1.3344016832215246
55.031 -1.0662395486553393 -1.3286094896255827
55.056 -1.0664988772083261 -1.3236162192842529
55.072 -1.0666648474822378 -1.3204205262658006
55.091 -1.0668619371825077 -1.31662564080639
55.106 -1.0670175343142998 -1.313629678601592
55.132 -1.0672872360094061 -1.3084366774466096
55.14 -1.0673702211463618 -1.3068388309373835
55.145 -1.0674220868569593 -1.305840176869117
55.187 -1.067857758825977 -1.2974514826956838
55.224 -1.0682415650843975 -1.2900614425905157
55.25 -1.0685112667795038 -1.2848684414355318
55.283 -1.0688535804694463 -1.278277324584976
55.301 -1.0690402970275967 -1.2746821699392181
55.319 -1.0692270135857473 -1.2710870152934604
55.344 -1.0694863421387342 -1.2660937449521306
55.366 -1.0697145512653625 -1.2616996670517604
55.397 -1.070036118671066 -1.2555080118285113
55.418 -1.0702539546555752 -1.251313664741794
55.454 -1.0706273877718762 -1.2441233554502784
55.482 -1.0709178357512215 -1.238530892667989
55.512 -1.0712290300148057 -1.2325389682583927
55.544 -1.0715609705626288 -1.2261475822214911
55.572 -1.071851418541974 -1.2205551194392004
55.602 -1.0721626128055584 -1.2145631950296054
55.631 -1.0724634339270231 -1.208771001433662
55.659 -1.0727538819063684 -1.2031785386513725
55.684 -1.0730132104593553 -1.1981852683100427
55.715 -1.073334777865059 -1.1919936130867923
55.731 -1.0735007481389707 -1.1887979200683414
55.762 -1.0738223155446742 -1.1826062648450923
55.783 -1.074040151529183 -1.178411917758375
55.812 -1.0743409726506477 -1.1726197241624328
55.833 -1.0745588086351565 -1.1684253770757154
55.858 -1.0748181371881433 -1.1634321067343856
55.886 -1.0751085851674886 -1.1578396439520948
55.914 -1.075399033146834 -1.1522471811698054
55.947 -1.0757413468367765 -1.1456560643192495
55.974 -1.0760214216740023 -1.1402633323506144
55.999 -1.076280750226989 -1.1352700620092833
56.011 -1.0764052279324228 -1.1328732922454448
56.038 -1.0766853027696486 -1.1274805602768097
56.073 -1.07704836274383 -1.1204899817989469
56.09 -1.0772247061598612 -1.1170945579668419
56.12 -1.0775359004234453 -1.111102633557247
56.144 -1.0777848558343126 -1.10630909402957
56.178 -1.0781375426663746 -1.0995182463653612
56.202 -1.078386498077242 -1.0947247068376842
56.232 -1.0786976923408262 -1.088732782428088
56.262 -1.0790088866044105 -1.0827408580184916
56.29 -1.0792993345837558 -1.0771483952362022
56.316 -1.0795690362788621 -1.0719553940812183
56.344 -1.0798594842582074 -1.066362931298929
56.366 -1.0800876933848358 -1.0619688533985587
56.391 -1.0803470219378226 -1.056975583057229
56.413 -1.080575231064451 -1.0525815051568588
56.442 -1.0808760521859158 -1.0467893115609153
56.461 -1.0810731418861856 -1.0429944261015047
56.483 -1.081301351012814 -1.0386003482011346
56.503 -1.0815088138552036 -1.03460573192807
56.53 -1.0817888886924294 -1.0292129999594333
56.559 -1.0820897098138942 -1.0234208063634913
56.586 -1.08236978465112 -1.0180280743948547
56.617 -1.0826913520568235 -1.0118364191716056
56.646 -1.0829921731782883 -1.006044225575662
56.679 -1.0833344868682309 -0.9994531087251063
56.7 -1.0835523228527397 -0.9952587616383889
56.712 -1.0836768005581734 -0.9928619918745504
56.721000000000004 -1.0837701588372486 -0.9910644145516715
56.738 -1.0839465022532795 -0.9876689907195679
56.765 -1.0842265770905053 -0.9822762587509314
56.78 -1.0843821742222974 -0.9792802965461332
56.806 -1.0846518759174038 -0.9740872953911508
56.839 -1.0849941896073463 -0.967496178540595
56.854 -1.0851497867391384 -0.9645002163357969
56.883 -1.0854506078606032 -0.9587080227398533
56.905 -1.0856788169872316 -0.9543139448394833
56.937 -1.0860107575350546 -0.9479225588025816
56.958 -1.0862285935195635 -0.9437282117158642
56.981 -1.0864671757883113 -0.9391344030018399
57.0 -1.0866642654885812 -0.9353395175424295
57.028 -1.0869547134679265 -0.9297470547601402
57.053 -1.0872140420209133 -0.9247537844188105
57.072 -1.0874111317211834 -0.9209588989593986
57.104 -1.0877430722690067 -0.9145675129224969
57.127 -1.0879816545377545 -0.9099737042084727
57.149 -1.0882098636643829 -0.9055796263081026
57.167 -1.0883965802225335 -0.9019844716623449
57.188 -1.0886144162070424 -0.8977901245756275
57.205 -1.0887907596230733 -0.8943947007435239
57.226 -1.0890085956075821 -0.8902003536568065
57.242 -1.0891745658814938 -0.8870046606383557
57.275 -1.0895168795714363 -0.8804135437877999
57.305 -1.0898280738350206 -0.8744216193782037
57.333 -1.0901185218143659 -0.8688291565959144
57.359 -1.0903882235094722 -0.8636361554409305
57.387 -1.0906786714888175 -0.8580436926586412
57.416 -1.0909794926102823 -0.8522514990626993
57.433 -1.0911558360263134 -0.8488560752305943
57.469 -1.0915292691426144 -0.8416657659390788
57.496 -1.0918093439798402 -0.8362730339704423
57.524 -1.0920997919591855 -0.8306805711881529
57.56 -1.0924732250754865 -0.8234902618966374
57.582 -1.0927014342021149 -0.8190961839962674
57.602 -1.0929088970445044 -0.8151015677232042
57.625 -1.0931474793132523 -0.8105077590091799
57.652 -1.093427554150478 -0.8051150270405434
57.672 -1.0936350169928675 -0.8011204107674802
57.683 -1.0937491215561816 -0.7989233718172944
57.703 -1.0939565843985712 -0.7949287555442298
57.732 -1.094257405520036 -0.7891365619482877
57.771 -1.0946619580626955 -0.7813470602158127
57.787 -1.0948279283366071 -0.7781513671973619
57.884 -1.095834123122196 -0.7587774782730013
57.986 -1.0968921836183823 -0.7384049352803757
58.084 -1.0979087515460906 -0.7188313155423609
58.181 -1.0989149463316794 -0.6994574266180017
58.281 -1.0999522605436267 -0.6794843452526814
58.379 -1.1008671716785643 -0.6618680874884695
58.468 -1.1016057393974708 -0.6476472535563608
58.553 -1.1022229413535793 -0.6357632701439963
58.645 -1.1027955387985744 -0.6247381292303389
58.725 -1.1032104644833534 -0.6167488966842111
58.816 -1.1035880468565022 -0.6094786950672345
58.902 -1.1038556739231846 -0.604325640074982
58.989 -1.1040361665960634 -0.6008503239174164
59.074 -1.1041243383040789 -0.5991526120013643
59.17 -1.1041243383040789 -0.5991526120013643
59.269 -1.1041243383040789 -0.5991526120013643
59.331 -1.1041243383040789 -0.5991526120013643
59.416 -1.1041243383040789 -0.5991526120013643
59.51 -1.1041243383040789 -0.5991526120013643
59.612 -1.1041243383040789 -0.5991526120013643
59.685 -1.1041243383040789 -0.5991526120013643
59.745 -1.1041243383040789 -0.5991526120013643
59.781 -1.1041243383040789 -0.5991526120013643
59.809 -1.1041243383040789 -0.5991526120013643
59.905 -1.1041243383040789 -0.5991526120013643
59.998 -1.1041243383040789 -0.5991526120013643
60.077 -1.1041243383040789 -0.5991526120013643
60.151 -1.1041243383040789 -0.5991526120013643
60.229 -1.1041243383040789 -0.5991526120013643
60.312 -1.1041243383040789 -0.5991526120013643
60.4 -1.1041243383040789 -0.5991526120013643
60.49 -1.1041243383040789 -0.5991526120013643
60.548 -1.1041243383040789 -0.5991526120013643
60.638 -1.1028800716115943 -0.5978521299042643
60.701 -1.1010751740973423 -0.5960936052649733
60.781 -1.0975559144703877 -0.5928296037669164
60.872 -1.0921150575973901 -0.5879928679284394
60.961 -1.0853838812526764 -0.5821704335436024
60.983 -1.0833795452740003 -0.5804522259645877
61.007 -1.0808285722102304 -0.5782654163185686
61.026 -1.0785205489620573 -0.5762868742578843
61.042 -1.0763340006216835 -0.5744124659898683
61.072 -1.0717786915792376 -0.5705074487648343
61.103 -1.0670715389020435 -0.5664722642989661
61.134 -1.0623643862248497 -0.562437079833098
61.161 -1.0582646080866482 -0.5589225643305674
61.187 -1.0543166735831957 -0.5555382160688719
61.217 -1.0497613645407495 -0.5516331988438379
61.249 -1.0449023682288068 -0.5474678471371346
61.287 -1.0391323101083758 -0.5425214919854254
61.306 -1.0362472810481604 -0.5400483144095709
61.34 -1.0310845974667209 -0.5356226282211984
61.365 -1.0272885065980162 -0.532368447200337
61.394 -1.022885041190319 -0.5285935972161381
61.424 -1.018329732147873 -0.5246885799911041
61.454 -1.013774423105427 -0.5207835627660701
61.484 -1.0092191140629811 -0.5168785455410361
61.516 -1.0043601177510393 -0.5127131938343337
61.544 -1.00010849597809 -0.509068511090969
61.571 -0.9960087178398885 -0.5055539955884384
61.6 -0.9916052524321903 -0.5017791456042385
61.63 -0.9870499433897443 -0.49787412837920453
61.658 -0.982798321616795 -0.49422944563583976
61.683 -0.9790022307480903 -0.4909752646149784
61.695 -0.9771801071311119 -0.4894132577249648
61.706 -0.9755098271488813 -0.4879814180757853
61.735 -0.9711063617411843 -0.4842065680915864
61.764 -0.966702896333486 -0.48043171810738655
61.794 -0.9621475872910411 -0.4765267008823535
61.817 -0.9586551836918321 -0.47353285434316045
61.843 -0.9547072491883786 -0.470148506081464
61.871 -0.9504556274154293 -0.46650382333809925
61.896 -0.9466595365467246 -0.4632496423172379
61.922 -0.9427116020432722 -0.4598652940555424
61.952 -0.9381562930008261 -0.4559602768305084
61.977 -0.9343602021321215 -0.45270609580964705
62.008 -0.9296530494549265 -0.44867091134377796
62.037 -0.9252495840472295 -0.44489606135957904
62.066 -0.9208461186395313 -0.4411212113753792
62.093 -0.9167463405013299 -0.43760669587284856
62.101 -0.915531591423345 -0.43656535794617346
62.124 -0.912039187824136 -0.4335715114069804
62.148 -0.9083949405901791 -0.4304474976269532
62.179 -0.9036877879129852 -0.4264123131610851
62.203 -0.9000435406790284 -0.4232882993810579
62.229 -0.8960956061755758 -0.41990395111936235
62.258 -0.8916921407678776 -0.4161291011351625
62.288 -0.8871368317254327 -0.41222408391012944
62.316 -0.8828852099524823 -0.4085794011667637
62.346 -0.8783299009100374 -0.40467438394173066
62.371 -0.8745338100413317 -0.4014202029208684
62.402 -0.8698266573641378 -0.39738501845500024
62.425 -0.8663342537649299 -0.39439117191580814
62.455 -0.8617789447224838 -0.39048615469077413
62.477 -0.8584383847580238 -0.3876224753924162
62.506 -0.8540349193503256 -0.3838476254082163
62.535 -0.8496314539426285 -0.3800727754240174
62.566 -0.8449243012654336 -0.3760375909581483
62.597 -0.8402171485882397 -0.37200240649228017
62.62 -0.8367247449890318 -0.36900855995308807
62.644 -0.833080497755075 -0.3658845461730609
62.676 -0.8282215014431322 -0.36171919446635764
62.704 -0.823969879670183 -0.35807451172299287
62.727 -0.8204774760709751 -0.35508066518380077
62.746 -0.8175924470107586 -0.3526074876079453
62.754 -0.8163776979327737 -0.3515661496812702
62.776 -0.8130371379683126 -0.3487024703829113
62.808 -0.8081781416563709 -0.34453711867620895
62.837 -0.8037746762486727 -0.3407622686920091
62.865 -0.7995230544757235 -0.3371175859486443
62.893 -0.7952714327027742 -0.33347290320527956
62.924 -0.7905642800255803 -0.3294377187394114
62.949 -0.7867681891568756 -0.3261835377185501
62.975 -0.7828202546534221 -0.32279918945685365
63.006 -0.7781131019762282 -0.3187640049909855
63.034 -0.7738614802032789 -0.31511932224762074
63.065 -0.769154327526085 -0.3110841377817526
63.093 -0.7649027057531347 -0.3074394550383869
63.124 -0.7601955530759408 -0.30340427057251873
63.152 -0.7559439313029915 -0.29975958782915396
63.183 -0.7512367786257976 -0.2957244033632858
63.212 -0.7468333132180994 -0.29194955337908596
63.24 -0.7425816914451502 -0.2883048706357212
63.27 -0.7380263824027041 -0.2843998534106872
63.299 -0.733622916995007 -0.2806250034264883
63.328 -0.7292194515873088 -0.27685015344228847
63.354 -0.7252715170838563 -0.27346580518059294
63.384 -0.7207162080414102 -0.26956078795555893
63.413 -0.7163127426337131 -0.26578593797136
63.441 -0.7120611208607628 -0.26214125522799436
63.471 -0.7075058118183178 -0.2582362380029613
63.508 -0.7018875973326337 -0.2534200500920854
63.531 -0.6983951937334258 -0.2504262035528933
63.563 -0.6935361974214831 -0.24626085184619007
63.588 -0.6897401065527784 -0.2430066708253287
63.617 -0.6853366411450813 -0.2392318208411298
63.641 -0.6816923939111245 -0.2361078070611026
63.671 -0.6771370848686784 -0.2322027898360686
63.702 -0.6724299321914845 -0.22816760537020045
63.733 -0.6677227795142906 -0.2241324209043323
63.762 -0.6633193141065924 -0.22035757092013247
63.786 -0.6596750668726356 -0.21723355714010528
63.815 -0.6552716014649385 -0.21345870715590637
63.842 -0.6511718233267371 -0.20994419165337577
63.871 -0.6467683579190389 -0.20616934166917594
63.908 -0.6411501434333557 -0.20135315375830098
63.929 -0.6379614271036436 -0.19861964170077717
63.96 -0.6332542744264497 -0.19458445723490903
63.987 -0.6291544962882483 -0.19106994173237843
64.018 -0.6244473436110544 -0.18703475726651025
64.045 -0.620347565472853 -0.18352024176397966
64.071 -0.6163996309694004 -0.18013589350228415
64.101 -0.6118443219269544 -0.17623087627725015
64.131 -0.6072890128845083 -0.17232585905221615
64.161 -0.6027337038420623 -0.16842084182718214
64.188 -0.5986339257038609 -0.16490632632465155
64.209 -0.5954452093741487 -0.16217281426712776
64.24 -0.5907380566969559 -0.15813762980126053
64.271 -0.586030904019761 -0.15410244533539144
64.301 -0.5814755949773149 -0.15019742811035744
64.328 -0.5773758168391135 -0.14668291260782684
64.351 -0.5738834132399057 -0.1436890660686347
64.369 -0.571150227814438 -0.1413460557336143
64.403 -0.5659875442329986 -0.1369203695452418
64.433 -0.5614322351905525 -0.1330153523202078
64.467 -0.5562695516091152 -0.12858966613183717
64.495 -0.5520179298361648 -0.12494498338847149
64.52 -0.5482218389674612 -0.12169080236761104
64.558 -0.5424517808470282 -0.11674444721590008
64.58 -0.5391112208825692 -0.11388076791754304
64.605 -0.5353151300138634 -0.11062658689668074
64.632 -0.531215351875662 -0.10711207139415015
64.662 -0.526660042833216 -0.10320705416911614
64.69 -0.5224084210602679 -0.0995623714257523
64.708 -0.5196752356348002 -0.09721936109073191
64.729 -0.516486519305088 -0.09448584903320811
64.752 -0.5129941157058802 -0.091492002494016
64.793 -0.5067685266812025 -0.08615514561980163
64.812 -0.5038834976209882 -0.083681968043948
64.838 -0.4999355631175357 -0.08029761978225247
64.867 -0.4955320977098364 -0.0765227697980517
64.897 -0.4909767886673904 -0.0726177525730177
64.922 -0.48718069779868683 -0.06936357155215725
64.939 -0.48459935600796816 -0.06715072845797193
64.958 -0.4817143269477516 -0.06467755088211645
64.99 -0.4768553306358099 -0.06051219917541413
65.018 -0.4726037088628596 -0.056867516432048446
65.047 -0.4682002434551625 -0.053092666447849525
65.074 -0.4641004653169611 -0.04957815094531892
65.097 -0.4606080617177532 -0.046584304406126806
65.126 -0.45620459631005394 -0.04280945442192604
65.157 -0.45149744363286115 -0.0387742699560588
65.185 -0.4472458218599108 -0.03512958721269312
65.216 -0.442538669182718 -0.031094402746825883
65.24 -0.43889442194876116 -0.02797038896679868
65.268 -0.4346428001758108 -0.024325706223432997
65.297 -0.4302393347681137 -0.02055085623923408
65.325 -0.42598771299516336 -0.016906173495868395
65.364 -0.42006581123998354 -0.011829651103324193
65.386 -0.41672525127552457 -0.008965971804967159
65.409 -0.4132328476763145 -0.005972125265773191
65.44 -0.4085256949991217 -0.0019369407999059556
65.464 -0.4048814477651649 0.0011870729801212458
65.488 -0.40123720053120804 0.004311086760148447
65.507 -0.3983521714709915 0.006784264336003931
65.528 -0.39516345514127926 0.009517776393527733
65.546 -0.39243026971581163 0.011860786728548135
65.572 -0.38848233521235914 0.015245134990243653
65.595 -0.38498993161315126 0.01823898152943577
65.616 -0.381801215283439 0.020972493586959573
65.627 -0.38013093530120956 0.02240433323613809
65.652 -0.3763348444325038 0.025658514257000376
65.683 -0.37162769175530885 0.029693698722869463
65.711 -0.3673760699823607 0.0333383814662333
65.74 -0.3629726045746636 0.03711323145043222
65.765 -0.3591765137059579 0.04036741247129451
65.796 -0.3544693610287629 0.04440259693716359
65.828 -0.3496103647168212 0.04856794864386591
65.857 -0.3452068993091241 0.05234279862806483
65.885 -0.3409552775361738 0.05598748137143052
65.915 -0.3363999684937277 0.05989249859646452
65.946 -0.3316928158165349 0.06392768306233175
65.971 -0.3278967249478292 0.06718186408319403
66.001 -0.3233414159053832 0.07108688130822803
66.027 -0.3193934814019307 0.07447122956992355
66.058 -0.31468632872473573 0.07850641403579264
66.094 -0.3092199578738027 0.0831924347058316
66.115 -0.30603124154409045 0.0859259467633554
66.144 -0.3016277761363912 0.08970079674755617
66.178 -0.2964650925549538 0.0941264829359268
66.189 -0.29479481257272433 0.09555832258510533
66.216 -0.29069503443452294 0.09907283808763592
66.243 -0.28659525629632154 0.10258735359016652
66.271 -0.2823436345233712 0.1062320363335322
66.3 -0.2779401691156741 0.11000688631773112
66.321 -0.27475145278596186 0.11274039837525492
66.345 -0.271107205552005 0.11586441215528212
66.366 -0.2679184892222928 0.11859792421280592
66.403 -0.2623002747366086 0.12341411212368181
66.424 -0.25911155840689637 0.12614762418120562
66.453 -0.2547080929991993 0.12992247416540453
66.483 -0.2501527839567533 0.13382749139043854
66.512 -0.24574931854905618 0.13760234137463745
66.545 -0.24073847860236555 0.14189786032217486
66.57 -0.23694238773366197 0.1451520413430353
66.601 -0.232235235056467 0.1491872258089044
66.629 -0.22798361328351668 0.15283190855227008
66.657 -0.2237319915105685 0.1564765912956339
66.687 -0.21917668246812247 0.1603816085206679
66.716 -0.21477321706042538 0.16415645850486682
66.745 -0.21036975165272612 0.1679313084890676
66.774 -0.20596628624502902 0.1717061584732665
66.804 -0.20141097720258302 0.1756111756983005
66.833 -0.19700751179488593 0.17938602568249942
66.862 -0.19260404638718884 0.18316087566669834
66.892 -0.1880487373447428 0.18706589289173234
66.921 -0.18364527193704355 0.1908407428759331
66.951 -0.1790899628945997 0.19474576010096525
66.981 -0.17453465385215367 0.19865077732599926
67.006 -0.17073856298344792 0.20190495834686156
67.025 -0.16785353392323138 0.20437813592271706
67.049 -0.16420928668927456 0.20750214970274425
67.079 -0.1596539776468307 0.2114071669277764
67.106 -0.15555419950862928 0.214921682430307
67.134 -0.15130257773567896 0.21856636517367267
67.163 -0.14689911232798186 0.22234121515787159
67.193 -0.14234380328553584 0.2262462323829056
67.224 -0.1376366506083409 0.23028141684877465
67.254 -0.13308134156589488 0.23418643407380865
67.283 -0.12867787615819778 0.23796128405800757
67.313 -0.12412256711575176 0.24186630128304157
67.342 -0.11971910170805466 0.24564115126724048
67.368 -0.11577116720460216 0.249025499528936
67.396 -0.11151954543165182 0.25267018227230165
67.433 -0.10590133094596768 0.2574863701831775
67.455 -0.1025607709815087 0.2603500494815345
67.485 -0.09800546193906268 0.2642550667065685
67.512 -0.09390568380086126 0.26776958220909913
67.538 -0.08995774929740875 0.27115393047079467
67.563 -0.08616165842870302 0.27440811149165695
67.591 -0.08191003665575484 0.2780527942350208
67.62 -0.07750657124805559 0.2818276442192215
67.649 -0.07310310584035848 0.28560249420342043
67.679 -0.06854779679791245 0.28950751142845443
67.709 -0.06399248775546644 0.29341252865348844
67.74 -0.05928533507827366 0.2974477131193557
67.768 -0.05503371330532332 0.3010923958627214
67.789 -0.0518449969756111 0.3038259079202452
67.8 -0.050174716993381614 0.30525774756942375
67.823 -0.04668231339417372 0.30825159410861586
67.853 -0.0421270043517277 0.31215661133364986
67.883 -0.03757169530928168 0.31606162855868386
67.914 -0.03286454263208674 0.32009681302455295
67.942 -0.02861292085913856 0.3237414957679168
67.965 -0.025120517259928504 0.32673534230711077
67.994 -0.020717051852231404 0.3305101922913097
68.02 -0.016769117348778905 0.3338945405530052
68.048 -0.012517495575828567 0.33753922329637087
68.078 -0.007962186533382546 0.3414442405214049
68.1 -0.00462162656892357 0.3443079198197619
68.122 -0.0012810666044624358 0.3471715991181208
68.148 0.002666867898990063 0.3505559473798163
68.174 0.006614802402444719 0.3539402956415137
68.202 0.0108664241753929 0.3575849783848775
68.23 0.015118045948343237 0.3612296611282432
68.259 0.019521511356040338 0.3650045111124421
68.287 0.023773133128990674 0.36864919385580774
68.315 0.028024754901938852 0.37229387659917157
68.345 0.032580063944384875 0.37619889382420557
68.375 0.037135372986830895 0.3801039110492396
68.403 0.041386994759781234 0.3837485937926053
68.434 0.046094147436974015 0.38778377825847254
68.45 0.048523645592945946 0.38986645411182463
68.478 0.05277526736589413 0.39351113685518846
68.509 0.05748242004308907 0.39754632132105755
68.54 0.06218957272028401 0.40158150578692664
68.57 0.06674488176272787 0.4054865230119588
68.597 0.0708446599009293 0.40900103851448943
68.627 0.07539996894337532 0.41290605573952344
68.657 0.07995527798582135 0.41681107296455744
68.684 0.08405505612402277 0.42032558846708806
68.718 0.0892177397054623 0.42475127465546053
68.742 0.09286198693941912 0.4278752884354877
68.773 0.0975691396166119 0.431910472901355
68.805 0.10242813592855576 0.43607582460805916
68.835 0.10698344497099962 0.43998084183309133
68.861 0.11093137947445428 0.4433651900947887
68.891 0.1154866885169003 0.4472702073198227
68.921 0.12004199755934632 0.4511752245448567
68.95 0.12444546296704342 0.4549500745290556
68.985 0.12975999018322973 0.45950592795826134
69.003 0.13249317560869733 0.4618489382932817
69.034 0.13720032828589226 0.4658841227591508
69.064 0.14175563732833613 0.469789139984183
69.11 0.14874044452675408 0.47577683306256907
69.133 0.15223284812596197 0.4787706796017612
69.156 0.15572525172517201 0.48176452614095516
69.185 0.1601287171328691 0.4855393761251541
69.214 0.1645321825405662 0.489314226109353
69.243 0.1689356479482633 0.4930890760935519
69.272 0.17333911335596255 0.49686392607775265
69.303 0.17804626603315535 0.5008991105436199
69.333 0.18260157507560137 0.5048041277686539
69.362 0.18700504048329847 0.5085789777528529
69.388 0.19095297498675312 0.5119633260145503
69.422 0.1961156585681905 0.5163890122029209
69.447 0.19991174943689624 0.5196431932237832
69.474 0.20401152757509766 0.5231577087263137
69.506 0.20887052388703936 0.527323060433016
69.533 0.21297030202524078 0.5308375759355466
69.559 0.21691823652869327 0.5342219241972421
69.652 0.23103969456027595 0.5463274775948475
69.747 0.2454648398613543 0.5586933654741212
69.84 0.25958629789293697 0.5707989188717266
69.926 0.2726448504812815 0.5819933015834902
69.993 0.2828183740094095 0.5907145067193982
70.097 0.29703093822184046 0.6028981604615037
70.176 0.30662745593792734 0.6111247300822424
70.277 0.31736280091462465 0.6203275540092388
70.376 0.32638231281866775 0.628059488114806
70.469 0.333443041834458 0.6341122648136078
70.568 0.33945604977048677 0.6392668875506526
70.66 0.3436469340895369 0.6428595033976837
70.754 0.3465015944228032 0.6453066475253718
70.853 0.3480048464068102 0.6465953032096329
70.944 0.3480048464068102 0.6465953032096329
71.025 0.3480048464068102 0.6465953032096329
71.132 0.3480048464068102 0.6465953032096329
71.229 0.3480048464068102 0.6465953032096329
71.312 0.3480048464068102 0.6465953032096329
71.393 0.3480048464068102 0.6465953032096329
71.478 0.3480048464068102 0.6465953032096329
71.567 0.3480048464068102 0.6465953032096329
71.664 0.3480048464068102 0.6465953032096329
71.685 0.3480048464068102 0.6465953032096329
