2.1 0.9999260656039339 -0.49999999906813886
2.15 0.9999305550773042 -0.49999999906809633
2.2 0.9999324379573822 -0.49999999906808024
2.25 0.9999317143884956 -0.4999999990680926
2.3 0.9999283843150223 -0.49999999906813475
2.35 0.9999224474798396 -0.49999999906820725
2.4 0.999913903417214 -0.49999999906831083
2.45 0.9999027514401093 -0.49999999906844406
2.5 0.9998889906218987 -0.4999999990686082
2.55 0.9998726197724565 -0.4999999990688039
2.6 0.9998536374086051 -0.4999999990690294
2.65 0.9998320417188877 -0.49999999906928483
2.7 0.9998066042841715 -0.4999999990734167
2.75 0.9997755404464727 -0.4999999990290702
2.8 0.999750061179396 -0.4999999988582223
2.85 0.99975223065901 -0.49999999873103096
2.9 0.9997742095299083 -0.4999999987309953
2.95 0.9997935743618902 -0.49999999873086576
3.0 0.9998103270335386 -0.49999999873069856
3.05 0.9998244690872553 -0.4999999987305268
3.1 0.9998360017652989 -0.49999999873036993
3.15 0.9998449260401877 -0.4999999987302399
3.2 0.9998512426394839 -0.49999999873014506
3.25 0.9998549520649643 -0.4999999987300902
3.3 0.9998560426416871 -0.49999999873007606
3.35 0.9998545503485128 -0.4999999987301074
3.4 0.9998504391754376 -0.49999999873018364
3.45 0.9998437207654928 -0.4999999987303039
3.5 0.9998343945834417 -0.4999999987304696
3.55 0.9998224598659264 -0.4999999987306813
3.6 0.9998079156014976 -0.4999999987309395
3.65 0.9997907605050111 -0.4999999987312429
3.7 0.9997709929863653 -0.49999999873159123
3.75 0.9997486111135507 -0.49999999873198553
3.8 0.9997134743007069 -0.49999999874147993
3.85 0.9996760740577859 -0.4999999986540413
3.9 0.9996463637516023 -0.49999999845076437
3.95 0.9996693063803515 -0.4999999984506738
4.0 0.9996896339571774 -0.4999999984504686
4.05 0.9997073484979608 -0.4999999984502188
4.1 0.9997224516686439 -0.499999998449964
4.15 0.9997349448225357 -0.4999999984497321
4.2 0.99974482903231 -0.49999999844953735
4.25 0.9997521051165655 -0.4999999984493892
4.3 0.999756773660887 -0.49999999844929355
4.35 0.9997588193548321 -0.4999999984492541
4.4 0.9997582893946149 -0.49999999844927123
4.45 0.9997551367021161 -0.4999999984493475
4.5 0.9997493767091415 -0.49999999844948345
4.55 0.9997410089579929 -0.49999999844968
4.6 0.9997300327676969 -0.4999999984499367
4.65 0.9997164472160885 -0.4999999984502541
4.7 0.9997002511162721 -0.4999999984506313
4.75 0.9997024262262647 -0.4999999983042233
4.8 1.0005892822046378 -0.49999999103946385
4.85 1.0011684428116854 -0.4999999853430559
4.9 1.001191035737622 -0.4999999867771827
4.95 1.001219183989892 -0.49999998887244906
5.0 1.0035108206534293 -0.4999999676925847
5.05 1.0069202322952306 -0.49999994187345215
5.1 1.0109365463682438 -0.4999999168731702
5.15 1.0156596841575272 -0.49999989309579773
5.2 1.0206699810960644 -0.4999998723882533
5.25 1.0265969366473402 -0.49999985209866116
5.3 1.0342958719065345 -0.4999998286737641
5.35 1.0437288172053258 -0.4999998006352058
5.4 1.0537247040581696 -0.4999997688071783
5.45 1.0637179814385957 -0.49999973268866765
5.5 1.0737086487810443 -0.4999996902030862
5.55 1.083696705280048 -0.4999996392734047
5.6 1.0936821498701594 -0.4999995778220173
5.65 1.1036649812002608 -0.49999950377062213
5.7 1.113645197602201 -0.4999994150401079
5.75 1.1170696571335441 -0.49999939595341136
5.8 1.117782409269141 -0.49999938753249695
5.85 1.1256226262229352 -0.4999992993757599
5.9 1.1356338316269863 -0.4999992158262208
5.95 1.1456424229201363 -0.49999914016872044
6.0 1.1556484008930106 -0.49999907032547475
6.05 1.1656517660841583 -0.4999990042184578
6.1 1.1756525187924267 -0.4999989397695099
6.15 1.185650659083905 -0.4999988749003511
6.2 1.1956461867933887 -0.49999880753253795
6.25 1.2056391015202899 -0.4999987355873735
6.3 1.2156294026189747 -0.49999865698580886
6.35 1.225617089183461 -0.4999985696483309
6.4 1.2332023010843587 -0.4999985097419382
6.45 1.2348443716260622 -0.4999984834541288
6.5 1.2443679609890907 -0.49999838907563543
6.55 1.2543728327208143 -0.49999829963986836
6.6 1.264375089706377 -0.4999982130575899
6.65 1.2743747321531538 -0.49999812724982795
6.7 1.2843717600267022 -0.49999804013718147
6.75 1.2943661730496125 -0.49999794963987687
6.8 1.304294819542862 -0.4999978584029886
6.85 1.308400111654604 -0.4999978130543166
6.9 1.3184022441688736 -0.4999977163979779
6.95 1.32840176118029 -0.4999976204163103
7.0 1.3383986626013449 -0.4999975230293803
7.05 1.3460038688069647 -0.49999744767686444
7.1 1.3557481112305068 -0.4999973555830149
7.15 1.365748110930198 -0.4999972564782931
7.2 1.3757481104163582 -0.4999971573601551
7.25 1.3857481097733313 -0.49999705822932616
7.3 1.3957481090521444 -0.49999695908624525
7.35 1.4057481082836714 -0.49999685993117887
7.4 1.4157481074865923 -0.4999967607642866
7.45 1.425748106672207 -0.4999966615856669
7.5 1.4357481058473471 -0.49999656239537826
7.55 1.4457481050161543 -0.49999646319345653
7.6 1.4557481041811322 -0.4999963639799225
7.65 1.465748103343791 -0.4999962647547904
7.7 1.4757481025051808 -0.499996165518068
7.75 1.4857481016714391 -0.4999960662699296
7.8 1.4957481008450604 -0.49999596701054777
7.85 1.5057481000232238 -0.49999586773993265
7.9 1.5157480992041257 -0.4999957684580902
7.95 1.5257480983866945 -0.4999956691650223
8.0 1.535748097570269 -0.49999556986073174
8.05 1.545748096754459 -0.49999547054521926
8.1 1.5557480959390209 -0.4999953712184861
8.15 1.5657480951238159 -0.4999952718805311
8.2 1.5757480943087427 -0.4999951725313562
8.25 1.5857480934937558 -0.49999507317095876
8.3 1.5957480926787924 -0.49999497379934077
8.35 1.6057480918638667 -0.4999948744165072
8.4 1.6157480910489472 -0.49999477502245127
8.45 1.6257480902340316 -0.4999946756171732
8.5 1.635748089419153 -0.49999457620067195
8.55 1.6457480886042795 -0.49999447677295283
8.6 1.6557480877894042 -0.4999943773340159
8.65 1.6657480869745331 -0.49999427788386075
8.7 1.6757480861596663 -0.49999417842248794
8.75 1.685748085733257 -0.4999940789511974
8.8 1.6957480857369351 -0.4999939794784217
8.85 1.705748085739126 -0.4999938800056706
8.9 1.71574808574038 -0.49999378053293864
8.95 1.72574808574104 -0.49999368106022113
9.0 1.7357480857413192 -0.49999358158751445
9.05 1.7457480857413472 -0.49999348211481565
9.1 1.7557480857412158 -0.49999338264212395
9.15 1.7657480857409746 -0.4999932831694367
9.2 1.775748085740663 -0.4999931836967542
9.25 1.7857480857402996 -0.49999308422407507
9.3 1.7957480857399029 -0.4999929847513978
9.35 1.8057480857394788 -0.4999928852787219
9.4 1.8157480857390376 -0.4999927858060472
9.45 1.825748085738589 -0.49999268633337457
9.5 1.835748085738125 -0.4999925868607034
9.55 1.8457470857604659 -0.4999924873979557
9.6 1.8549180867139032 -0.49999239617768315
9.65 1.8639150875627368 -0.4999923066993541
9.7 1.8720680885126244 -0.49999222562500373
9.75 1.8800620893639821 -0.4999921461416987
9.8 1.8871980903083088 -0.49999207519825173
9.85 1.8941880911651454 -0.49999200571492336
9.9 1.9003080921030633 -0.4999919448873863
9.95 1.9062930929664283 -0.49999188540899325
10.0 1.9113980938975874 -0.4999918346823904
10.05 1.916383094760911 -0.49999178515430887
10.1 1.9204880956922041 -0.499991744374546
10.15 1.9244220965976553 -0.4999917052982376
10.2 1.9274580974864257 -0.499991675145933
10.25 1.9302870984423237 -0.49999164705240734
10.3 1.9322880992805929 -0.4999916271846464
10.35 1.9338781002497327 -0.49999161139897064
10.4 1.9348781010746954 -0.4999916014728974
10.45 1.9351081015584017 -0.49999159918960745
10.5 1.9351081015584017 -0.49999159918960745
10.55 1.9351081015584017 -0.49999159918960745
10.6 1.9351081015584017 -0.49999159918960745
10.65 1.9351081015584017 -0.49999159918960745
10.7 1.9351081015584017 -0.49999159918960745
10.75 1.9351081015584017 -0.49999159918960745
10.8 1.9352740828844932 -0.4999918749404637
10.85 1.935523665985194 -0.4999928830940391
10.9 1.935894761012908 -0.49999562752930815
10.95 1.9363590062876892 -0.5000010168506176
11.0 1.9369949730756728 -0.5000119685539672
11.05 1.9376591124875895 -0.5000281789954178
11.1 1.9384882259745069 -0.5000554473932453
11.15 1.9393705449236585 -0.5000931866617256
11.2 1.940442935687699 -0.5001510276831412
11.25 1.9414848147211 -0.5002207563261168
11.3 1.9425990694299184 -0.5003118631132936
11.35 1.9439983043920563 -0.5004477449143386
11.4 1.9456786317039325 -0.5006398032558895
11.45 1.9475895230155178 -0.5008998145572613
11.5 1.9496197276109366 -0.5012396733892804
11.55 1.9517555684109804 -0.5016427902965603
11.6 1.9538781726581356 -0.5020760414995472
11.65 1.9558606704240276 -0.5025371197378641
11.7 1.957699567487686 -0.503021626523482
11.75 1.9593916112404723 -0.5035242106862683
11.8 1.9609338236004004 -0.5040385316400322
11.85 1.962323629866322 -0.5045572315084828
11.9 1.96355900558502 -0.5050719207567854
11.95 1.9646386409505072 -0.5055731816817514
12.0 1.9655621213334546 -0.5060505945504646
12.05 1.966330121428576 -0.5064927914743561
12.1 1.9669446092198803 -0.5068875431973224
12.15 1.967409054537402 -0.5072218838009189
12.2 1.9677623268902522 -0.5075083132001781
12.25 1.9680961861061712 -0.5078083049414596
12.3 1.9684146325723835 -0.5081246062476792
12.35 1.968716870308901 -0.5084564261419773
12.4 1.9690021438455836 -0.5088029348017042
12.45 1.96926976425275 -0.5091632960957968
12.5 1.969519053347923 -0.5095366001029137
12.55 1.969749372732142 -0.5099218948283408
12.6 1.9699601469540886 -0.5103182172524084
12.65 1.9701508493918831 -0.5107245767905199
12.7 1.9703210035733716 -0.5111399577691793
12.75 1.9704417275586417 -0.5114660793358645
12.8 1.9705102461778936 -0.5117067265437555
12.85 1.9705398554743825 -0.5118444867146777
12.9 1.9705415065403236 -0.511902513920174
12.95 1.9705102750539585 -0.5117976783434639
13.0 1.9704865286976394 -0.5117142590519219
13.05 1.9704477084861538 -0.5114592523420806
13.1 1.9704161825114002 -0.5111599990869748
13.15 1.9703900748498215 -0.5107375318586507
13.2 1.9703812027369934 -0.5110363798932044
13.25 1.9703615462491604 -0.5113721485462778
13.3 1.9702868445370534 -0.5124355233530462
13.35 1.9701525056102667 -0.513780025966794
13.4 1.9699221997745482 -0.5156205024832086
13.45 1.9695603717352845 -0.5179845112790841
13.5 1.9691024615961432 -0.5205498695362716
13.55 1.9684831536305951 -0.5235831206281875
13.6 1.9677240776512142 -0.5269221736849874
13.65 1.9667122908074814 -0.5309600521322342
13.7 1.9651443389660483 -0.5367329183545388
13.75 1.9629099310873428 -0.5443890064718996
13.8 1.9603008715155625 -0.5527853582116573
13.85 1.9575197399396564 -0.5612513589762548
13.9 1.9545774061262005 -0.5697902671803855
13.95 1.9514853614663945 -0.5784059398425108
14.0 1.948255751303204 -0.5871027105624492
14.05 1.9449013803732165 -0.5958853238323247
14.1 1.9414356947348759 -0.6047589267798303
14.15 1.9378727559490376 -0.6137290908999924
14.2 1.9342272271809098 -0.6228018224509895
14.25 1.9305143845779946 -0.6319835255012894
14.3 1.9267619836778584 -0.6412482147329146
14.35 1.9230079492604184 -0.6505168289999534
14.4 1.919253914815554 -0.6597854432513691
14.45 1.915499880342655 -0.6690540574879823
14.5 1.9117458458412555 -0.6783226717104098
14.55 1.9079918113109973 -0.6875912859191153
14.6 1.9042377767516079 -0.696859900114448
14.65 1.9004837420378768 -0.7061285142757948
14.7 1.8967297071509635 -0.7153971284107931
14.75 1.8929756722981168 -0.7246657425585544
14.8 1.8892216374795443 -0.733934356719157
14.85 1.8854676026953991 -0.7432029708927461
14.9 1.8817135679457946 -0.7524715850794966
14.95 1.8779595332308143 -0.7617401992795758
15.0 1.874205498550523 -0.7710088134931355
15.05 1.8704514639049705 -0.780277427720289
15.1 1.866697429294186 -0.7895460419611673
15.15 1.8629433947182086 -0.7988146562158227
15.2 1.8591893601770633 -0.8080832704843249
15.25 1.8554353256707514 -0.8173518847667594
15.3 1.8516812911841172 -0.8266204995969998
15.35 1.8479272566966585 -0.8358891146570882
15.4 1.8441732222095428 -0.8451577297160828
15.45 1.8404191877226337 -0.8544263447743801
15.5 1.8366651532358453 -0.8636949598322381
15.55 1.8329111187491314 -0.872963574889801
15.6 1.8291570842624603 -0.8822321899471715
15.65 1.825403049775816 -0.8915008050044106
15.7 1.8216490152891858 -0.9007694200615617
15.75 1.8178949808025668 -0.9100380351186461
15.8 1.8141409463159521 -0.9193066501756894
15.85 1.8103869118293399 -0.9285752652326998
15.9 1.8066328773427303 -0.9378438802896865
15.95 1.80287884285612 -0.9471124953466608
16.0 1.7991248083695093 -0.9563811104036218
16.05 1.7953707738828995 -0.9656497254605753
16.1 1.7916167393962923 -0.9749183405175152
16.15 1.7878627049096814 -0.9841869555744563
16.2 1.7841086704230702 -0.9934555706314006
16.25 1.780354635936461 -1.0027241856883364
16.3 1.7766006014498534 -1.011992800745268
16.35 1.7728465669632405 -1.0212614158022015
16.4 1.7690925324766313 -1.0305300308591232
16.45 1.7653384979900262 -1.0397986459160338
16.5 1.761584463503424 -1.0490672609729341
16.55 1.7578304290168143 -1.0583358760298502
16.6 1.7540763945301976 -1.0676044910867795
16.65 1.7503223600435796 -1.0768731061437082
16.7 1.746568325556959 -1.086141721200638
16.75 1.7428142910703366 -1.0954103362575673
16.8 1.7390602565837139 -1.1046789513144903
16.85 1.735306222097091 -1.1139475663714085
16.9 1.7315521876104665 -1.1232161814283266
16.95 1.7277981531238407 -1.1324847964852442
17.0 1.724044118637213 -1.1417534115421621
17.05 1.7202900841505815 -1.1510220265990823
17.1 1.7165360496639477 -1.1602906416560033
17.15 1.712782015177313 -1.169559256712923
17.2 1.7090279806906747 -1.1788278717698444
17.25 1.7052739462040372 -1.188096486826761
17.3 1.7015199117173982 -1.197365101883676
17.35 1.697765877230756 -1.2066337169405958
17.4 1.6940118427441162 -1.2159023319975044
17.45 1.6902578082574766 -1.2251709470544097
17.5 1.6867928341136653 -1.2337258795503243
17.55 1.6834142027910384 -1.2420676338461025
17.6 1.6803321401925202 -1.2496771676546772
17.65 1.6773394236174044 -1.2570661083636998
17.7 1.6746823177416552 -1.2636264349219384
17.75 1.6721186873446647 -1.2699559730048833
17.8 1.6698658909966304 -1.275518069665171
17.85 1.6676847967525465 -1.2809031358906695
17.9 1.6658077792653163 -1.28553744418161
17.95 1.6640020885063895 -1.2899956489086428
18.0 1.662500474464155 -1.2937030956925561
18.05 1.6611480693927934 -1.297043401597959
18.1 1.6600363397482796 -1.2999325563963922
18.15 1.659220253731069 -1.3020716726816268
18.2 1.6585802903155271 -1.3040468605273798
18.25 1.6581477758153402 -1.3052970326917075
18.3 1.6579083035268636 -1.3063384117169654
18.35 1.6578651766317296 -1.3066606292687144
18.4 1.6579962717145045 -1.3067693609033968
18.45 1.658162749685092 -1.3069602699030853
18.5 1.658311762887323 -1.3070897064626177
18.55 1.6583625367115642 -1.3069688313653185
18.6 1.658405373717765 -1.3068204584779493
18.65 1.6584068879234213 -1.3068390078349401
18.7 1.6584089903735688 -1.3068521415995504
18.75 1.6582730854066512 -1.3077402886925085
18.8 1.658025285960114 -1.3091522108277576
18.85 1.6576393030648149 -1.3115932141229858
18.9 1.657224820123253 -1.314287041907186
18.95 1.6567233819295837 -1.3175258541725379
19.0 1.6562118067231806 -1.320920799882409
19.05 1.6556440360370814 -1.324525560456925
19.1 1.6550718355430392 -1.3285573440859644
19.15 1.654426889946234 -1.333467578812841
19.2 1.6537138936383993 -1.3389978047193427
19.25 1.6527759761683511 -1.3462725908636788
19.3 1.6516073832771627 -1.3553365681509393
19.35 1.6503286949624667 -1.3652544784365643
19.4 1.649050006670809 -1.375172388671046
19.45 1.6477713184017437 -1.385090298868151
19.5 1.6464926301550142 -1.3950082090378813
19.55 1.6452139419304757 -1.404926119187591
19.6 1.643935253728048 -1.4148440293227411
19.65 1.6426565655474337 -1.4247619394474156
19.7 1.6413778773878762 -1.4346798495646575
19.75 1.640099189249622 -1.4445977596768524
19.8 1.6388205011333625 -1.454515669785794
19.85 1.6375418130394812 -1.4644335798928767
19.9 1.6362631249680304 -1.474351489999171
19.95 1.6349844369190474 -1.484269400105513
20.0 1.6337057488925644 -1.4941873102125423
20.05 1.632427060888606 -1.5041052203207534
20.1 1.631148372907191 -1.514023130430537
20.15 1.6298696849483363 -1.5239410405421903
20.2 1.628590997012054 -1.533858950655945
20.25 1.6273123090983526 -1.54377686077199
20.3 1.6260336212072404 -1.5536947708904658
20.35 1.6247549333387217 -1.5636126810114779
20.4 1.6234762454927978 -1.573530591135111
20.45 1.6221975576651366 -1.583448501726219
20.5 1.6209188698392343 -1.5933664126717848
20.55 1.6196401820134647 -1.6032843236159326
20.6 1.6183614941877724 -1.613202234559185
20.65 1.6170828063621239 -1.6231201455018656
20.7 1.615804118536499 -1.6330380564441815
20.75 1.6145254307108872 -1.6429559673862548
20.8 1.6132467428852815 -1.6528738783281711
20.85 1.61196805505968 -1.662791789269982
20.9 1.610689367234079 -1.6727097002117222
20.95 1.609410679408478 -1.6826276111534102
21.0 1.6081319915828767 -1.6925455220950636
21.05 1.6068533037572752 -1.7024634330366935
21.1 1.6055746159316713 -1.7123813439783062
21.15 1.6042959281060676 -1.7222992549199059
21.2 1.6030172402804603 -1.7322171658614978
21.25 1.601738552454856 -1.742135076803073
21.3 1.6004598646292507 -1.752052987744655
21.35 1.599181176803641 -1.7619708986862261
21.4 1.5979024889780358 -1.7718888096277923
21.45 1.5966238011524274 -1.7818067205693722
21.5 1.5953451133268193 -1.7917246315109476
21.55 1.5940664255012154 -1.8016425424525115
21.6 1.5927877376756143 -1.8115604533940628
21.65 1.591509049850011 -1.8214783643356094
21.7 1.5902303620244014 -1.8313962752771717
21.75 1.588951674198791 -1.8413141862187283
21.8 1.5876729863731818 -1.8512320971602827
21.85 1.58639429854757 -1.8611500081018466
21.9 1.5851156107219548 -1.871067919043411
21.95 1.5838369228963356 -1.880985829984979
22.0 1.5825582350707148 -1.8909037409265423
22.05 1.5812795472450911 -1.9008216518681136
22.1 1.5800008594194668 -1.9107395628096744
22.15 1.578722171593839 -1.9206574737512399
22.2 1.5774434837682112 -1.9305753846927942
22.25 1.576164795942581 -1.9404932956343524
22.3 1.57488610811695 -1.9504112065759125
22.35 1.5736074202913184 -1.9603291175174702
22.4 1.5723287324656854 -1.970247028459031
22.45 1.57105004464005 -1.9801649394005956
22.5 1.5697713568144134 -1.990082850342158
22.55 1.5684926689887728 -2.0000007612837205
22.6 1.567213981163131 -2.0099186722252833
22.65 1.5659352933374884 -2.0198365831668443
22.7 1.564656605511846 -2.0297544941083983
22.75 1.5633779176862033 -2.0396724050499526
22.8 1.5620992298605594 -2.049590315991509
22.85 1.560820542034912 -2.0595082269330693
22.9 1.559541854209261 -2.06942613787463
22.95 1.5582631663836077 -2.079344048816192
23.0 1.5569844785579545 -2.0892619597577493
23.05 1.5557057907322993 -2.099179870699311
23.1 1.554427102906642 -2.1090977816408745
23.15 1.5531484150809836 -2.1190156925824266
23.2 1.5518697272553212 -2.1289336035239783
23.25 1.5505910394296585 -2.138851514465526
23.3 1.5493123516039944 -2.148769425407074
23.35 1.548033663778329 -2.158687336348629
23.4 1.5467549759526618 -2.1686052472901816
23.45 1.5454762881269934 -2.1785231582317346
23.5 1.5441976003013225 -2.188441069173288
23.55 1.5429189124756486 -2.198358980114848
23.6 1.541640224649973 -2.208276891056406
23.65 1.5403615368242973 -2.218194801997957
23.7 1.53908284899862 -2.2281127129395117
23.75 1.5378041611729418 -2.2380306238810634
23.8 1.536525473347261 -2.247948534822612
23.85 1.5352467855215777 -2.2578664457641584
23.9 1.5339680976958934 -2.2677843567057088
23.95 1.532689409870207 -2.277702267647259
24.0 1.5314107220445192 -2.287620178588814
24.05 1.5301320342188303 -2.2975380895303705
24.1 1.5288533463931384 -2.3074560004719276
24.15 1.5275746585674435 -2.3173739114134793
24.2 1.526295970741746 -2.3272918223550323
24.25 1.5250172829160493 -2.3372097332965773
24.3 1.5237385950903521 -2.3471276442381237
24.35 1.5224599072646536 -2.35704555517967
24.4 1.521181219438954 -2.3669634661212178
24.45 1.5199025316132508 -2.3768813770627695
24.5 1.5186238437875452 -2.3867992880043167
24.55 1.5173451559618354 -2.3967171989458733
24.6 1.5160664681361258 -2.406635109887423
24.65 1.514787780310415 -2.416553020828976
24.7 1.513509092484703 -2.4264709317705253
24.75 1.5122304046589887 -2.4363888427120757
24.8 1.5109517168332707 -2.4463067536536323
24.85 1.509673029007551 -2.456224664595178
24.9 1.5083943411818335 -2.4661425755367166
24.95 1.5071156533561127 -2.476060486478261
25.0 1.505836965530391 -2.485978397419809
25.05 1.5045582777046669 -2.4958963083613623
25.1 1.5032795898789375 -2.505814219302916
25.15 1.5020009020532066 -2.5157321302444666
25.2 1.5007222142274745 -2.5256500411860183
25.25 1.4994435264017412 -2.5355679521275682
25.3 1.498164838576007 -2.5454858630691195
25.35 1.496886150750268 -2.555403774010667
25.4 1.495607462924528 -2.565321684952213
25.45 1.4943287750987866 -2.5752395958937577
25.5 1.4930500872730443 -2.585157506835306
25.55 1.4917713994473012 -2.595075417776855
25.6 1.4904927116215572 -2.6049933287184
25.65 1.489214023795811 -2.6149112396599485
25.7 1.4879353359700647 -2.624829150601494
25.75 1.4866566481443149 -2.634747061543042
25.8 1.4853779603185628 -2.6446649724845908
25.85 1.48409927249281 -2.654582883426135
25.9 1.4828205846670564 -2.664500794367681
25.95 1.481541896841303 -2.674418705309218
26.0 1.4802632090155474 -2.6843366162507647
26.05 1.4789845211897878 -2.6942545271923133
26.1 1.4777058333640254 -2.704172438133859
26.15 1.476427145538261 -2.7140903490754082
26.2 1.4751484577124971 -2.72400826001695
26.25 1.4738697698867311 -2.7339261709584997
26.3 1.4725910820609631 -2.743844081900047
26.35 1.4713123942351947 -2.753761992841578
26.4 1.4700337064094229 -2.7636799037831175
26.45 1.4687550185836482 -2.7735978147246625
26.5 1.4674763307578724 -2.783515725666205
26.55 1.4661976429320958 -2.793433636607751
26.6 1.4649189551063178 -2.8033515475492945
26.65 1.463640267280539 -2.8132694584908373
26.7 1.4623615794547582 -2.82318736943238
26.75 1.4610828916289742 -2.833105280373922
26.8 1.4598042038031884 -2.843023191315463
26.85 1.4585255159774022 -2.8529411022570033
26.9 1.4572468281516147 -2.8628590131985443
26.95 1.455968140325827 -2.872776924140083
27.0 1.4546894525000376 -2.882694835081621
27.05 1.453410764674244 -2.8926127460231625
27.1 1.4521320768484487 -2.9025306569647027
27.15 1.4508533890226505 -2.9124485679062517
27.2 1.449574701196852 -2.9223664788477928
27.25 1.4482960133710523 -2.932284389789332
27.3 1.4470173255452512 -2.942202300730871
27.35 1.4457386377194474 -2.952120211672411
27.4 1.4444599498936403 -2.962038122613949
27.45 1.443181262067832 -2.9719560335554855
27.5 1.4419025742420226 -2.981873944497023
27.55 1.4406238864162118 -2.9917918554385627
27.6 1.4393451985904 -3.001709766380103
27.65 1.4380665107645856 -3.011627677321645
27.7 1.4367878229387692 -3.0215455882631828
27.75 1.435509135112951 -3.0314634992047185
27.8 1.4342304472871312 -3.0413814101462555
27.85 1.4329517594613106 -3.051299321087793
27.9 1.4316730716354908 -3.0612172320293234
27.95 1.4303943838096695 -3.0711351429708604
28.0 1.4291156959838458 -3.0810530539124006
28.05 1.4278370081580183 -3.0909709648539367
28.1 1.4265583203321885 -3.10088887579547
28.15 1.4252796325063573 -3.1108067867370073
28.2 1.4240009446805253 -3.120724697678543
28.25 1.4227222568546916 -3.1306426086200787
28.3 1.4214435690288572 -3.1405605195616113
28.35 1.42016488120302 -3.150478430503145
28.4 1.418886193377181 -3.160396341444671
28.45 1.4176931774853574 -3.1696497531448315
28.5 1.4165423584621821 -3.1785758738331302
28.55 1.415479768732311 -3.1868176587397423
28.6 1.414463851245456 -3.194697439874149
28.65 1.4135628877157869 -3.201685600777778
28.7 1.4125618031876257 -3.2094503339688316
28.75 1.4115352726294532 -3.21741243366551
28.8 1.410394427398762 -3.226261192882345
28.85 1.409235169052803 -3.235252769914652
28.9 1.4079610844991213 -3.2451349754372587
28.95 1.4066823966032855 -3.2550528856166414
29.0 1.4054037087302216 -3.2649707957839165
29.05 1.404125020878906 -3.2748887059427645
29.1 1.4028463330460057 -3.2848066164816934
29.15 1.4016482024043522 -3.2940996997780845
29.2 1.4004973833784853 -3.3030258204681897
29.25 1.3994347936497638 -3.311267605367636
29.3 1.3984118434125794 -3.3192019349591133
29.35 1.3974873519733506 -3.326372585482711
29.4 1.3965922705224896 -3.3333151239775844
29.45 1.3957982052427664 -3.3394741475878686
29.5 1.3950317597781325 -3.3454189442576983
29.55 1.3943750255829908 -3.3505127842172358
29.6 1.3937369603720802 -3.3554618226340307
29.65 1.3932101408613689 -3.359548002836334
29.7 1.3927103017693059 -3.3634249151314433
29.75 1.3923240100809304 -3.3664211168690064
29.8 1.3919826003442002 -3.36906920002806
29.85 1.3917268627383306 -3.3710527830273125
29.9 1.3915312233650947 -3.3725702243250906
29.95 1.3914033545727926 -3.3735620162422744
30.0 1.3913638430553004 -3.3738684801935284
30.05 1.3913638430553004 -3.3738684801935284
30.1 1.3913638430553004 -3.3738684801935284
30.15 1.3913634060897218 -3.373871841829604
30.2 1.391340556501221 -3.3740460898615154
30.25 1.3913115592589422 -3.374261633366254
30.3 1.3912645347975612 -3.374601315117479
30.35 1.3912065726701848 -3.3750043766256543
30.4 1.3911207949230473 -3.3755747959853664
30.45 1.3910272237763737 -3.3761620878415175
30.5 1.3908981119827637 -3.3769254604429593
30.55 1.3907603958815138 -3.3776837726768862
30.6 1.390578235647325 -3.3786183088603265
30.65 1.390345812054906 -3.3797228623102566
30.7 1.3900353030727743 -3.3810879656106816
30.75 1.3896356696276306 -3.3827076438343093
30.8 1.3891347015763034 -3.384574885183196
30.85 1.388520522673181 -3.386664612381306
30.9 1.3878534073228075 -3.3887568468939904
30.95 1.3871761438657146 -3.390699760870671
31.0 1.3864933795423573 -3.3924904036793526
31.05 1.3858107366155357 -3.3941266375045642
31.1 1.3851348204240694 -3.3956067557028127
31.15 1.3844732218572244 -3.396929610733065
31.2 1.3838345039741602 -3.398094756758724
31.25 1.3832281686682468 -3.3991026061627507
31.3 1.382664598893263 -3.399954598315201
31.35 1.3821549717169526 -3.4006533778167074
31.4 1.3817111374354019 -3.4012029780976314
31.45 1.3813454602371023 -3.40160900473718
31.5 1.3810259437320234 -3.401925517210331
31.55 1.380691650301362 -3.402225016081098
31.6 1.380403176371273 -3.4024606279619114
31.65 1.3801890120587361 -3.402613211681304
31.7 1.3799688184841978 -3.402764097386182
31.75 1.3798333964278036 -3.4028427596210156
31.8 1.3797315488298763 -3.402906068214513
31.85 1.3796990657027028 -3.4029174759518983
31.9 1.379776780144751 -3.4028931244812584
31.95 1.379854253198717 -3.402849767619752
32.0 1.3800624160067818 -3.4027808458922113
32.05 1.379719022033316 -3.402896419600807
32.1 1.3791957112984878 -3.4030644154749328
32.15 1.377969244525688 -3.4034327835677667
32.2 1.3765993277620232 -3.4038059163128667
32.25 1.3744804714879024 -3.4043395622927406
32.3 1.3720658652064326 -3.404882423933083
32.35 1.36912738877584 -3.4054986864376615
32.4 1.3656498443636327 -3.4061361754447734
32.45 1.3619274723905181 -3.406769950281035
32.5 1.3574740217054404 -3.407421851816542
32.55 1.3513351550169985 -3.4082227492885893
32.6 1.3435361755359558 -3.4091340818991167
32.65 1.334438119214978 -3.4100974451184363
32.7 1.325208958818092 -3.4109996947830945
32.75 1.3158727473022571 -3.411837462518257
32.8 1.3064322624272298 -3.4126090508646842
32.85 1.2968897584296475 -3.413313133196989
32.9 1.287246989433954 -3.413949161307119
32.95 1.2775045050303424 -3.414528029140579
33.0 1.2676607737754937 -3.4150852603273907
33.05 1.2577162318067812 -3.4156358146396433
33.1 1.2477314355706408 -3.4161870210312286
33.15 1.237746639340574 -3.4167382274304963
33.2 1.2277618431152528 -3.4172894338369715
33.25 1.2177770468936466 -3.4178406402502786
33.3 1.2077922506749796 -3.4183918466701346
33.35 1.1978074544586494 -3.4189430530963105
33.4 1.1878226582442022 -3.4194942595286326
33.45 1.1778378620312684 -3.4200454659669597
33.5 1.1678530658195847 -3.4205966724111874
33.55 1.157868269608927 -3.421147878861233
33.6 1.1478834733991385 -3.4216990853170315
33.65 1.1378986771900914 -3.4222502917785307
33.7 1.127913880981699 -3.4228014982456925
33.75 1.1179290847738697 -3.4233527047184866
33.8 1.1079442885665842 -3.42390391119689
33.85 1.097959492359754 -3.4244551176808833
33.9 1.08797469615335 -3.4250063241704516
33.95 1.0779898999473425 -3.4255575306655768
34.0 1.0680051037417224 -3.426108737166253
34.05 1.0580203075364771 -3.4266599436724805
34.1 1.048035511331576 -3.427211150184259
34.15 1.0380507151270064 -3.4277623567015736
34.2 1.028065918922751 -3.428313563224425
34.25 1.0180811227188418 -3.4288647697528125
34.3 1.0080963265152543 -3.4294159762867285
34.35 0.9981115303119801 -3.4299671828261715
34.4 0.9881267341090165 -3.430518389371141
34.45 0.9781419376426873 -3.4310695959215285
34.5 0.9681571406279095 -3.4316208024734633
34.55 0.958172343614725 -3.432172009025297
34.6 0.9481875466025426 -3.432723215577064
34.65 0.9382027495909958 -3.433274422128788
34.7 0.928217952579853 -3.4338256286804847
34.75 0.9182331555689719 -3.4343768352321584
34.8 0.9082483585582619 -3.434928041783826
34.85 0.8982635615476656 -3.4354792483354744
34.9 0.8882787645371459 -3.436030454887121
34.95 0.8782939675266818 -3.4365816614387676
35.0 0.8683091705162544 -3.437132867990411
35.05 0.8583243735058576 -3.437684074542048
35.1 0.8483395764954725 -3.4382352810936823
35.15 0.8383547794850983 -3.43878648764531
35.2 0.8283699824747364 -3.4393376941969342
35.25 0.8183851854643818 -3.4398889007485587
35.3 0.8084003884540418 -3.440440107300183
35.35 0.7984155914436903 -3.4409913138518076
35.4 0.7884307944333623 -3.441542520403432
35.45 0.7784459974230135 -3.4420937269550564
35.5 0.7684612004126651 -3.442644933506681
35.55 0.7584764034023277 -3.4431961400583053
35.6 0.7484916063920034 -3.4437473466099298
35.65 0.7385068093816779 -3.444298553161554
35.7 0.7285220123713414 -3.4448497597131786
35.75 0.7185372153610098 -3.445400966264803
35.8 0.7085524183506752 -3.4459521728164275
35.85 0.6985676213403371 -3.446503379368052
35.9 0.6885828243300005 -3.4470545859196764
35.95 0.6785980273196691 -3.447605792471301
36.0 0.6686132303093405 -3.4481569990229253
36.05 0.6586284332990088 -3.4487082055745497
36.1 0.6486436362886799 -3.44925941212617
36.15 0.6386588392783447 -3.4498106186777853
36.2 0.6286740422680078 -3.4503618252293977
36.25 0.6186892452576702 -3.450913031781009
36.3 0.6087044482473281 -3.451464238332619
36.35 0.5987196512369855 -3.4520154448842244
36.4 0.5887348542266507 -3.4525666514358266
36.45 0.5787500572163106 -3.453117857987429
36.5 0.5687652602059787 -3.453669064539031
36.55 0.5587804631956488 -3.4542202710906333
36.6 0.548795666185316 -3.4547714776422356
36.65 0.5388108691749793 -3.455322684193838
36.7 0.5288260721646436 -3.45587389074544
36.75 0.5188412751543025 -3.456425097297042
36.8 0.5088564781439622 -3.45697630384864
36.85 0.49887168113361924 -3.457527510400233
36.9 0.48888688412327574 -3.4580787169518223
36.95 0.47890208711293863 -3.458629923503406
37.0 0.46891729010260774 -3.459181130054988
37.05 0.4589324930922784 -3.4597323366065686
37.1 0.44894769608194846 -3.4602835431581487
37.15 0.4389628990716178 -3.4608347497097287
37.2 0.42897810206128306 -3.4613859562613087
37.25 0.41899330505094234 -3.4619371628128888
37.3 0.40900850804060196 -3.462488369364469
37.35 0.3990237110302572 -3.463039575916049
37.4 0.3890389140199191 -3.463590782467629
37.45 0.3790541170095809 -3.4641419890192062
37.5 0.36906931999924364 -3.4646931955707765
37.55 0.3590845229889085 -3.4652444021223436
37.6 0.3490997259785779 -3.465795608673908
37.65 0.33911492896824447 -3.4663468152254717
37.7 0.329130131957904 -3.4668980217770318
37.75 0.319145334947565 -3.4674492283285896
37.8 0.30916053793722265 -3.4680004348801474
37.85 0.2991757409268768 -3.4685516414317052
37.9 0.2891909439165298 -3.469102847983263
37.95 0.2792061469061919 -3.469654054534821
38.0 0.2692213498958547 -3.4702052610863787
38.05 0.259236552885521 -3.4707564676379365
38.1 0.24925175587519197 -3.47130767418949
38.15 0.23926695886485927 -3.4718588807410393
38.2 0.22928216185452502 -3.4724100872925856
38.25 0.21929736484418152 -3.472961293844132
38.3 0.20931256783383922 -3.4735125003956746
38.35 0.199327770823496 -3.4740637069472124
38.4 0.18934297381314852 -3.474614913498748
38.45 0.17935817680280866 -3.4751661200502837
38.5 0.16937337979246922 -3.4757173266018193
38.55 0.15938858278213192 -3.476268533153355
38.6 0.1494037857718005 -3.4768197397048906
38.65 0.13941898876146258 -3.477370946256426
38.7 0.1294341917511244 -3.477922152807962
38.75 0.11944939474078192 -3.478473359359497
38.8 0.10946459773043468 -3.4790245659110246
38.85 0.09947980072008811 -3.4795757724625482
38.9 0.08949500370974188 -3.48012697901407
38.95 0.0795102066993957 -3.480678185565587
39.0 0.0695254096890534 -3.481229392117101
39.05 0.05954061267871794 -3.4817805986686143
39.1 0.04955581566838299 -3.4823318052201278
39.15 0.039571018658046415 -3.482883011771641
39.2 0.029586221647708983 -3.4834342183231546
39.25 0.019601424637373882 -3.483985424874668
39.3 0.009616627627029445 -3.4845366314261814
39.35 -0.00036816938331695143 -3.485087837977695
39.4 -0.010352966393664034 -3.4856390445292034
39.45 -0.020337763404009876 -3.4861902510807075
39.5 -0.030322560414357255 -3.4867414576322084
39.55 -0.04030735742469531 -3.487292664183704
39.6 -0.050292154435034764 -3.4878438707351975
39.65 -0.060276951445373414 -3.4883950772866905
39.7 -0.07026174845570764 -3.4889462838381817
39.75 -0.08024654546605318 -3.489497490389673
39.8 -0.09023134247639364 -3.490048696941164
39.85 -0.10021613948674137 -3.4905999034926554
39.9 -0.11020093649708904 -3.4911511100441466
39.95 -0.12018573350743876 -3.4917023165956373
40.0 -0.13017053051778296 -3.4922535231471263
40.05 -0.1401553275281233 -3.492804729698608
40.1 -0.15014012453846468 -3.493355936250087
40.15 -0.1601249215488032 -3.493907142801564
40.2 -0.17010971855914464 -3.49445834935304
40.25 -0.18009451556948272 -3.495009555904512
40.3 -0.1900793125798234 -3.4955607624559817
40.35 -0.20006410959016455 -3.4961119690074507
40.4 -0.21004890660051512 -3.4966631755589197
40.45 -0.22003370361086827 -3.4972143821103887
40.5 -0.23001850062121196 -3.4977655886618577
40.55 -0.24000329763155917 -3.4983167952133267
40.6 -0.2499880946418974 -3.4988680017647957
40.65 -0.2599728916522373 -3.4994192083162647
40.7 -0.2699576886625766 -3.499970414867733
40.75 -0.27994248567291746 -3.5005216214191965
40.8 -0.28992728268325446 -3.5010728279706558
40.85 -0.29991207969360245 -3.5016240345221132
40.9 -0.30989687670395494 -3.5021752410735694
40.95 -0.3198816737143062 -3.502726447625019
41.0 -0.3298664707246529 -3.5032776541764674
41.05 -0.33985126773500435 -3.503828860727914
41.1 -0.34983606474534806 -3.504380067279361
41.15 -0.35982086175569244 -3.504931273830808
41.2 -0.36980565876602967 -3.5054824803822546
41.25 -0.3797904557763686 -3.5060336869337014
41.3 -0.3897752527867175 -3.5065848934851482
41.35 -0.3997600497970654 -3.5071361000365946
41.4 -0.40974484680741563 -3.5076873065880343
41.45 -0.4197296438177682 -3.50823851313947
41.5 -0.4297144408281192 -3.508789719690904
41.55 -0.43969923783846526 -3.5093409262423347
41.6 -0.44968403484881003 -3.509892132793763
41.65 -0.4596688318591497 -3.5104433393451897
41.7 -0.4696536288694878 -3.5109945458966147
41.75 -0.47963842587982924 -3.5115457524480393
41.8 -0.48962322289017146 -3.512096958999464
41.85 -0.4996080199005138 -3.5126481655508885
41.9 -0.5095928169108582 -3.513199372102313
41.95 -0.5195776139212116 -3.5137505786537377
42.0 -0.5295624109315632 -3.5143017852051623
42.05 -0.5395472079419102 -3.514852991756587
42.1 -0.5495320049522567 -3.5154041983080115
42.15 -0.559516801962601 -3.5159554048594304
42.2 -0.569501598972944 -3.516506611410844
42.25 -0.5794863959832848 -3.5170578179622534
42.3 -0.5894711929936276 -3.5176090245136606
42.35 -0.599455990003974 -3.5181602310650653
42.4 -0.6094407870143225 -3.5187114376164685
42.45 -0.6194255840246741 -3.519262644167871
42.5 -0.6294103810350309 -3.5198138507192733
42.55 -0.6393951780453799 -3.5203650572706757
42.6 -0.6493799750557323 -3.520916263822078
42.65 -0.6593647720660747 -3.5214674703734805
42.7 -0.6693495690764157 -3.522018676924883
42.75 -0.6793343660867571 -3.5225698834762853
42.8 -0.6893191630971023 -3.5231210900276855
42.85 -0.6993039601074432 -3.523672296579078
42.9 -0.7092887571177898 -3.5242235031304685
42.95 -0.7192735541281442 -3.524774709681859
43.0 -0.7292583511384978 -3.525325916233247
43.05 -0.7391772487516183 -3.525873484852863
43.1 -0.7481995122276691 -3.5263715550932413
43.15 -0.7569162410047073 -3.5268527584390807
43.2 -0.7649040794378027 -3.5272937236217183
43.25 -0.772462571762715 -3.527710986980722
43.3 -0.7794519304944174 -3.5280968314874377
43.35 -0.785912095149099 -3.528453462108538
43.4 -0.7919029741803336 -3.5287841859473863
43.45 -0.7973646591347561 -3.5290856959048797
43.5 -0.8023570584651648 -3.529361299083832
43.55 -0.8068002941245501 -3.529606585972677
43.6 -0.8107942137538094 -3.529827068499698
43.65 -0.8141990305234698 -3.530015029915297
43.7 -0.8171944704512666 -3.530180391798363
43.75 -0.819600807519033 -3.530313232574495
43.8 -0.8215977677448089 -3.530423473821557
43.85 -0.8229257467335697 -3.5304967843161372
43.9 -0.8239242272571641 -3.5305519049351775
43.95 -0.8243292569505606 -3.530574094505535
44.0 -0.8245848959975255 -3.530587324577246
44.05 -0.8249188879942202 -3.5306033933364396
44.1 -0.8253773321987392 -3.5306236838795146
44.15 -0.8259315929957576 -3.5306448472456937
44.2 -0.8266295683728068 -3.530666872392393
44.25 -0.8275261955287948 -3.5306878732040228
44.3 -0.828436232445048 -3.5306999694759744
44.35 -0.8295471318815635 -3.5307026520346962
44.4 -0.8306872204806557 -3.530690731029073
44.45 -0.8320983811839306 -3.5306567010141032
44.5 -0.8338046041069828 -3.5305898189438434
44.55 -0.8358020153813018 -3.530478189247226
44.6 -0.838085988249058 -3.5303087103876236
44.65 -0.8405730874090368 -3.530074715060553
44.7 -0.8429702981969586 -3.529796560726186
44.75 -0.8452470827084486 -3.5294781279891554
44.8 -0.8473997628720711 -3.5291217294726254
44.85 -0.8494224470955823 -3.528730822979488
44.9 -0.8513053745725314 -3.5283105134431536
44.95 -0.8530446898053081 -3.527865855455775
45.0 -0.854637149354643 -3.527402799132709
45.05 -0.8560798763065403 -3.5269282856629625
45.1 -0.8573704903621031 -3.5264502678464957
45.15 -0.8585072520539063 -3.5259777165861905
45.2 -0.859489220901348 -3.5255206096613083
45.25 -0.8603164267863633 -3.52508989865298
45.3 -0.8609900530956276 -3.5246974494542678
45.35 -0.8615042431087564 -3.52436142821239
45.4 -0.8617756078370753 -3.524157682744217
45.45 -0.8620525519759967 -3.5239295033218756
45.5 -0.8622348990488112 -3.5237692549381836
45.55 -0.8623951667739918 -3.523609583106803
45.6 -0.8630191816938951 -3.5229753133306767
45.65 -0.8637058296617081 -3.5222227771741266
45.7 -0.8647108719631017 -3.5210524915110692
45.75 -0.8659403446357693 -3.5195166187633
45.8 -0.8673881229019932 -3.5175944378037984
45.85 -0.8691554843489788 -3.5150950417453286
45.9 -0.8709660085762194 -3.5123800298345063
45.95 -0.8730946351335489 -3.5090012765224907
46.0 -0.8752419417831852 -3.5054063080960542
46.05 -0.8778941105806155 -3.5007293410537517
46.1 -0.881140862594001 -3.494724646784703
46.15 -0.8850204639242404 -3.4872229989416783
46.2 -0.8889691038626163 -3.479268603859975
46.25 -0.8928633473638193 -3.471126071023364
46.3 -0.8967089873579956 -3.462814988830309
46.35 -0.9005172217185655 -3.4543437468076106
46.4 -0.9043008253332846 -3.445719069845121
46.45 -0.9080734388649347 -3.436947533199428
46.5 -0.9118495627097147 -3.4280355832770395
46.55 -0.9156445714212952 -3.4189895436996296
46.6 -0.9194746538948525 -3.409815835742016
46.65 -0.9233251523514014 -3.4005868786510165
46.7 -0.9271756507882849 -3.391357921556753
46.75 -0.9310261492054318 -3.382128964458054
46.8 -0.9348766476027858 -3.372900007354021
46.85 -0.9387271459802938 -3.3636710502439535
46.9 -0.9425776443379201 -3.3544420931273335
46.95 -0.9464281426756255 -3.345213136003755
47.0 -0.9502786409933845 -3.335984178872901
47.05 -0.9541291392911764 -3.326755221734533
47.1 -0.9579796375689807 -3.317526264588466
47.15 -0.9618301358267849 -3.3082973074345428
47.2 -0.9656806340645747 -3.299068350272654
47.25 -0.969531132282355 -3.2898393931027203
47.3 -0.9733816304801031 -3.2806104359246504
47.35 -0.9772321286578031 -3.2713814787383915
47.4 -0.981082626815496 -3.262152521543929
47.45 -0.9849331249531496 -3.2529235643412076
47.5 -0.9887836230707536 -3.2436946071302
47.55 -0.9926341211683084 -3.2344656499108937
47.6 -0.9964846192458192 -3.2252366926832607
47.65 -1.0003351173032704 -3.2160077354473313
47.7 -1.0041856153406765 -3.2067787782030632
47.75 -1.0080361133580376 -3.197549820950446
47.8 -1.0118866113553449 -3.1883208636894973
47.85 -1.015737109332599 -3.179091906420213
47.9 -1.0195876072898122 -3.169862949142567
47.95 -1.0234381052269799 -3.160633991856554
48.0 -1.0272886031441013 -3.151405034562175
48.05 -1.0311391010411768 -3.142176077259433
48.1 -1.034989598917808 -3.1329471193601712
48.15 -1.038840096792015 -3.1237181613374094
48.2 -1.0426905946658214 -3.1144892033157388
48.25 -1.0465410925393848 -3.1052602452947577
48.3 -1.0503915904127978 -3.0960312872742155
48.35 -1.0542420882861196 -3.086802329253959
48.4 -1.0580925861593844 -3.0775733712338833
48.45 -1.0619430840326147 -3.068344413213933
48.5 -1.065793581905822 -3.059115455194067
48.55 -1.0696440797790159 -3.0498864971742536
48.6 -1.0734945776522002 -3.040657539154483
48.65 -1.077345075525378 -3.0314285811347417
48.7 -1.081195573398553 -3.022199623115016
48.75 -1.0850460712717263 -3.0129706650953056
48.8 -1.0888965691448993 -3.0037417070756005
48.85 -1.0927470670180701 -2.9945127490559074
48.9 -1.0965975648912365 -2.9852837910362253
48.95 -1.1004480627644075 -2.97605483301654
49.0 -1.1042985606375777 -2.966825874996853
49.05 -1.1081490585107452 -2.957596916977176
49.1 -1.1119995563839074 -2.9483679589575162
49.15 -1.1158500542570795 -2.9391390009378435
49.2 -1.1197005521302532 -2.929910042918161
49.25 -1.1235510500034274 -2.9206810848984786
49.3 -1.1274015478765964 -2.9114521268788063
49.35 -1.1312520457497628 -2.9022231688591367
49.4 -1.1351025436229263 -2.892994210839465
49.45 -1.138953041496087 -2.883765252819792
49.5 -1.1428035393692464 -2.8745362948001167
49.55 -1.1466540372424099 -2.8653073367804307
49.6 -1.1505045351155685 -2.856078378760749
49.65 -1.1543550329887289 -2.8468494207410595
49.7 -1.1582055308618842 -2.837620462721376
49.75 -1.162056028735035 -2.828391504701699
49.8 -1.1659065266081856 -2.81916254668202
49.85 -1.169757024481334 -2.809933588662343
49.9 -1.17360752235448 -2.8007046306426666
49.95 -1.1774580202276261 -2.7914756726229872
50.0 -1.1813085181007714 -2.782246714603306
50.05 -1.1851590159739176 -2.773017756583618
50.1 -1.1890095138470602 -2.7637887985639327
50.15 -1.1928600117202042 -2.754559840544245
50.2 -1.1967105095933432 -2.7453308825245615
50.25 -1.2005610074664794 -2.7361019245048808
50.3 -1.2044115053396127 -2.726872966485202
50.35 -1.208262003212746 -2.7176440084655202
50.4 -1.2121125010858773 -2.7084150504458404
50.45 -1.2159629989590046 -2.699186092426161
50.5 -1.2198134968321326 -2.689957134406474
50.55 -1.223663994705261 -2.680728176386781
50.6 -1.227514492578389 -2.6714992183670856
50.65 -1.2313649904515154 -2.66227026034739
50.7 -1.2352154883246391 -2.6530413023276966
50.75 -1.2390659861977613 -2.643812344308002
50.8 -1.2429164840708802 -2.63458338628831
50.85 -1.2467669819439964 -2.6253544282686203
50.9 -1.2506174798171095 -2.616125470248935
50.95 -1.2544679776902208 -2.6068965122292456
51.0 -1.2583184755633352 -2.597667554209547
51.05 -1.2621689734364459 -2.588438596189852
51.1 -1.2660194713095547 -2.5792096381701515
51.15 -1.2698699691826638 -2.5699806801504446
51.2 -1.273720467055772 -2.560751722130738
51.25 -1.2775709649288773 -2.5515227641110334
51.3 -1.2814214628019813 -2.542293806091327
51.35 -1.285271960675082 -2.533064848071623
51.4 -1.28912245854818 -2.523835890051922
51.45 -1.2929729564212746 -2.5146069320322253
51.5 -1.29682345429437 -2.5053779740125233
51.55 -1.300673952167464 -2.4961490159928186
51.6 -1.3045244500405573 -2.486920057973112
51.65 -1.3083749479136495 -2.477691099953407
51.7 -1.3122254457867402 -2.4684621419337023
51.75 -1.3160759436598277 -2.459233183913997
51.8 -1.319926441532914 -2.450004225894292
51.85 -1.3237769394059966 -2.440775267874591
51.9 -1.3276274372790777 -2.4315463098548884
51.95 -1.3314779351521548 -2.422317351835189
52.0 -1.3353284330252329 -2.413088393815487
52.05 -1.3391789308983117 -2.403859435795775
52.1 -1.3430294287713893 -2.3946304777760585
52.15 -1.3468799266444653 -2.385401519756341
52.2 -1.350730424517542 -2.3761725617366216
52.25 -1.3545809223906156 -2.3669436037169036
52.3 -1.358431420263686 -2.3577146456971865
52.35 -1.362281918136753 -2.3484856876774773
52.4 -1.3661324160098178 -2.3392567296577687
52.45 -1.3699829138828803 -2.330027771638062
52.5 -1.373833411755943 -2.320798813618352
52.55 -1.377683909629005 -2.3115698555986395
52.6 -1.3815344075020661 -2.3023408975789246
52.65 -1.3853849053751284 -2.2931119395592026
52.7 -1.3892354032481875 -2.2838829815394774
52.75 -1.3930859011212453 -2.2746540235197514
52.8 -1.3969363989943013 -2.2654250655000268
52.85 -1.4007868968673536 -2.2561961074803043
52.9 -1.404637394740403 -2.246967149460585
52.95 -1.4084878926134499 -2.2377381914408665
53.0 -1.412338390486497 -2.228509233421145
53.05 -1.4161888883595408 -2.219280275401428
53.1 -1.420039386232588 -2.210051317381701
53.15 -1.4238898841056344 -2.200822359361974
53.2 -1.4277403819786771 -2.19159340134225
53.25 -1.431590879851721 -2.182364443322519
53.3 -1.435441377724763 -2.1731354853027907
53.35 -1.439291875597802 -2.163906527283066
53.4 -1.4431423734708377 -2.15467756926334
53.45 -1.4469928713438711 -2.145448611243617
53.5 -1.4508433692169025 -2.1362196532238973
53.55 -1.4546938670899325 -2.126990695204176
53.6 -1.4585443649629635 -2.1177617371844466
53.65 -1.4623948628359933 -2.108532779164718
53.7 -1.4662453607090224 -2.0993038211449893
53.75 -1.4700958585820505 -2.090074863125247
53.8 -1.4739463564550768 -2.0808459051055084
53.85 -1.477796854328101 -2.071616947085772
53.9 -1.4816473522011187 -2.0623879890660457
53.95 -1.4854978500741367 -2.0531590310463144
54.0 -1.489348347947154 -2.043930073026582
54.05 -1.493198845820168 -2.034701115006854
54.1 -1.497049343693179 -2.0254721569871283
54.15 -1.5008998415661934 -2.016243198967389
54.2 -1.5047503394392066 -2.0070142409476515
54.25 -1.5086008373122197 -1.997785282927907
54.3 -1.512451335185228 -1.988556324908164
54.35 -1.5163018330582358 -1.979327366888421
54.4 -1.5201523309312408 -1.9700984088686804
54.45 -1.5240028288042424 -1.9608694508489433
54.5 -1.527853326677244 -1.951640492829205
54.55 -1.5317038245502412 -1.9424115348094733
54.6 -1.5355543224232397 -1.9331825767897346
54.65 -1.539404820296238 -1.923953618769993
54.7 -1.5432553181692374 -1.9147246607502457
54.75 -1.5471058160422362 -1.9054957027304968
54.8 -1.5509563139152314 -1.8962667447107489
54.85 -1.5548068117882259 -1.8870377866909975
54.9 -1.5586573096612166 -1.8778088286712495
54.95 -1.5625078075342047 -1.8685798706515024
55.0 -1.5663583054071881 -1.8593509126317602
55.05 -1.5702088032801695 -1.8501219546120196
55.1 -1.5740593011531518 -1.840892996592274
55.15 -1.5779097990261328 -1.8316640385725214
55.2 -1.5817602968991142 -1.8224350805527654
55.25 -1.5856107947720914 -1.8132061225330125
55.3 -1.5894612926450695 -1.8039771645132527
55.35 -1.5933117905180465 -1.7947482064934934
55.4 -1.5971622883910206 -1.7855192484737379
55.45 -1.6010127862639887 -1.7762902904539906
55.5 -1.604863284136957 -1.7670613324342412
55.55 -1.608713782009924 -1.7578323744144912
55.6 -1.612564279882889 -1.7486034163947382
55.65 -1.6164147777558509 -1.7393744583749888
55.7 -1.620265275628814 -1.7301455003552344
55.75 -1.6241157735017775 -1.7209165423354749
55.8 -1.62796627137474 -1.7116875843157093
55.85 -1.631816769247699 -1.7024586262959462
55.9 -1.635667267120658 -1.6932296682761794
55.95 -1.639517764993614 -1.6840007102564172
56.0 -1.6433682628665656 -1.6747717522366556
56.05 -1.6472187607395175 -1.665542794216893
56.1 -1.6510692586124658 -1.6563138361971352
56.15 -1.654919756485414 -1.6470848781773708
56.2 -1.6587702543583596 -1.6378559201576075
56.25 -1.6626207522313066 -1.6286269621378395
56.3 -1.6664712501042531 -1.619398004118068
56.35 -1.6703217479771963 -1.6101690460982987
56.4 -1.6741722458501376 -1.6009400880785316
56.45 -1.678022743723077 -1.5917111300587625
56.5 -1.6818732415960116 -1.5824821720389992
56.55 -1.6857237394689448 -1.5732532140192368
56.6 -1.6895742373418778 -1.5640242559994701
56.65 -1.6934247352148089 -1.5547952979797024
56.7 -1.6972752330877372 -1.545566339959937
56.75 -1.7011257309606675 -1.5363373819401627
56.8 -1.7049762288335992 -1.5271084239203836
56.85 -1.708826726706529 -1.5178794659006016
56.9 -1.7126772245794548 -1.5086505078808232
56.95 -1.71652772245238 -1.4994215498610444
57.0 -1.7203782203253004 -1.4901925918412702
57.05 -1.724228718198219 -1.480963633821496
57.1 -1.7280792160711342 -1.471734675801726
57.15 -1.731929713944048 -1.4625057177819563
57.2 -1.7357802118169605 -1.453276759762182
57.25 -1.7396307096898735 -1.444047801742405
57.3 -1.7434812075627846 -1.4348188437226268
57.35 -1.7473317054356947 -1.4255898857028433
57.4 -1.7511822033086057 -1.4163609276830562
57.45 -1.755032701181513 -1.4071319696632698
57.5 -1.7588831990544185 -1.3979030116434834
57.55 -1.7627336969273197 -1.388674053623701
57.6 -1.7665841948002203 -1.379445095603919
57.65 -1.7704346926731196 -1.3702161375841349
57.7 -1.7742851905460164 -1.3609871795643533
57.75 -1.7781356884189128 -1.3517582215445685
57.8 -1.7819861862918094 -1.342529263524781
57.85 -1.7858366841647042 -1.333300305504992
57.9 -1.7896871820375981 -1.3240713474851993
57.95 -1.7935376799104896 -1.3148423894654109
58.0 -1.7973881777833778 -1.3056134314456262
58.05 -1.801238675656262 -1.2963844734258445
58.1 -1.8050891735291468 -1.2871555154060605
58.15 -1.80893967140203 -1.277926557386276
58.2 -1.8127901692749113 -1.2686975993664904
58.25 -1.8166406671477908 -1.2594686413467011
58.3 -1.8204253216230872 -1.2503974981436174
58.35 -1.8238911551138162 -1.2420905122126982
58.4 -1.8272757430107647 -1.2339782571959375
58.45 -1.8303561415929992 -1.2265950899487197
58.5 -1.8332786697123273 -1.2195903098643284
58.55 -1.8359740184502844 -1.2131300383974257
58.6 -1.83838828081292 -1.2073434807572172
58.65 -1.8406947292263602 -1.2018153340142768
58.7 -1.842666184318693 -1.1970901065594581
58.75 -1.844479768988393 -1.192743266356213
58.8 -1.8460199683340688 -1.1890516822864883
58.85 -1.847363792280757 -1.185830774970237
58.9 -1.8485189418577224 -1.1830620867081356
58.95 -1.8493699021214633 -1.1810224860386576
59.0 -1.8501188242065696 -1.1792274528109634
59.05 -1.8505212015380141 -1.1782630258299018
59.1 -1.85077880010637 -1.1776456077605646
59.15 -1.85077880010637 -1.1776456077605646
59.2 -1.85077880010637 -1.1776456077605646
59.25 -1.85077880010637 -1.1776456077605646
59.3 -1.85077880010637 -1.1776456077605646
59.35 -1.8507819372787677 -1.1776276302730508
59.4 -1.8508170413947045 -1.177435787086959
59.45 -1.8508923532628867 -1.1772063122567684
59.5 -1.8510075078261925 -1.1768287796949173
59.55 -1.8511454279853634 -1.1764336694333055
59.6 -1.8513195479787987 -1.1759086288536025
59.65 -1.8515097657845079 -1.1753447918027269
59.7 -1.851736727754541 -1.17465708053921
59.75 -1.8519990609281973 -1.1738144788595486
59.8 -1.8522977542154533 -1.1727680184282292
59.85 -1.8526318816429865 -1.1714526056490473
59.9 -1.8530010371117662 -1.1698651363992905
59.95 -1.8534055761289663 -1.1680854963285505
60.0 -1.853844613052474 -1.1661667946870933
60.05 -1.8542960717596728 -1.1641408084844302
60.1 -1.8547090477914037 -1.1620415166688305
60.15 -1.8550426106830629 -1.160058966879943
60.2 -1.8553003081776172 -1.158193517471179
60.25 -1.8554831151511992 -1.1564777277327478
60.3 -1.855578134646656 -1.155163914314684
60.35 -1.855615654886538 -1.1541341268332141
60.4 -1.8556120721480769 -1.1534786026220274
60.45 -1.8555925591669666 -1.1530563037785195
60.5 -1.8555659256607566 -1.152772773451344
60.55 -1.8555411699030175 -1.1526102410977435
60.6 -1.8554315266833206 -1.1518545913658527
60.65 -1.8552848817005148 -1.151026264494274
60.7 -1.8549736511525603 -1.1494860520591375
60.75 -1.854486145678893 -1.1473807215315857
60.8 -1.853871371523538 -1.1450159388176826
60.85 -1.8530229808718999 -1.1420524181179281
60.9 -1.8520228971750796 -1.138861124964239
60.95 -1.850780072754683 -1.1351795637252413
61.0 -1.8492237325224377 -1.1308792253952547
61.05 -1.8468630254677296 -1.1247309058033261
61.1 -1.8436383976456174 -1.1167608002611378
61.15 -1.8401786606330626 -1.1086062325689328
61.2 -1.8365442976600372 -1.1003881325191152
61.25 -1.8327470512437798 -1.0921019719339107
61.3 -1.8287992400393103 -1.0837425007135086
61.35 -1.8247137694229698 -1.0753037886187196
61.4 -1.820504146553568 -1.066779275546356
61.45 -1.8161844998299175 -1.0581618305080878
61.5 -1.8117696024811476 -1.0494438195758866
61.55 -1.807274899785748 -1.0406171830230193
61.6 -1.8027338390057197 -1.03171107571309
61.65 -1.7981913955500093 -1.022802305179572
61.7 -1.7936489520781498 -1.0138935346596076
61.75 -1.7891065085894369 -1.004984764152308
61.8 -1.7845640650833285 -0.9960759936570015
61.85 -1.7800216215594105 -0.9871672231731821
61.9 -1.7754791780173658 -0.9782584527004619
61.95 -1.7709367344569504 -0.9693496822385479
62.0 -1.7663942908779737 -0.9604409117872074
62.05 -1.7618518472802902 -0.9515321413462674
62.1 -1.757309403663787 -0.9426233709155941
62.15 -1.7527669597518942 -0.9337146005257932
62.2 -1.748224515809729 -0.9248058301281636
62.25 -1.7436820719032233 -0.9158970597133603
62.3 -1.7391396280326004 -0.9069882892811796
62.35 -1.7345971841980257 -0.8980795188314125
62.4 -1.7300547403972102 -0.8891707482612891
62.45 -1.7255122965976026 -0.8802619770542344
62.5 -1.7209698527986632 -0.8713532058486778
62.55 -1.7164274090001337 -0.8624444346440708
62.6 -1.711884965201854 -0.8535356634400671
62.65 -1.7073425214037308 -0.8446268922364605
62.7 -1.7028000776057044 -0.835718121033109
62.75 -1.6982576338077402 -0.8268093498299323
62.8 -1.6937151900098137 -0.81790057862687
62.85 -1.6891727462119126 -0.8089918074238892
62.9 -1.6846303024140274 -0.8000830362209631
62.95 -1.6800878586161514 -0.7911742650180754
63.0 -1.6755454148182845 -0.7822654938152224
63.05 -1.6710029710204213 -0.773356722612388
63.1 -1.666460527222558 -0.7644479514095627
63.15 -1.6619180834246967 -0.7555391802067474
63.2 -1.6573756396268402 -0.7466304090039483
63.25 -1.6528331958289832 -0.7377216378011501
63.3 -1.6482907520311307 -0.7288128665983676
63.35 -1.6437483082332702 -0.7199040953955727
63.4 -1.639205864435416 -0.7109953241927878
63.45 -1.6346634206375577 -0.7020865529899953
63.5 -1.630120976839701 -0.6931777817872089
63.55 -1.625578533041848 -0.6842690105844338
63.6 -1.6210360892440014 -0.675360239381669
63.65 -1.616493645446157 -0.666451468178911
63.7 -1.6119512016483024 -0.6575426969761372
63.75 -1.6074087578504415 -0.648633925773355
63.8 -1.602866314052583 -0.6397251545705797
63.85 -1.598323870254723 -0.630816383367804
63.9 -1.5937814264568608 -0.6219076121650301
63.95 -1.5892389826589983 -0.6129988409622585
64.0 -1.5846965388611323 -0.6040900697594817
64.05 -1.5801540950632673 -0.5951812985567121
64.1 -1.5756116512653962 -0.586272527353934
64.15 -1.5710692074675268 -0.5773637561511629
64.2 -1.566526763669657 -0.5684549849483955
64.25 -1.5619843198717807 -0.559546213745623
64.3 -1.5574418760739057 -0.5506374425428555
64.35 -1.552899432276027 -0.5417286713400857
64.4 -1.5483569884781472 -0.5328199001373164
64.45 -1.5438145446802658 -0.5239111289345498
64.5 -1.5392721008823849 -0.5150023577317854
64.55 -1.5347296570845024 -0.5060935865290228
64.6 -1.5301872132866152 -0.4971848153262571
64.65 -1.5256447694887298 -0.4882760441234957
64.7 -1.5211023256908414 -0.4793672729207334
64.75 -1.5165598818929509 -0.47045850171796927
64.8 -1.5120174380950613 -0.4615497305152099
64.85 -1.507474994297168 -0.452640959312448
64.9 -1.502932550499275 -0.44373218810968784
64.95 -1.4983901067013796 -0.43482341690693
65.0 -1.4938476629034816 -0.4259146457041692
65.05 -1.4893052191055838 -0.4170058745014111
65.1 -1.4847627753076833 -0.4080971032986534
65.15 -1.4802203315097833 -0.39918833209589905
65.2 -1.475677887711879 -0.3902795608931428
65.25 -1.4711354439139752 -0.38137078969038923
65.3 -1.466593000116069 -0.3724620184876386
65.35 -1.462050556318159 -0.36355324728488336
65.4 -1.4575081125202494 -0.35464447608213306
65.45 -1.4529656687223376 -0.3457357048793834
65.5 -1.448423224924424 -0.3368269336766344
65.55 -1.4438807811265097 -0.32791816247388733
65.6 -1.439338337328592 -0.3190093912711364
65.65 -1.4347958935306726 -0.3101006200683903
65.7 -1.4302534497327524 -0.30119184886564354
65.75 -1.425711005934831 -0.29228307766289635
65.8 -1.4211685621369101 -0.2833743064601545
65.85 -1.416626118338987 -0.27446553525740963
65.9 -1.4120836745410619 -0.26555676405466666
65.95 -1.4075412307431356 -0.25664799285192386
66.0 -1.4029987869452085 -0.24773922164918202
66.05 -1.3984563431472787 -0.23883045044644252
66.1 -1.3939138993493467 -0.2299216792436994
66.15 -1.3893714555514145 -0.22101290804096108
66.2 -1.3848290117534796 -0.21210413683822016
66.25 -1.3802865679555434 -0.2031953656354809
66.3 -1.3757441241576074 -0.19428659443274818
66.35 -1.3712016803596656 -0.18537782323001015
66.4 -1.3666592365617236 -0.17646905202727414
66.45 -1.362116792763781 -0.1675602808245403
66.5 -1.357574348965836 -0.15865150962180583
66.55 -1.353031905167889 -0.14974273841907457
66.6 -1.3484894613699399 -0.1408339672163413
66.65 -1.3439470175719914 -0.13192519601361347
66.7 -1.3394045737740374 -0.12301642481088126
66.75 -1.3348621299760839 -0.11410765360815017
66.8 -1.3303196861781321 -0.10519888240542435
66.85 -1.3257772423801746 -0.09629011120269311
66.9 -1.3212347985822195 -0.0873813399999665
66.95 -1.3166923547842622 -0.0784725687972427
67.0 -1.3121499109863024 -0.06956379759451581
67.05 -1.3076074671883429 -0.06065502639179178
67.1 -1.3030650233903778 -0.051746255189063804
67.15 -1.2985225795924156 -0.04283748398634308
67.2 -1.293980135794448 -0.03392871278361768
67.25 -1.2894376919964814 -0.025019941580896352
67.3 -1.2848952481985125 -0.016111170378177816
67.35 -1.2803528044005394 -0.007202399175451839
67.4 -1.2758103606025675 0.001706372027265763
67.45 -1.271267916804593 0.010615143229982853
67.5 -1.2667254730066149 0.019523914432702703
67.55 -1.2621830292086391 0.028432685635415192
67.6 -1.2576405854106585 0.03734145683813248
67.65 -1.2530981416126776 0.04625022804084635
67.7 -1.2485556978146934 0.05515899924356475
67.75 -1.2440132540167088 0.06406777044627815
67.8 -1.239470810218724 0.07297654164898855
67.85 -1.2349283664207353 0.08188531285170372
67.9 -1.2303859226227476 0.0907940840544148
67.95 -1.2258434788247574 0.09970285525712681
68.0 -1.2213010350267648 0.10861162645984002
68.05 -1.2167585912287733 0.1175203976625466
68.1 -1.2122161474307787 0.12642916886525907
68.15 -1.2076737036327836 0.13533794006796454
68.2 -1.2031312598347852 0.14424671127067204
68.25 -1.1985888160367864 0.1531554824733776
68.3 -1.194046372238786 0.16206425367608213
68.35 -1.1895039284407818 0.17097302487878924
68.4 -1.1849614846427787 0.17988179608149094
68.45 -1.1804190408447717 0.18879056728419305
68.5 -1.175876597046763 0.19769933848689472
68.55 -1.1713341532487545 0.2066081096895928
68.6 -1.166791709450741 0.21551688089229618
68.65 -1.1622492656527297 0.22442565209499296
68.7 -1.1577068218547146 0.2333344232976912
68.75 -1.1531643780566998 0.242243194500389
68.8 -1.1486219342586828 0.2511519657030839
68.85 -1.1440794904606633 0.26006073690578013
68.9 -1.1395370466626438 0.2689695081084755
68.95 -1.1349946028646232 0.27787827931116793
69.0 -1.1304521590665995 0.28678705051386405
69.05 -1.1259097152685762 0.29569582171655645
69.1 -1.1213672714705487 0.30460459291925185
69.15 -1.1168248276725232 0.31351336412194036
69.2 -1.1122823838744926 0.3224221353246323
69.25 -1.1077399400764625 0.33133090652732144
69.3 -1.1031974962784317 0.34023967773000724
69.35 -1.0986550524803973 0.34914844893269703
69.4 -1.0941126086823618 0.35805722013538305
69.45 -1.0895701648843252 0.36696599133806895
69.5 -1.0850277210862833 0.3758747625407573
69.55 -1.0804852772882432 0.3847835337434391
69.6 -1.0759428334902 0.3936923049461235
69.65 -1.0714003896921571 0.4026010761488041
69.7 -1.0668579458941105 0.4115098473514878
69.75 -1.0623155020960626 0.4204186185541694
69.8 -1.0577730582980152 0.42932738975684814
69.85 -1.0532306144999641 0.43823616095953116
69.9 -1.048688170701913 0.4471449321622076
69.95 -1.044145726903861 0.45605370336488377
70.0 -1.0396128221948637 0.4649437662571637
70.05 -1.0354832861590066 0.4730427309207168
70.1 -1.031396449104013 0.48105795309297794
70.15 -1.027692994325847 0.48832127505118433
70.2 -1.0241816849304917 0.4952077560082495
70.25 -1.0210019739358978 0.5014438965669478
70.3 -1.017935824050194 0.5074573179561839
70.35 -1.01521035744915 0.5128025814009773
70.4 -1.012607536841085 0.5179073081329544
70.45 -1.0103363146262974 0.5223616944606311
70.5 -1.008260417499679 0.5264330037324076
70.55 -1.0064434396637116 0.5299965129400828
70.6 -1.0048853811233198 0.5330522222904157
70.65 -1.003522647659032 0.5357248543746315
70.7 -1.0024460881483985 0.5378362339705456
70.75 -1.0015375990488484 0.5396179889274388
70.8 -1.0009516234476317 0.5407672212223483
70.85 -1.0004973787057683 0.5416580990482825
70.9 -1.00037518680725 0.5418977453946353
70.95 -1.00037518680725 0.5418977453946353
71.0 -1.00037518680725 0.5418977453946353
71.05 -1.00037518680725 0.5418977453946353
71.1 -1.00037518680725 0.5418977453946353
71.15 -1.00037518680725 0.5418977453946353
71.2 -1.00037518680725 0.5418977453946353
71.25 -1.00037518680725 0.5418977453946353
71.3 -1.00037518680725 0.5418977453946353
71.35 -1.00037518680725 0.5418977453946353
71.4 -1.00037518680725 0.5418977453946353
71.45 -1.00037518680725 0.5418977453946353
71.5 -1.00037518680725 0.5418977453946353
71.55 -1.00037518680725 0.5418977453946353
71.6 -1.00037518680725 0.5418977453946353
71.65 -1.00037518680725 0.5418977453946353
71.7 -1.00037518680725 0.5418977453946353
71.75 -1.00037518680725 0.5418977453946353
71.8 -1.00037518680725 0.5418977453946353
71.85 -1.00037518680725 0.5418977453946353
71.9 -1.00037518680725 0.5418977453946353
71.95 -1.00037518680725 0.5418977453946353
72.0 -1.00037518680725 0.5418977453946353
72.05 -1.00037518680725 0.5418977453946353
72.1 -1.00037518680725 0.5418977453946353
72.15 -1.00037518680725 0.5418977453946353
