5.763 1.066206122791124 -0.4982856118363304
5.871 1.0825202459540744 -0.4997622276162522
5.976 1.1346966159088205 -0.4985463324491579
6.075 1.131324129731755 -0.49834639949030607
6.173 1.040294046647798 -0.5006583078875926
6.269 1.0141534864769548 -0.4995939117363876
6.337 1.0262219451957817 -0.49975396429411195
6.4190000000000005 1.137238508964606 -0.4959472134838838
6.505 1.0884620065832868 -0.5014631819397898
6.553 1.092238153457974 -0.501437223984172
6.624 1.1936283900270956 -0.4964232166946891
6.705 0.9789124611757233 -0.4986542103211786
6.807 1.1020322764260067 -0.49563754030420115
6.897 1.1242159490761199 -0.4951979105469961
6.978 1.10369740753485 -0.4988802444324454
7.067 1.1723472939687953 -0.4975149351585202
7.131 1.175905657876436 -0.49748531466893325
7.168 1.1828015872111715 -0.49754731071375746
7.272 1.1925483942903556 -0.4976878329332514
7.369 1.212732786028903 -0.4977677611604316
7.468 1.2533576069516317 -0.49741115391643387
7.542 1.1990828836183938 -0.4992979176525784
7.636 1.2244737301708843 -0.4993431622094569
7.737 1.2987735117312313 -0.4976755110326385
7.8260000000000005 1.2353248095358753 -0.4995805562547022
7.916 1.2968699866856843 -0.49444596460326706
7.944 1.3022592510157118 -0.49438055769234013
8.032 1.3964922622132696 -0.48863282221019827
8.121 1.319201996236442 -0.4941644382318581
8.222 1.3189980039204476 -0.5010138859476545
8.257 1.3278206688493652 -0.5011958191059069
8.341 1.2685096652580012 -0.5004489385726423
8.433 1.4507300612821445 -0.48688204972712706
8.528 1.4441148018942576 -0.48692025708069947
8.627 1.4166477001708824 -0.49291759672606056
8.714 1.4286623557029134 -0.49268545178229434
8.802 1.3985885405814005 -0.49422012365116935
8.827 1.3992993189965686 -0.4942050487892666
8.918 1.5202578340245887 -0.4861865902666661
9.018 1.5756788389953316 -0.48292489581507264
9.1 1.5838949363300372 -0.48273948049297943
9.167 1.4602169497956219 -0.4945292457357642
9.257 1.4844300848662377 -0.4948960434834552
9.339 1.5796081774474688 -0.48110788606841093
9.43 1.4888650199899018 -0.49355946075730367
9.524000000000001 1.5337860189796684 -0.49257510827062057
9.55 1.5412190329274496 -0.4924844458442881
9.647 1.6015054217882154 -0.48441103752418757
9.74 1.574563748672823 -0.4913374163626209
9.809 1.6367086805985223 -0.48328408984100235
9.907 1.536481055735567 -0.4915042307278124
9.987 1.550095014159843 -0.4914706234865089
10.049 1.6780371056853713 -0.47730809479803804
10.136 1.7109701582101104 -0.4758351816293537
10.233 1.7163299849707012 -0.47575047760905
10.328 1.7204798901115437 -0.4742095227578647
10.41 1.7443527139734674 -0.4757028782075134
10.508 1.7730360273210162 -0.4695726552721603
10.602 1.7352977152360891 -0.47335234361289286
10.614 1.7361473615231886 -0.4733143527534134
10.709 1.8045507889486474 -0.46817047434011205
10.812 1.9073271150697073 -0.4647763620655618
10.906 1.875553497993402 -0.4658917601844426
10.999 1.8870720584445708 -0.4654332460690797
11.098 1.9326812247225371 -0.46478048228538543
11.117 1.9502338308055416 -0.4638748883776277
11.206 1.8367171090734709 -0.4685883109277131
11.302 1.9643758410444083 -0.46304691429852546
11.397 1.9689590800325658 -0.4631049441815471
11.485 1.9524298104452138 -0.46517639559193474
11.56 1.9602403990098785 -0.4640369267190132
11.645 1.9149501002826543 -0.4627994186035994
11.732 1.90532434428891 -0.46366797800806175
11.838000000000001 2.0095461296782298 -0.46091377787404847
11.922 1.971868198681187 -0.4632965354135622
11.927 1.972132541501031 -0.46329016004357765
12.016 2.0515054553155387 -0.46182574793757963
12.104 2.021003934456366 -0.45781380190081084
12.207 2.034700243523295 -0.4572224735942135
12.298 2.051116363461341 -0.4566421235974906
12.395 2.0130793827669193 -0.4624907844022304
12.479 2.0192621662635393 -0.46049253549682884
12.544 1.9849870707185324 -0.4599599093000429
12.638 2.132184911301083 -0.4550428005681988
12.733 2.1161977217259853 -0.4551550901823433
12.809 2.0499759323041515 -0.4558829416770682
12.908 2.0355340397531574 -0.4580004450253163
12.987 2.056370190287468 -0.4569475280171298
13.079 2.018156038215764 -0.45896051798625137
13.152 2.057165547997615 -0.4576922690740973
13.233 2.037189544474931 -0.4588354143179276
13.336 2.0283613284597943 -0.4588450489750776
13.439 2.0747414054620994 -0.4585258351444729
13.542 2.083329640520528 -0.4564876145979812
13.621 2.030640431226428 -0.4596647415639208
13.719 2.099012143311966 -0.45599549068314615
13.818 2.2024442351398226 -0.4460102002437617
13.909 2.179340015524224 -0.44807137999975083
14.01 2.0155495975990245 -0.4596526324364569
14.035 2.0153739041404655 -0.45963049117596483
14.123 2.1225155473135686 -0.4550395774837181
14.221 2.105025753680436 -0.45568234031894816
14.319 2.1289917055028527 -0.4525158184927992
14.419 2.124507059732825 -0.4528306749330001
14.516 2.162458276737775 -0.4558487934269381
14.617 2.0925029765987433 -0.4558093657202063
14.715 2.1914042148387294 -0.4502707393255579
14.814 2.1853438331080377 -0.44943024149693855
14.838000000000001 2.1871540747417333 -0.4495998878897524
14.937 2.0208767362667035 -0.44972814064735456
15.032 2.1027885200430227 -0.45652205319475
15.118 2.176484076581261 -0.4559132831729314
15.206 2.0060485647429105 -0.4461175059031835
15.303 1.985756049423293 -0.4409793527028412
15.344 1.986096757675582 -0.4410219978855971
15.443 2.2303887306717236 -0.45872132790160924
15.525 1.9569270400617715 -0.4315736864502541
15.592 1.9560138004891137 -0.4310437635330988
15.691 1.9396707502766057 -0.42541534084275967
15.779 2.08145348739732 -0.45686703244074206
15.786 2.081116154810837 -0.4567210533747445
15.872 2.0856737796763043 -0.4593689396800731
15.927 1.9319992236504993 -0.4188109918147551
16.017 2.0674776826872554 -0.4888967662921938
16.085 2.068184216439327 -0.489317903407977
16.186 1.929640155654107 -0.4126651135679846
16.277 1.9301578814796594 -0.38234988677600035
16.376 1.9367672856677147 -0.39580207363487135
16.454 1.958031040512019 -0.4010695939511972
16.544 2.1194955462287672 -0.4481344028333873
16.631 2.081914600913213 -0.4956721498994966
16.737000000000002 1.9713392055140333 -0.4206753589917432
16.747 1.9713635425287324 -0.4210122055226265
16.844 1.9758099410961767 -0.4343667974909186
16.93 1.9761599674331005 -0.43560974098074307
16.955 1.976095541728229 -0.43629583664393745
17.037 1.991964993589311 -0.5166433760781578
17.129 2.086345663425609 -0.5022706915185355
17.201 1.9855460020574107 -0.5500409955579781
17.288 1.9798668227786176 -0.5727431683913301
17.38 1.961216701834277 -0.4999418052286834
17.434 1.9634878049280753 -0.5639585424885148
17.538 1.9784728227313897 -0.565192797710829
17.624 1.9917046073135904 -0.5272759209355431
17.669 1.9901174776828487 -0.5310156944665796
17.748 1.965883991057294 -0.5969386302619488
17.853 1.9209827930172836 -0.4369388376819287
17.929 1.921509097026611 -0.43567116634505354
18.02 1.918348030123498 -0.4444474298312314
18.109 1.9792336633011254 -0.5617713393318462
18.2 1.977321133999498 -0.5673766524571886
18.203 1.9023314998443042 -0.4900355083817982
18.3 1.8953425941280235 -0.5109837717791825
18.39 1.925320646185585 -0.6992526147991861
18.391 1.9252758300089359 -0.699376879831534
18.484 1.9218776014691186 -0.7066317381606373
18.571 1.9174810068801802 -0.705669582256214
18.585 1.9160143071400124 -0.7089238732736881
18.665 1.9003368540936385 -0.759738851004572
18.77 1.8740182388304878 -0.7962561658400042
18.871 1.8307262039390604 -0.8995822272349636
18.971 1.8675733551797242 -0.8215879361409757
19.072 1.83894010720264 -0.6619828663573271
19.073 1.8388792195141535 -0.6621496482130481
19.169 1.83777271216121 -0.6626226086136143
19.26 1.8288162050076417 -0.6896512875212143
19.284 1.8267157669313503 -0.6948572136060673
19.352 1.8344277361083685 -0.6673320326534905
19.43 1.8418529603653933 -0.6556875288814858
19.469 1.839159092259611 -0.6638115211911366
19.554 1.8391127017360136 -0.6639159304198489
19.628 1.7640587629279503 -1.0516803132861066
19.721 1.8077040057893328 -0.7496405078824693
19.786 1.8038885956550383 -0.7603702166998854
19.884 1.7557679479250274 -1.073301390882788
19.975 1.7258843926386789 -1.1330433303773064
20.019 1.8153264935440927 -0.9690857304971843
20.108 1.810766145585646 -0.9807152577905219
20.125 1.8100643761717652 -0.98256401567204
20.219 1.7836984995871161 -0.8211617478392401
20.232 1.7833753901738547 -0.8221546172952087
20.325 1.7804145327638388 -1.0577387301945056
20.417 1.6638383193473405 -1.2671696451895336
20.478 1.6559682073518085 -1.2838825933560538
20.579 1.7232421036057044 -1.1390408146329116
20.627 1.7783780742675208 -0.8380029536544261
20.723 1.7514334143682004 -0.9132109635414962
20.768 1.7467388359300147 -0.9254772901285736
20.862000000000002 1.72976093040644 -0.9748556914666283
20.918 1.7387653489909674 -0.9527868576356888
21.009 1.7409000571219049 -0.94044558043709
21.066 1.7384043532179825 -0.9468729854008605
21.156 1.7285989202490903 -0.9728018933808872
21.25 1.7279569663146268 -0.9790761924078606
21.352 1.7309096220096847 -1.1788306790442404
21.451 1.7114837057991343 -1.0537395756944912
21.54 1.7133495846709996 -1.0439995475957538
21.636 1.6859790772996157 -1.082057510244825
21.734 1.7199053750039528 -1.0271144322510988
21.785 1.7163734286168377 -1.0374928607749656
21.889 1.6870881111554332 -1.0803478485295717
21.938 1.7133231395789186 -1.0133315487498815
22.034 1.6776051798143876 -1.1080192740466093
22.085 1.6731850612876724 -1.1214902497936168
22.163 1.676295341936353 -1.1117458650894725
22.224 1.6727859787295174 -1.1248790476195287
22.329 1.6947707469279802 -1.0638242691718103
22.42 1.6470631265647617 -1.19960348725499
22.479 1.6430864116872799 -1.210830098384713
22.571 1.6593083270613502 -1.156238856579037
22.646 1.6668457319573633 -1.140029346650155
22.731 1.6576350644975257 -1.1667962466309585
22.782 1.6533197149342331 -1.1778317830880392
22.88 1.6679954053409867 -1.139602083094015
22.946 1.668837062501342 -1.1368035526770066
23.054 1.6569904612603095 -1.169313303364612
23.092 1.6561122475046364 -1.1717891926666841
23.183 1.6343286251008506 -1.2352882571426005
23.258 1.6301319672431351 -1.2505289061577085
23.342 1.6053367416795206 -1.320190048351081
23.422 1.6014431490430059 -1.3320111531216094
23.504 1.554809877879397 -1.4320829031474231
23.589 1.5474861693889932 -1.4511653206776196
23.69 1.5978349509738532 -1.3475305919209226
23.785 1.614308470375702 -1.288201460805397
23.883 1.6175160672018203 -1.2842137984827686
23.971 1.568147318490462 -1.429052129982734
24.049 1.5997297560659085 -1.3329158809839035
24.1 1.5979450246467426 -1.3378948517520421
24.189 1.5950067249390758 -1.349107014808173
24.262 1.6118653609936915 -1.2952163155325407
24.363 1.6185784691269016 -1.2742610065081639
24.44 1.595400150019648 -1.3490240475685813
24.534 1.589781152165826 -1.3610496549493452
24.604 1.6267963653627169 -1.2323387133002557
24.704 1.5982992512192977 -1.3379204092496428
24.791 1.5982326103149112 -1.3383950444330908
24.879 1.6012906259692077 -1.3089560452860551
24.976 1.6033362698745603 -1.2843462691630794
25.053 1.6025674229279878 -1.2794199893005027
25.062 1.6024072088784473 -1.278381316734675
25.165 1.6040543031294732 -1.2813059687739818
25.224 1.6042122921884028 -1.2756413709161478
25.305 1.6000448165188066 -1.2572372859064969
25.345 1.6005816144452736 -1.2585485742501936
25.437 1.593187587222282 -1.2399548360871644
25.466 1.5954850092968627 -1.244920312933786
25.564 1.602787015786948 -1.3461349942098715
25.599 1.604921906569185 -1.3503146531073216
25.686 1.6284953828971753 -1.4099403138319333
25.698 1.6294979803909815 -1.4117051482774137
25.797 1.6450884860314863 -1.4373453172509723
25.849 1.6403920024764949 -1.333449182014447
25.93 1.6469841631718323 -1.3649539142607117
25.931 1.647082776190823 -1.3650929348685767
26.022 1.6748179725003505 -1.3661416149813146
26.041 1.6762959186803563 -1.3682166666442097
26.134 1.6516490019437446 -1.4107074448738492
26.165 1.6542731443064296 -1.4141137504546895
26.268 1.6793399322349547 -1.3720879982057075
26.367 1.6957744002537534 -1.3948254974957877
26.465 1.7119687794508929 -1.4207956673481357
26.491 1.7144788527312365 -1.424363083571923
26.588 1.7168986118770857 -1.4277167576796759
26.64 1.7095290876157507 -1.413320174877377
26.734 1.7136272436700055 -1.418914184885862
26.8 1.7186804195519705 -1.425925439256582
26.896 1.7559695616951077 -1.473111398901835
26.925 1.772037417493222 -1.4927164868291463
27.026 1.8121115119135902 -1.5407382681090749
27.028 1.812376139213664 -1.5410646722125811
27.128 1.8084646953110584 -1.5369606137984408
27.155 1.811081285966875 -1.539933052379758
27.241 1.8324053115570873 -1.564552969872508
27.262 1.8347012102140061 -1.5669709307918693
27.357 1.9283722696119778 -1.6805097630311323
27.366 1.929067521511371 -1.6813336794153713
27.466 1.852250872141715 -1.5933813013748535
27.535 1.8775585435773186 -1.626077202662288
27.635 1.8818797892509576 -1.6277423422365078
27.732 1.9496047503476535 -1.7054076904132385
27.784 1.9500490796833703 -1.7059602615101332
27.863 1.911439588191257 -1.6612373373198308
27.917 1.9391276391595829 -1.7069835162519675
28.025 1.9498260012474247 -1.7205068001574029
28.03 1.9503031369721537 -1.7211168572974944
28.133 1.9834458198486613 -1.7453228295238792
28.171 1.9879679258147205 -1.7508783835218669
28.263 2.0213954690984437 -1.7979829851384057
28.309 1.9968048842358488 -1.7722765601422361
28.395 2.005603505520776 -1.7838391545777708
28.427 2.056569553797142 -1.8356172311373902
28.526 2.091784057807224 -1.8762202379314499
28.6 2.102462756343169 -1.889218454630018
28.696 2.0511236901269196 -1.831142778722182
28.789 2.0500492150472804 -1.8298257780690412
28.879 2.0492841410869427 -1.82892714628912
28.979 2.0651449165888627 -1.8479018653341477
29.073 2.1122837493768536 -1.9097980623564992
29.171 2.0783127916964244 -1.8662570254321253
29.269 2.116596214936129 -1.9189308127904143
29.367 2.145602244889065 -1.9559853982249653
29.466 2.1456165056559753 -1.9511351515307138
29.563 2.1276241209429236 -1.9291158410379878
29.659 2.1439270425318804 -1.9499145599522252
29.736 2.175895928489906 -1.9888804464682597
29.827 2.137805600005613 -1.9428970764878397
29.917 2.1956825134777644 -2.017691667807404
30.017 2.15457922930505 -1.96670251639395
30.113 2.1996782400632013 -2.0189156839859215
30.165 2.1962325203015327 -2.0149383840246937
30.247 2.241091588858899 -2.068275699242143
30.294 2.2423160557262105 -2.0693209723968558
30.388 2.192862583001208 -2.010192468159574
30.479 2.194635653382232 -2.0117424845038836
30.567 2.149296384406956 -1.9527026121327449
30.679 2.189058469300237 -2.004907288846766
30.751 2.2103514603219394 -2.032489551882779
30.832 2.1311224551100287 -1.9229483319400182
30.921 2.204292299010812 -2.0221353791057024
30.994 2.2033578901432844 -2.0203384136950353
31.098 2.2041201264794394 -2.0352460668544636
31.156 2.2116647762713955 -2.049234932909318
31.245 2.210066202018627 -2.034484756937946
31.287 2.212928299505464 -2.0446612625119935
31.386 2.2107443321935936 -2.0402293962622435
31.431 2.2066366512418485 -2.0209037706438524
31.541 2.1787728903847534 -2.021610549589599
31.582 2.1795423718289157 -2.0312311036615367
31.677 2.221627450120936 -2.106472694035487
31.743 2.2073384659829403 -2.1126640143053272
31.842 2.2084398096532447 -2.1740660396327014
31.881 2.2078345059174245 -2.1830892318222754
31.975 2.2060151217598722 -2.2157897425658453
32.02 2.20301151996969 -2.220095085745585
32.113 2.20758885007131 -2.1840707620692603
32.162 2.2066591319945443 -2.197858016512367
32.259 2.2026002460270266 -2.213058227909685
32.351 2.1989274608774454 -2.2516249944187994
32.382 2.1981402420775504 -2.257831591671033
32.471 2.191475823506467 -2.2825013008182826
32.553 2.1897156345975417 -2.296828149088069
32.654 2.1756983984934393 -2.3941017998483693
32.728 2.18766204538258 -2.3163352818669094
32.742 2.1872728739026606 -2.3189324238249736
32.834 2.1879322013844407 -2.2988472393320456
32.91 2.1821387554534106 -2.3809889618429763
33.002 2.168532913091189 -2.46416620160903
33.072 2.165468758351579 -2.486674923953279
33.174 2.1848634126415476 -2.3548617997413728
33.273 2.165527877891955 -2.509828230284758
33.352 2.152469631900417 -2.54642805772197
33.455 2.158417063267158 -2.5365396703946494
33.516 2.155916032660021 -2.548764684269933
33.612 2.158020591884039 -2.538540414394653
33.649 2.1570305331465316 -2.5473971316138893
33.742 2.1662523395241395 -2.5105625043813666
33.828 2.1482927641817393 -2.6005831459668465
33.887 2.145964205757031 -2.6148360375435904
33.983 2.1423411043318605 -2.676728340040586
34.046 2.1426904143110703 -2.6359504603852826
34.134 2.139210813841668 -2.6589944299369344
34.192 2.137265867353855 -2.6716114358593845
34.293 2.132701141346503 -2.694506164136626
34.364 2.1239885406870616 -2.7480795592799185
34.453 2.131387506711929 -2.695756341954757
34.505 2.1255799233649135 -2.733830332713727
34.601 2.137080582880443 -2.6753383709480762
34.626 2.1366952975952693 -2.677873567430844
34.722 2.135344737827461 -2.682332097518067
34.757 2.1346469586899133 -2.6876017160606227
34.852 2.124544914552744 -2.739823604418459
34.894 2.1224476219274244 -2.7565536106828534
34.984 2.1051951760094756 -2.8557007709473705
35.026 2.1155387099327343 -2.81290138076281
35.137 2.1325146164885065 -2.727086566936794
35.168 2.1316559416486047 -2.7346691335297573
35.241 2.1281117117180526 -2.766806347310627
35.291 2.126870118883835 -2.7772967478207633
35.372 2.135864609401751 -2.7132544429430197
35.435 2.1286807965888546 -2.755858868056512
35.515 2.113307311291659 -2.8862586115986937
35.572 2.1119047309622077 -2.898089967020655
35.661 2.1290792020906086 -2.751430578492229
35.715 2.1231197936721165 -2.797990159662933
35.793 2.1217638435907973 -2.8103853803304486
35.846000000000004 2.1187550756933913 -2.8336407166066113
35.944 2.1244961960557402 -2.7878504794534242
35.979 2.1238286437864806 -2.79508373150242
36.061 2.117107944746942 -2.848114742287892
36.1 2.115839254245598 -2.859114486176993
36.19 2.1141059643392475 -2.8763322771292716
36.29 2.1171417055088484 -2.835038751042741
36.361 2.1251391684197953 -2.786728386984437
36.46 2.0999463985356104 -3.000120725283456
36.562 2.1149206265616423 -2.8886158113111313
36.669 2.102410925061099 -2.943874502401508
36.754 2.1106747490034614 -2.927833586796309
36.852 2.073433291931373 -3.1627977700399192
36.946 2.109788320219319 -2.934938144779753
37.051 2.1065319727710246 -2.970897364920769
37.14 2.1117005670487985 -2.9081535311066107
37.217 2.1102470056197826 -2.9301977671627704
37.313 2.1089292068879537 -2.94819986882868
37.401 2.0884462421680765 -3.021311585973256
37.481 2.0869305683216783 -3.028887570067518
37.585 2.101541190915702 -3.0317161596768067
37.66 2.1083829368616103 -2.953095309251475
37.737 2.110071080672209 -2.9327047425797317
37.811 2.1013602493019228 -2.9356479542916567
37.898 2.1023080868589794 -2.929685834161017
37.929 2.089222759399029 -3.0464280606138185
38.018 2.1081965176784028 -2.9011714457395334
38.106 2.084651674457235 -3.0595981408335584
38.186 2.0848940261005127 -3.059389086328907
38.284 2.0926825408889473 -2.9467113821460638
38.382 2.0913795702184164 -2.9543639151205228
38.483 2.0939007950816197 -2.9513996513273866
38.579 2.0949463981963112 -2.9612600707076626
38.668 2.0678582509962564 -2.992311941602058
38.759 2.106369802340275 -2.944558345983573
38.777 2.105915618493066 -2.9451863775896054
38.853 2.045489223291282 -3.029829670692267
38.917 2.044678536276195 -3.0000643040329984
38.986 2.047053113891178 -2.998278723105724
39.027 2.0744107974999366 -2.973189333033518
39.105 2.142454016187119 -2.913979313775923
39.155 2.1346001770562193 -2.9210788321615153
39.233 2.0178660398752823 -3.021907947565739
39.287 2.0197541777402757 -3.0204046205716635
39.37 2.0391209822042855 -2.9652941931368186
39.407 2.031491576094993 -2.970947697746017
39.502 2.0309174989321286 -2.971506618222923
39.599 2.0141367108726036 -2.984142991756216
39.607 2.0201826560184544 -2.979419991182794
39.709 1.97243748669616 -3.0194352738654215
39.758 1.9668787157017134 -3.023610570393641
39.856 1.9970893222580675 -2.9968964778292198
39.943 2.011596659612694 -2.9853446028099366
40.031 1.8695660847240372 -3.1313939703715774
40.066 1.86026209161174 -3.137540052242811
40.156 1.9071362401522018 -3.1334981220723392
40.225 1.894678699815566 -3.142884637688359
40.316 1.9568504971692011 -3.024453051948839
40.361 1.9465833232059142 -3.0320336966988397
40.444 1.8099433468534885 -3.1699314991232868
40.493 1.7983850300014064 -3.177822635235346
40.573 1.871099451721508 -3.088488770844643
40.592 1.8656317575738446 -3.092331403534802
40.69 1.8349378081909826 -3.1950707218793064
40.704 1.8351580286442395 -3.191544671252835
40.793 1.8246352818608518 -3.19997887940759
40.8 1.823420223966123 -3.2009505411019847
40.891 1.7609277086659794 -3.2548726777527826
40.985 1.7892571854497543 -3.2318668680840403
41.037 1.722472624184136 -3.2859487763669732
41.136 1.790838036402482 -3.2307628838921527
41.241 1.7278124250381677 -3.1898641946722064
41.312 1.6865728046557769 -3.2553281832665206
41.379 1.6751861889669308 -3.263013478793405
41.457 1.73853255057248 -3.2222559498400525
41.535 1.6912592026805078 -3.213187773827706
41.546 1.687964939361904 -3.2155568562237966
41.645 1.7363401148367168 -3.2245203110819904
41.68 1.7300408612739397 -3.229137569555798
41.78 1.531748750412855 -3.356310039557992
41.815 1.6767380480286598 -3.265204222995865
41.905 1.6770551665860685 -3.2649686498889996
41.937 1.6714526716307592 -3.2690774111140675
42.027 1.7420665499842931 -3.2194875015034596
42.039 1.7419667802850767 -3.219555271863545
42.121 1.5942583135476256 -3.321825639661982
42.137 1.5919873811993006 -3.323442110719473
42.232 1.5737060459108143 -3.336093010234215
42.321 1.6649901078057803 -3.2754441925649043
42.329 1.664460643424431 -3.275839199009336
42.397 1.6530153974501995 -3.284551609092099
42.419 1.5040888186257604 -3.375440240248726
42.508 1.4988470710815993 -3.377677615260749
42.533 1.4890661907321434 -3.3842954254301403
42.598 1.4781604981817698 -3.3918735873338357
42.618 1.6378328871823262 -3.293656062084927
42.698 1.6257606789487826 -3.30269625852454
42.709 1.352075296764922 -3.473730928476678
42.807 1.6147389760787083 -3.3118673772764127
42.83 1.6121574147131905 -3.3137470231397406
42.931 1.551259036185436 -3.357688116298966
42.947 1.5485429090782217 -3.3595852112792555
43.045 1.3900629128278523 -3.4507115074097956
43.057 1.388395288147629 -3.4517150520080206
43.147 1.3311106140112543 -3.4871902484238224
43.166 1.3276870143350799 -3.489451745094555
43.254 1.284186128923874 -3.517214075899544
43.284 1.2776549375213777 -3.521325094567378
43.374 1.3798122117701752 -3.461364095004654
43.403 1.3307537222196013 -3.4955148248861727
43.505 1.3504549721110146 -3.481299083133726
43.536 1.3468324172820532 -3.483827596540102
43.612 1.2506547128636571 -3.550649398945705
43.632 1.2469238536401455 -3.5530512849779297
43.707 1.1805538732591887 -3.58307142081309
43.718 1.1789015033469752 -3.584138522146524
43.814 1.2249965106911445 -3.5544888025551957
43.846000000000004 1.2242704447516888 -3.554952236544551
43.94 1.175980974719119 -3.600686132350106
43.976 1.1685649490596155 -3.6060613349520243
44.078 1.156116608627467 -3.599413863629605
44.085 1.1540590963107376 -3.6007871462192123
44.195 1.0530216572186903 -3.6830131458603046
44.206 1.1495253477880918 -3.616779260914746
44.299 1.1319049656115392 -3.6278686255815726
44.318 1.216352331539842 -3.571590941177258
44.407 1.193737178832748 -3.586835220974182
44.42 1.191327407791278 -3.5884933124935317
44.512 1.1664219690351685 -3.6059244991102184
44.528 1.1627277487050114 -3.608529168101287
44.628 1.1891757032868946 -3.5903883165876787
44.656 1.1844665035776984 -3.593750009552
44.742 1.1411916917234952 -3.6241710272154
44.759 1.1395757192105205 -3.6253901333948084
44.86 1.1003840131256823 -3.65557850770922
44.901 1.121905228794469 -3.6415244894537384
44.955 1.1123552296164538 -3.648834763900998
44.981 1.1060033266344382 -3.653587008578394
45.042 0.9998583077205407 -3.722387723246636
45.075 0.993946148324916 -3.726460428433443
45.163 0.9773150793087736 -3.7376313420339105
45.183 0.9747439964166096 -3.7394317369700523
45.284 1.0079365080146643 -3.718502756133017
45.385 0.9889718111201029 -3.731347384832705
45.483 0.9687815469069703 -3.7447323035683637
45.543 0.9967286228284393 -3.737532257735472
45.64 1.001687669340505 -3.733647099362072
45.714 0.9567798461189189 -3.7642180173471496
45.807 0.9014351561804442 -3.7889870409900386
45.885 0.8911902924132554 -3.7964657013288976
45.99 0.9395829856816938 -3.7803732694256995
46.047 0.9818457488242189 -3.745545675559549
46.147 0.9626950083234967 -3.7589758880825586
46.246 0.8447667206153288 -3.828811516037131
46.347 0.9059202005046334 -3.806988025274435
46.443 0.9018423251242782 -3.81039396896306
46.542 0.8523773419202697 -3.8354201207485064
46.615 0.9412394476930684 -3.7780366918473773
46.689 0.9319321902459557 -3.7850335855244084
46.725 0.8565953811236049 -3.8326820888113127
46.802 0.8868310254737457 -3.8236618170677663
46.829 0.8906006431085675 -3.82099346489805
46.895 0.9003335898092115 -3.8146191429947063
46.924 0.8453450830343205 -3.8402722521366845
47.022 0.9175698685667311 -3.7988391642395114
47.095 0.9202879739601987 -3.7968598170403083
47.173 0.7473188371737477 -3.90041757599495
47.252 0.8151125692692659 -3.8613659385696133
47.318 0.8473123250115084 -3.835118876980451
47.416 0.8446584170396695 -3.8417027906755314
47.512 0.819005549707963 -3.846556048313315
47.6 0.820164803320654 -3.8464688997639938
47.689 0.8540503727134359 -3.835224346705612
47.768 0.8415182860409788 -3.8532675415266007
47.842 0.8606010698462442 -3.851894343430724
47.93 0.8453442016391923 -3.8474411038564824
47.974 0.8396067682890922 -3.847205915832523
48.068 0.927804574951678 -3.8316507557832975
48.126 0.6898376123275783 -3.873022542984685
48.216 0.7331670315286852 -3.882486211572685
48.301 0.7296986897081102 -3.8814458364541125
48.335 0.7262285723603026 -3.880440371837053
48.412 0.9105087984167911 -3.7854642637424
48.494 0.8986794412806999 -3.7811688536339934
48.51 0.7063052321221186 -3.867965771487782
48.594 0.6928463631748937 -3.8613173934117433
48.683 0.8352037981534827 -3.8631849324251744
48.71 0.8219669387401101 -3.856503696229829
48.78 0.8187210206254354 -3.854835435322767
48.819 0.8609945701732293 -3.7661441739707584
48.94 0.8164702176841707 -3.742475538831462
49.011 0.7745356287193799 -3.7182575442736026
49.097 0.7631614189901603 -3.711962047066243
49.174 0.7779312340881657 -3.735283398213819
49.178 0.7768074362760524 -3.7346856263619874
49.248 0.7654839792769048 -3.713162682274668
49.302 0.7819057873744026 -3.7226133202893625
49.382 0.7802940262954736 -3.7217310791912572
49.426 0.771361534658021 -3.7165908541340653
49.5 0.761262198717278 -3.710409363284637
49.554 0.7729675041942425 -3.717887842839685
49.634 0.711427404063693 -3.734425673715098
49.656 0.70995229247011 -3.7335645317812185
49.74 0.6851658729720579 -3.665302911877623
49.802 0.5838056417940735 -3.7235480602529702
49.899 0.5669151936978626 -3.7138506283159964
49.973 0.6999536114112472 -3.673517078150687
50.038 0.653978411103647 -3.6465878926167696
50.075 0.6506179971049791 -3.644678023880871
50.141 0.6916606456298139 -3.6753124417186975
50.234 0.5918485927756476 -3.611499549282961
50.252 0.5878559895342741 -3.609285288744553
50.354 0.578860004990309 -3.6046618665662127
50.424 0.5891334794512592 -3.609352913284795
50.522 0.5781688924751274 -3.617064069686129
50.598 0.5546359251417652 -3.6052491602255063
50.678 0.5787634032909127 -3.6040648463632334
50.716 0.6340499301044447 -3.6466925777354082
50.78 0.6094830661415122 -3.6341957780717116
50.801 0.60298639680751 -3.6723154320898796
50.896 0.5950925664829138 -3.6684562888293097
50.925 0.48491702835535094 -3.565892607711614
51.019 0.5519685963685897 -3.6440794524224063
51.041 0.5506830128902037 -3.643430084302895
51.145 0.43636014229674 -3.526212569162527
51.184 0.42734395010137366 -3.521106126320764
51.264 0.4853911659833218 -3.6080519502147745
51.276 0.4835757363357016 -3.6072383914583654
51.357 0.49036729965084547 -3.610562173283299
51.359 0.490093976162125 -3.6104061840172377
51.448 0.4829819252981538 -3.55641087910773
51.49 0.47609237347870975 -3.55225762755361
51.581 0.45499229893415094 -3.590116692894088
51.681 0.399315874928394 -3.5038048958685053
51.718 0.31231527531520686 -3.4559535079122505
51.811 0.25215360813298976 -3.4124937439018295
51.907 0.3075083299428279 -3.4462109789029785
51.928 0.3041967907229398 -3.4442742288851784
52.023 0.25828867759153457 -3.4174037446792616
52.077 0.25023017055009916 -3.4125057138739088
52.149 0.26542485345848404 -3.4220951090074343
52.195 0.2539090455929051 -3.415810067728149
52.295 0.20405658693270878 -3.384513810790938
52.36 0.06359219439764278 -3.304969284236017
52.458 0.25163861539020366 -3.4166826445175262
52.509 0.19361039533516314 -3.377700808486691
52.609 0.239367496311091 -3.4082733821212288
52.623 0.23570811650907397 -3.406168943963344
52.75 0.035992439198197834 -3.28821848031648
52.766 0.0335123648853074 -3.2867262282116685
52.865 -0.040999739911451005 -3.252438707783941
52.936 0.11738678110890699 -3.3434807832029527
53.03 -0.05931415941593155 -3.239231997143328
53.101 0.0563963302763599 -3.295266583809995
53.194 0.03790631295385842 -3.2836906609801377
53.27 0.0519728093991264 -3.292476278285749
53.352 -0.14794004575386835 -3.1863000491181697
53.409 -0.14370774808493184 -3.189273274050661
53.479 -0.1537431898473351 -3.183241522851124
53.523 -0.0071520445645788175 -3.256782476174295
53.619 -0.048293540070300144 -3.230649249386854
53.685 -0.05479895133984434 -3.2266924133401425
53.786 -0.08678220269548077 -3.199906107563415
53.823 -0.013343127759339865 -3.2526084754587368
53.91 -0.11218118106004107 -3.1840573379065265
53.986 -0.11824827749087165 -3.1802917290307224
54.076 -0.11789462935281893 -3.186677954352096
54.137 -0.23393485984703757 -3.1031705961448095
54.23 -0.14701896435924172 -3.171014154877335
54.302 -0.23642010483321374 -3.1011751903588776
54.394 -0.24426101245321596 -3.0961901290764398
54.44 -0.2717063947049348 -3.07822314006932
54.539 -0.3109331766795016 -3.0518552516318036
54.59 -0.32153523059936695 -3.0449007233799836
54.675 -0.27312838440606835 -3.0937552624970976
54.771 -0.3413208484866225 -3.0278664827269
54.871 -0.3678452559949467 -3.011188363548858
54.945 -0.3729452426253333 -3.0083835878927645
55.024 -0.39656469006093975 -2.9893685365237284
55.071 -0.4071438935415975 -2.9825392433482834
55.145 -0.37867930217504486 -3.0036280513694327
55.242 -0.38704294367603603 -2.998775321171487
55.345 -0.41593617507916053 -2.974305560051027
55.404 -0.39093694761649417 -2.997224070654001
55.507 -0.40394662020807415 -2.9893345711194974
55.587 -0.4141840584057096 -2.9833205266667586
55.669 -0.4054654337017459 -2.9884656274210064
55.735 -0.5059279341594197 -2.9259025466151103
55.833 -0.5254672638789356 -2.9132906570742967
55.871 -0.5259877411390278 -2.912873237411617
55.975 -0.5677952901704894 -2.886325229885721
56.035 -0.4648171804991944 -2.9522069695706796
56.112 -0.45191240022516865 -2.9494876972197095
56.161 -0.4584678455308424 -2.9452712125447817
56.259 -0.6152092749731958 -2.8540780723185426
56.286 -0.6207523175531329 -2.8503835837845686
56.377 -0.5148676470427948 -2.9223194308546727
56.436 -0.6625803132625379 -2.826111289412095
56.534 -0.6583122973152779 -2.8313304072914396
56.567 -0.671088253241016 -2.823092376669359
56.663 -0.6669360238274007 -2.8236934364315545
56.761 -0.5572262268812737 -2.8839805227106097
56.832 -0.715423691841108 -2.7941362522552824
56.9 -0.7230790157384281 -2.7886396195656347
56.956 -0.6846179770280082 -2.8114954594277384
57.057 -0.7439808682662252 -2.774019160952674
57.149 -0.7252837573328217 -2.7849411409020606
57.237 -0.7469012377517156 -2.771664981701489
57.303 -0.7461920466450601 -2.770422307717924
57.396 -0.7607106449293222 -2.7608674540859908
57.487 -0.7793072485945907 -2.765870920293412
57.588 -0.7453408031135038 -2.789663296566344
57.663 -0.8361635062309153 -2.716604462585072
57.762 -0.7979116243226275 -2.7386803479011714
57.825 -0.7645255831142195 -2.778830937423111
57.911 -0.7675951885066769 -2.7589400809821
57.977 -0.7866148350736006 -2.747682321681401
58.066 -0.7743319625443772 -2.757841727827453
58.124 -0.7521415003925973 -2.785450243392933
58.192 -0.7755767721400858 -2.772418633257944
58.221 -0.8863411005093548 -2.6850194752737546
58.318 -0.9847181323896459 -2.6204045069340434
58.382 -0.9965432552050959 -2.612256530896559
58.475 -0.9562509045736812 -2.6307669101903586
58.565 -0.8529635271010597 -2.7308300634987757
58.642 -0.8475487771054414 -2.711484509190328
58.678 -0.8556044699072777 -2.707299531451909
58.775 -0.884946088239684 -2.715244712459108
58.834 -0.8373213971853014 -2.717446736757903
58.938 -1.1383351576004928 -2.5180270847555946
58.983 -1.142398117842623 -2.5153258646606242
59.073 -1.034383461265178 -2.591297388828586
59.11 -0.9865863254678817 -2.625419512922109
59.199 -0.9919830266814589 -2.6220362484060202
59.252 -1.1503330695438854 -2.5090698806301934
59.348 -1.16094259133493 -2.503042536019471
59.398 -1.1649159815527776 -2.5009105126142672
59.496 -1.1397745174222127 -2.523587086590518
59.528 -1.2394800761354245 -2.4268748374979268
59.62 -1.2726719555932233 -2.401421122296933
59.701 -1.264700316869171 -2.443100177665359
59.795 -1.279941484612668 -2.433644008802791
59.885 -1.3245805004758109 -2.3620532632553366
59.939 -1.3108639594691418 -2.372983828257265
60.02 -1.399977418348217 -2.303498233325934
60.076 -1.4058272176253315 -2.298891923475049
60.176 -1.3671048003731494 -2.3285363531252883
60.243 -1.2906886013259362 -2.4199340580088244
60.339 -1.2916462908021897 -2.416231925140486
60.433 -1.5119830350520518 -2.216901179523433
60.448 -1.511889815890696 -2.216944913835636
60.54 -1.5500487008504458 -2.188877141572199
60.61 -1.578606396523996 -2.1640036053974634
60.7 -1.599787106809005 -2.1468869929610466
60.773 -1.488569614956308 -2.297275011557809
60.869 -1.4349122061479966 -2.334719547451395
60.948 -1.4367953465243302 -2.3266776390881985
61.04 -1.5086317844089494 -2.2291139533690427
61.133 -1.5627560524116622 -2.250103811509389
61.234 -1.556537437088996 -2.2519589492078955
61.34 -1.2140794285310825 -2.4987347086986698
61.425 -1.6423103680611162 -2.188327414740749
61.453 -1.640378152276032 -2.189600008785587
61.542 -1.505511542640391 -2.231106973493912
61.543 -1.5055943899945727 -2.2310513520132678
61.64 -1.5243726134444713 -2.218062176984529
61.673 -1.5244690800300582 -2.21783963424375
61.761 -1.5355239069344162 -2.2101737981433254
61.777 -1.5368599670537462 -2.2091649329691734
61.869 -1.5888705670098913 -2.169083385195902
61.933 -1.4955271133081427 -2.235223392111965
62.029 -1.4819841159175002 -2.2455193891302443
62.063 -1.4851324708491715 -2.2423430458710074
62.163 -1.5113489759352738 -2.220136000435652
62.261 -1.5933964941866205 -2.215209979297491
62.358 -1.564764069357401 -2.186496108550527
62.454 -1.6231581824952166 -2.1242928899874634
62.541 -1.6047105335797078 -2.1198065990312847
62.558 -1.6052480856302658 -2.118859983025679
62.652 -1.5713429777445966 -2.182459330193247
62.747 -1.5977172276968528 -2.1848598652382565
62.747 -1.5977172276968528 -2.1848598652382565
62.825 -1.607130115448522 -2.113658505083176
62.923 -1.6150109541221753 -2.0736098881586744
63.028 -1.5894034221833473 -2.111978706518098
63.028 -1.5894034221833473 -2.111978706518098
63.129 -1.5923879933309095 -2.0659506236378022
63.184 -1.5923888802550468 -2.0649638219118
63.252 -1.5937733762754507 -2.061932212531656
63.316 -1.590045301701892 -2.0372420294261593
63.356 -1.5887362927342137 -2.0240251060914654
63.454 -1.6018057813461366 -1.999000330901854
63.554 -1.6011484459795156 -2.0726588368578382
63.652 -1.5943380943393615 -2.0330857871620527
63.749 -1.5961135400478952 -2.0470924898086653
63.754 -1.5960092395315508 -2.046671248213167
63.84 -1.4924975673136585 -2.1758874387370537
63.889 -1.4880120969820694 -2.1548820679569967
63.982 -1.5740006383408218 -1.9691600051128757
64.043 -1.5666374656220265 -1.9477041370802772
64.129 -1.488714257690047 -2.17398823805846
64.229 -1.4825729538589556 -2.1468465739609335
64.238 -1.4825198438274605 -2.146755708575338
64.336 -1.5554267461068305 -1.9083511930761252
64.434 -1.4705487401906818 -2.073348497940859
64.514 -1.4881797624598614 -2.1720698263874225
64.574 -1.4845568904960222 -2.15495394843639
64.641 -1.5588010264207874 -1.9186996981614546
64.7 -1.5539687222782614 -1.900833843039818
64.781 -1.519747706131346 -1.7949119412957735
64.845 -1.5456170044281978 -1.8467905157170597
64.927 -1.4635642615294484 -2.040521802908754
64.985 -1.4590145569270183 -2.0193242141800782
65.084 -1.5084757980225154 -1.7200265741209797
65.145 -1.5259265540238478 -1.7770551265995933
65.239 -1.4691198484346648 -1.644424139230528
65.337 -1.516432546244883 -1.7340932032824181
65.36 -1.5154309993429302 -1.7303954841610745
65.451 -1.5011769554768926 -1.7312410683735238
65.534 -1.499001510014471 -1.7240602648144794
65.621 -1.4627295582547453 -1.5508909879404018
65.721 -1.4797959855986516 -1.664310869014974
65.74 -1.478230311385047 -1.6592441179587307
65.81 -1.4854614805307353 -1.6826677678035842
65.883 -1.4798192041330878 -1.6646239407136412
65.978 -1.481062613905566 -1.667765678089508
66.068 -1.4720351227716226 -1.6377239356418785
66.166 -1.4933530453140793 -1.645194896156608
66.26 -1.4707852637896925 -1.6363096286549759
66.339 -1.4608149358267328 -1.6063938905934063
66.417 -1.4233094851643524 -1.4398487328290062
66.484 -1.4186064198106347 -1.4269495041239089
66.574 -1.3635161518796828 -1.306179355008132
66.663 -1.4123953058238035 -1.4048659317586538
66.754 -1.4223515606863322 -1.4386725609284539
66.841 -1.3885544598234643 -1.3407148547509382
66.923 -1.415962256440215 -1.4724506702675322
67.011 -1.3825161436495923 -1.3125327474220876
67.109 -1.3882149085110043 -1.337050910317984
67.113 -1.3880811410688316 -1.3366403815924752
67.206 -1.4014054995157377 -1.3788858743286618
67.283 -1.3966707474856315 -1.3650744590817812
67.375 -1.3427994871937157 -1.2047956251139527
67.408 -1.3376981360239162 -1.16923574580034
67.504 -1.3358152062972803 -1.1832345214372686
67.555 -1.332765158594427 -1.174268481521084
67.644 -1.3434728471873378 -1.2103478587982521
67.67 -1.3422378247796949 -1.2063348052530092
67.771 -1.3178038770166873 -1.1320689437963143
67.8 -1.3152994248334862 -1.125611842389062
67.893 -1.326460329140576 -1.1579657926494396
67.961 -1.2982078980735954 -1.0617411793452676
67.968 -1.2975533972410613 -1.0599012337489364
68.073 -1.31521846086607 -1.1180450694485509
68.16 -1.3067107055038734 -1.087582610804463
68.221 -1.2878476306609286 -1.0373683423861058
68.288 -1.279920316042396 -1.0147069820036179
68.397 -1.270000259562707 -1.0127003388403901
68.449 -1.2889532716365704 -1.055906057937162
68.548 -1.2976960291840294 -1.065227539378452
68.608 -1.2580027515775478 -0.9507144477536981
68.704 -1.252325205636873 -0.9362552581194132
68.792 -1.2471888984137443 -0.9219102843121287
68.854 -1.2671356249224082 -0.9781806004667494
68.924 -1.2615170796587656 -0.9892745162059284
69.017 -1.2548174579934301 -0.9703079669483629
69.116 -1.243247104433879 -0.9368075716135099
69.198 -1.2397293828314235 -0.9269412817791668
69.28 -1.256168273181562 -0.9739032389861513
69.347 -1.2398881139771367 -0.9270044022647573
69.437 -1.254774472921983 -0.9691323333364112
69.536 -1.2147641852201718 -0.8516118599323664
69.615 -1.282042402192328 -1.0466748431552666
69.694 -1.2842863713041723 -1.0533919299058445
69.793 -1.2584995414962634 -0.9819095494129265
69.893 -1.2985910863083017 -1.095010422091205
69.988 -1.2797152274073142 -1.0490133608882117
70.077 -1.3192622744737201 -1.167005455343291
70.175 -1.3153936153326118 -1.155822982901062
70.262 -1.295638395957218 -1.0979781353859817
70.353 -1.2927224256312597 -1.0889526711349038
