2.15 0.9999305550773042 -0.49999999906809633
2.2 0.9999324379573822 -0.49999999906808024
2.25 0.9999317143884956 -0.4999999990680926
2.3 0.9999283843150223 -0.49999999906813475
2.35 0.9999224474798396 -0.49999999906820725
2.4 0.999913903417214 -0.49999999906831083
2.45 0.9999027514401093 -0.49999999906844406
2.5 0.9998889906218987 -0.4999999990686082
2.55 0.9998726197724565 -0.4999999990688039
2.6 0.9998536374086051 -0.4999999990690294
2.65 0.9998320417188877 -0.49999999906928483
2.7 0.9998066042841715 -0.4999999990734167
2.75 0.9997755404464727 -0.4999999990290702
2.8 0.999750061179396 -0.4999999988582223
2.85 0.99975223065901 -0.49999999873103096
2.9 0.9997742095299083 -0.4999999987309953
2.95 0.9997935743618902 -0.49999999873086576
3.0 0.9998103270335386 -0.49999999873069856
3.05 0.9998244690872553 -0.4999999987305268
3.1 0.9998360017652989 -0.49999999873036993
3.15 0.9998449260401877 -0.4999999987302399
3.2 0.9998512426394839 -0.49999999873014506
3.25 0.9998549520649643 -0.4999999987300902
3.3 0.9998560426416871 -0.49999999873007606
3.35 0.9998545503485128 -0.4999999987301074
3.4 0.9998504391754376 -0.49999999873018364
3.45 0.9998437207654928 -0.4999999987303039
3.5 0.9998343945834417 -0.4999999987304696
3.55 0.9998224598659264 -0.4999999987306813
3.6 0.9998079156014976 -0.4999999987309395
3.65 0.9997907605050111 -0.4999999987312429
3.7 0.9997709929863653 -0.49999999873159123
3.75 0.9997486111135507 -0.49999999873198553
3.8 0.9997134743007069 -0.49999999874147993
3.85 0.9996760740577859 -0.4999999986540413
3.9 0.9996463637516023 -0.49999999845076437
3.95 0.9996693063803515 -0.4999999984506738
4.0 0.9996896339571774 -0.4999999984504686
4.05 0.9997073484979608 -0.4999999984502188
4.1 0.9997224516686439 -0.499999998449964
4.15 0.9997349448225357 -0.4999999984497321
4.2 0.99974482903231 -0.49999999844953735
4.25 0.9997521051165655 -0.4999999984493892
4.3 0.999756773660887 -0.49999999844929355
4.35 0.9997588193548321 -0.4999999984492541
4.4 0.9997582893946149 -0.49999999844927123
4.45 0.9997551367021161 -0.4999999984493475
4.5 0.9997493767091415 -0.49999999844948345
4.55 0.9997410089579929 -0.49999999844968
4.6 0.9997300327676969 -0.4999999984499367
4.65 0.9997164472160885 -0.4999999984502541
4.7 0.9997002511162721 -0.4999999984506313
4.75 0.9996814429874322 -0.4999999984510688
4.8 0.9996600210199668 -0.4999999984515665
4.85 0.9996266411864578 -0.4999999984690794
4.9 0.9995794985477159 -0.4999999984306925
4.95 0.9995379353538092 -0.4999999982657416
5.0 0.9995488311595616 -0.4999999982171195
5.05 0.9995696853502998 -0.4999999982168224
5.1 0.9995879260790101 -0.4999999982164796
5.15 0.9996035550742584 -0.49999999821614
5.2 0.9996165737472765 -0.4999999982158313
5.25 0.9996269832239738 -0.4999999982155719
5.3 0.9996347843719522 -0.4999999982153717
5.35 0.999639977822289 -0.49999999821523594
5.4 0.9996425639859451 -0.49999999821517077
5.45 0.9996425430647197 -0.4999999982151768
5.5 0.999639915056702 -0.4999999982152559
5.55 0.9996346797561929 -0.49999999821540886
5.6 0.9996268367480684 -0.49999999821563673
5.65 0.9996163853965744 -0.49999999821593893
5.7 0.9996033248285257 -0.49999999821631624
5.75 0.9995876539108931 -0.4999999982167681
5.8 0.9995693712227459 -0.4999999982172946
5.85 0.9995484750215257 -0.4999999982178958
5.9 0.999518082348279 -0.4999999982329883
5.95 0.9994623333919835 -0.4999999982298132
6.0 0.9994121616436588 -0.4999999981000401
6.05 0.9994115938558708 -0.49999999802658773
6.1 0.9994325419184391 -0.4999999980261944
6.15 0.9994508762315084 -0.4999999980257616
6.2 0.9994665985434821 -0.4999999980253405
6.25 0.9994797102828564 -0.4999999980249622
6.3 0.999490212590533 -0.4999999980246455
6.35 0.9994981063470993 -0.49999999802440037
6.4 0.9995033921948492 -0.4999999980242347
6.45 0.9995060705544171 -0.4999999980241518
6.5 0.9995061416359422 -0.49999999802415535
6.55 0.9995036054447304 -0.49999999802424666
6.6 0.9994984617813752 -0.4999999980244255
6.65 0.9994907102363204 -0.499999998024693
6.7 0.9994803501788511 -0.49999999802505013
6.75 0.9994673807404869 -0.4999999980254953
6.8 0.9994518007927615 -0.4999999980260291
6.85 1.000293924523838 -0.49999999237124415
6.9 1.0035954776115432 -0.4999999656734364
6.95 1.0068551861404682 -0.4999999398046393
7.0 1.007196918362683 -0.4999999416444684
7.05 1.007544100158331 -0.4999999474868373
7.1 1.0123552209020594 -0.49999989155235514
7.15 1.0223749421873258 -0.4999998146084241
7.2 1.0323920495669527 -0.4999997523394187
7.25 1.0424065447317428 -0.49999970266367866
7.3 1.0524184289991334 -0.4999996635034135
7.35 1.0624277034065939 -0.4999996327816056
7.4 1.072434368737 -0.4999996084218637
7.45 1.0824384255384971 -0.4999995883482724
7.5 1.0924398741387595 -0.49999957048523774
7.55 1.102438714653689 -0.4999995527573369
7.6 1.1124349469905397 -0.49999953308916073
7.65 1.1224285708454755 -0.4999995094051622
7.7 1.1324195856954913 -0.4999994796295063
7.75 1.142407990784791 -0.4999994416859252
7.8 1.1523937851055086 -0.4999993934975831
7.85 1.1623769673727904 -0.4999993329869481
7.9 1.17235753599425 -0.4999992580756772
7.95 1.1817610121932303 -0.49999918407768507
8.0 1.1830383782577845 -0.4999991724618078
8.05 1.184212057386951 -0.4999991523140138
8.1 1.1934590857806893 -0.4999990634473486
8.15 1.2034715029889682 -0.49999898553138966
8.2 1.2134813064399614 -0.49999891647030464
8.25 1.223488497030925 -0.49999885418704426
8.3 1.2334930754039595 -0.4999987966042195
8.35 1.243495041960666 -0.4999987416442796
8.4 1.2534943968715277 -0.4999986872295647
8.45 1.2634911400798687 -0.49999863128227573
8.5 1.2734852713003249 -0.499998571724405
8.55 1.283476790011755 -0.49999850647763705
8.6 1.293465695444563 -0.4999984334632405
8.65 1.3034519865624188 -0.4999983506019506
8.7 1.3118960477881545 -0.4999982835947487
8.75 1.3135225242713526 -0.4999982649188133
8.8 1.320642719531002 -0.4999981886484269
8.85 1.329394667108315 -0.49999811307079484
8.9 1.3383997968526153 -0.49999803993775443
8.95 1.3478119866692675 -0.49999796631804083
9.0 1.3578110944129895 -0.49999788852575017
9.05 1.3678075881704386 -0.49999780900316376
9.1 1.3778014676190145 -0.4999977256707979
9.15 1.3877927321873955 -0.499997636448793
9.2 1.3950246098143209 -0.49999757758811536
9.25 1.400458500482919 -0.4999975139554788
9.3 1.4104618256653267 -0.49999742095239713
9.35 1.420462535523892 -0.4999973295723301
9.4 1.4304606301248801 -0.49999723773557236
9.45 1.4404561092885315 -0.4999971433620215
9.5 1.4471176738549685 -0.4999970782278048
9.55 1.457117473460453 -0.499996981807709
9.6 1.4664778412234887 -0.4999968962301659
9.65 1.4764575298431686 -0.49999679894400656
9.7 1.4864575292071371 -0.49999670164321325
9.75 1.496457528490194 -0.4999966043295433
9.8 1.506457527724295 -0.49999650700351056
9.85 1.516457526928779 -0.49999640966542336
9.9 1.526457526115345 -0.49999631231547037
9.95 1.5364575252910748 -0.4999962149537651
10.0 1.5463795247025989 -0.49999611833994156
10.05 1.555428523885204 -0.4999960302209157
10.1 1.565337522760191 -0.49999593371126644
10.15 1.5753375219544825 -0.499995836303133
10.2 1.585337521145656 -0.49999573888410737
10.25 1.5953375203348306 -0.49999564145411174
10.3 1.605337519522705 -0.4999955440130872
10.35 1.6153375187097565 -0.4999954465609928
10.4 1.6253375178962353 -0.49999534909779036
10.45 1.6353375170823332 -0.4999952516234545
10.5 1.6453375162681634 -0.4999951541379666
10.55 1.6546275158258976 -0.49999506356640505
10.6 1.6636275149839312 -0.4999949758137027
10.65 1.6724835141271897 -0.4999948894555985
10.7 1.6814835133175343 -0.4999948016820421
10.75 1.6910935120765802 -0.49999470794612555
10.8 1.7010935113218224 -0.4999946103922735
10.85 1.7110935105526794 -0.4999945128278963
10.9 1.7210935097727655 -0.49999441525284016
10.95 1.7310935089847148 -0.49999431766698516
11.0 1.741093508190497 -0.4999942200702363
11.05 1.7510935073915654 -0.4999941224625218
11.1 1.7610925066084786 -0.4999940248535216
11.15 1.7707695065046867 -0.4999939303854982
11.2 1.7807695057151982 -0.49999383275461123
11.25 1.790769505666474 -0.4999937351176708
11.3 1.8007695056700328 -0.49999363748076
11.35 1.8107695056722526 -0.4999935398438877
11.4 1.820769505673606 -0.49999344220704506
11.45 1.8307695056743951 -0.49999334457022526
11.5 1.8407695056748032 -0.49999324693342423
11.55 1.8507695056749573 -0.499993149296637
11.6 1.860179506448483 -0.49999305742388245
11.65 1.8691695073099655 -0.499992969663048
11.7 1.8772895082454868 -0.4999928904054274
11.75 1.8851365091929677 -0.49999281382182953
11.8 1.8921395100391976 -0.4999927454850085
11.85 1.8989095110086545 -0.4999926794292165
11.9 1.904909511833044 -0.49999262089492846
11.95 1.910873512648842 -0.4999925627187362
12.0 1.9168735134837094 -0.49999250419793295
12.05 1.9233635141324643 -0.4999924409057848
12.1 1.9303635149623553 -0.4999923726456996
12.15 1.9380535144706208 -0.4999922976613605
12.2 1.9460535136914177 -0.49999221964452856
12.25 1.9548035124809302 -0.4999921343012317
12.3 1.9638045117157934 -0.49999204649826334
12.35 1.973633510543316 -0.49999195060396634
12.4 1.983623509893912 -0.49999185312692485
12.45 1.9927435098769986 -0.49999176413467294
12.5 2.0015535102991446 -0.4999916781680152
12.55 2.0095815110723683 -0.4999915998413235
12.6 2.0185035102605533 -0.49999151279190845
12.65 2.0275585094664055 -0.4999914244353207
12.7 2.0375135084880966 -0.49999132728252804
12.75 2.0475135077355793 -0.49999122967945786
12.8 2.057513506968396 -0.4999911320658983
12.85 2.06751350619013 -0.4999910344416871
12.9 2.0775135060763215 -0.49999093681066864
12.95 2.087513506081044 -0.4999908391795925
13.0 2.0974225063746155 -0.4999907424371198
13.05 2.10644350725244 -0.4999906543731993
13.1 2.115213508216122 -0.4999905687695897
13.15 2.1232135090455238 -0.4999904906928806
13.2 2.1304435100081087 -0.4999904201397104
13.25 2.137307510947722 -0.4999903531665734
13.3 2.143313511799797 -0.49999029457341737
13.35 2.1491425127549744 -0.4999902377133172
13.4 2.15414351359318 -0.4999901889372486
13.45 2.1589335145633473 -0.49999014222406407
13.5 2.162933515387271 -0.4999901032210978
13.55 2.166643516357018 -0.49999006704950805
13.6 2.1696435171815693 -0.4999900378048701
13.65 2.1722735181508668 -0.499990012169513
13.7 2.1742735189760465 -0.49998999267825606
13.75 2.1758635199451444 -0.499989977183964
13.8 2.1768635207707696 -0.4999899674411465
13.85 2.177333521452579 -0.4999899628619354
13.9 2.177333521452579 -0.4999899628619354
13.95 2.177333521452579 -0.4999899628619354
14.0 2.177333521452579 -0.4999899628619354
14.05 2.1773640960414897 -0.4999900040958141
14.1 2.1776107800277185 -0.4999905508183416
14.15 2.1778817334253775 -0.49999205504079774
14.2 2.1783536675118125 -0.4999960530716338
14.25 2.178833452566139 -0.500002798456143
14.3 2.1795117223697065 -0.5000161775485722
14.35 2.1802019044588565 -0.5000354211605308
14.4 2.181085162163489 -0.5000675703747282
14.45 2.181981051472943 -0.5001099855291319
14.5 2.1830621734588442 -0.5001735436501481
14.55 2.183974364896036 -0.5002398381964183
14.6 2.1844964451915634 -0.500287644509045
14.65 2.1848108313129964 -0.5003227987255578
14.7 2.1850285902854156 -0.5003356778034622
14.75 2.1852181052536643 -0.5003487413943669
14.8 2.1855295219396016 -0.5003398601816901
14.85 2.185773607453876 -0.5003347213362851
14.9 2.1858730186389206 -0.5003509403832852
14.95 2.185969341421383 -0.5003711815541207
15.0 2.186248636623049 -0.5004278338422338
15.05 2.186550419627538 -0.500492877948702
15.1 2.187018163317468 -0.5005990341511426
15.15 2.187536343751598 -0.5007283980276921
15.2 2.188156567986419 -0.5008985872399894
15.25 2.1887744310857915 -0.5010882030446419
15.3 2.1894739131056884 -0.5013195974083091
15.35 2.1899537026822458 -0.5014804104683506
15.4 2.190324320331911 -0.5016320552695496
15.45 2.1906822517943043 -0.5017778248542877
15.5 2.19101522993643 -0.501970584234205
15.55 2.191380272926754 -0.5021947878670506
15.6 2.1917600788230187 -0.5024978183190446
15.65 2.1921379835017385 -0.5028876521452101
15.7 2.192500936107455 -0.503297002299523
15.75 2.1928288591127005 -0.5037789571736951
15.8 2.193107844918478 -0.5042784037288244
15.85 2.1933270347581106 -0.5047105460061421
15.9 2.1935821262062096 -0.5050651360443931
15.95 2.1938972067357785 -0.5053847891606092
16.0 2.194195916574014 -0.505719787634607
16.05 2.1944775079862784 -0.5060692942786197
16.1 2.194741312417393 -0.5064324802244957
16.15 2.194986638335733 -0.5068084000550832
16.2 2.1952128687821744 -0.5071961092726703
16.25 2.1954194385213945 -0.5075946388222815
16.3 2.195605831437365 -0.5080029926022427
16.35 2.1957715818271595 -0.5084201499540425
16.4 2.1959098277912226 -0.5088209375580229
16.45 2.1959810551268477 -0.5090593202301704
16.5 2.1960112466046646 -0.5092090199721485
16.55 2.196009597874166 -0.5092582637857206
16.6 2.195985839687665 -0.5091887624255562
16.65 2.195952887370422 -0.5090278633117966
16.7 2.1959106940513973 -0.5086957497606025
16.75 2.1958834590601697 -0.508394092471755
16.8 2.1958775040189527 -0.5086941146907368
16.85 2.1958642617969995 -0.5088998408921996
16.9 2.195809311966278 -0.5097774736837767
16.95 2.195707536260187 -0.5108553384666575
17.0 2.195423548566043 -0.5132142496446307
17.05 2.195062263978135 -0.5156194661686756
17.1 2.1945201061381048 -0.5186510869522443
17.15 2.1938423838230086 -0.5219128784677487
17.2 2.192885948965611 -0.5260033772868373
17.25 2.1916146180334177 -0.5308939400300735
17.3 2.190112832499842 -0.5361762968792346
17.35 2.1882055073157116 -0.5423801716950103
17.4 2.186075346960661 -0.5488440844801205
17.45 2.1834493036965212 -0.5563479593710264
17.5 2.1803862739934843 -0.5646533594499453
17.55 2.177152497631753 -0.5730263365888523
17.6 2.1737594809720666 -0.5814707087884775
17.65 2.1702192780178198 -0.5899910530076319
17.7 2.1665445230353595 -0.5985926239657479
17.75 2.1627484688166967 -0.6072812517265291
17.8 2.1588450177660454 -0.6160632440146567
17.85 2.1548487388621504 -0.6249453105918606
17.9 2.1507748725839777 -0.6339345112954802
17.95 2.1466454700060544 -0.6430237259465547
18.0 2.14250882822718 -0.6521280205194457
18.05 2.1383721864264884 -0.661232315077748
18.1 2.13423554460333 -0.6703366096222734
18.15 2.1300989027572084 -0.6794409041536345
18.2 2.1259622608877398 -0.6885451986722951
18.25 2.121825618994634 -0.6976494931786045
18.3 2.1176889770776643 -0.706753787672829
18.35 2.113552335136663 -0.7158580821551689
18.4 2.1094156929576786 -0.7249623765963773
18.45 2.1052790506955974 -0.734066671033164
18.5 2.101142408468454 -0.7431709654848552
18.55 2.097005766276464 -0.752275259951577
18.6 2.0928691241197828 -0.7613795544334905
18.65 2.0887324819985325 -0.770483848930777
18.7 2.0845958399128066 -0.7795881434435903
18.75 2.0804591978626714 -0.7886924379720804
18.8 2.0763225558481757 -0.7977967325163783
18.85 2.072185913862369 -0.8069010273599694
18.9 2.068049271876715 -0.8160053226739519
18.95 2.0639126298915738 -0.825109617986579
19.0 2.0597759879067445 -0.8342139132983442
19.05 2.055639345922102 -0.8433182086095559
19.1 2.0515093225710115 -0.8524079370363847
19.15 2.047372680586573 -0.8615122323473431
19.2 2.0432360386022066 -0.8706165276580695
19.25 2.039099396617889 -0.8797208229686351
19.3 2.0349627546336015 -0.88882511827909
19.35 2.0308261126493345 -0.8979294135894653
19.4 2.026689470665083 -0.9070337088997841
19.45 2.022552828680841 -0.9161380042100583
19.5 2.0184161866966033 -0.9252422995203049
19.55 2.0142795447123727 -0.9343465948305305
19.6 2.0101429027281417 -0.9434508901407443
19.65 2.0060062607439177 -0.9525551854509368
19.7 2.0018696187596965 -0.9616594807611202
19.75 1.9977329767754752 -0.970763776071295
19.8 1.9935963347912538 -0.9798680713814704
19.85 1.9894596928070374 -0.988972366691633
19.9 1.985323050822815 -0.9980766620017968
19.95 1.9811864088385984 -1.0071809573119601
20.0 1.9770497668543727 -1.0162852526221358
20.05 1.9729131248701512 -1.0253895479323
20.1 1.9687764828859367 -1.0344938432424515
20.15 1.9646398409017267 -1.043598138552592
20.2 1.9605031989175112 -1.052702433862736
20.25 1.9563665569332915 -1.0618067291728814
20.3 1.9522299149490718 -1.0709110244830256
20.35 1.9480932729648472 -1.0800153197931792
20.4 1.9439566309806224 -1.0891196151033324
20.45 1.9398199889963932 -1.0982239104134879
20.5 1.9356833470121626 -1.107328205723644
20.55 1.9315467050279318 -1.1164325010337977
20.6 1.9274100630437005 -1.1255367963439478
20.65 1.9232734210594664 -1.1346410916540988
20.7 1.9191367790752303 -1.1437453869642487
20.75 1.9150001370909973 -1.1528496822743903
20.8 1.9108634951067593 -1.161953977584535
20.85 1.9067268531225199 -1.1710582728946792
20.9 1.9025902111382798 -1.180162568204823
20.95 1.898453569154036 -1.1892668635149672
21.0 1.8943169271697886 -1.1983711588251145
21.05 1.8901802851855407 -1.2074754541352606
21.1 1.8860436432012913 -1.2165797494454063
21.15 1.8819070012170396 -1.22568404475555
21.2 1.877770359232787 -1.234788340065694
21.25 1.873633717248535 -1.2438926353758328
21.3 1.86949707526428 -1.252996930685971
21.35 1.8653604332800207 -1.2621012259961137
21.4 1.8612237912957632 -1.271205521306252
21.45 1.8570871493115015 -1.280309816616393
21.5 1.8529505073272379 -1.2894141119265334
21.55 1.8488324801733425 -1.2984774380776358
21.6 1.8450867505017632 -1.3067213782504337
21.65 1.8414072071242111 -1.3148196497269518
21.7 1.838091688250931 -1.3221167431760037
21.75 1.834832014067504 -1.3292909286979135
21.8 1.8318945843851684 -1.335755889477218
21.85 1.8285939581080086 -1.34302020749406
21.9 1.8252412099483055 -1.350399239223987
21.95 1.8214971357086007 -1.3586395358918768
22.0 1.8173753859476365 -1.3677110549078735
22.05 1.8132387441922129 -1.3768153495425681
22.1 1.8091021021596412 -1.385919644116635
22.15 1.8049654601156973 -1.3950239386862877
22.2 1.8008288181067298 -1.4041282332622904
22.25 1.7966921761173795 -1.4132325283008775
22.3 1.7925555341261499 -1.4223368236136067
22.35 1.788418892135613 -1.4314411189246927
22.4 1.7842822501455136 -1.4405454142347223
22.45 1.7801456081556934 -1.4496497095440657
22.5 1.7760089661660543 -1.4587540048529573
22.55 1.7718723241765342 -1.4678583001615433
22.6 1.7677356821870924 -1.4769625954699228
22.65 1.763599040197705 -1.4860668907781585
22.7 1.7594623982083542 -1.4951711860862946
22.75 1.7553257562190292 -1.5042754813943595
22.8 1.7511891142297207 -1.513379776702375
22.85 1.747052472240428 -1.5224840720103465
22.9 1.7429158302511436 -1.531588367318292
22.95 1.7387791882618628 -1.540692662626223
23.0 1.7346425462725876 -1.5497969579341384
23.05 1.7305059042833189 -1.558901253242035
23.1 1.7263692622940507 -1.5680055485499267
23.15 1.7222326203047849 -1.577109843857812
23.2 1.7180959783155212 -1.5862141391656883
23.25 1.713959336326256 -1.5953184344735716
23.3 1.709822694336997 -1.604422729781435
23.35 1.705686052347733 -1.6135270250893106
23.4 1.7015494103584667 -1.6226313203971936
23.45 1.6974127683692053 -1.631735615705066
23.5 1.6932761263799487 -1.6408399110129286
23.55 1.6891394843906997 -1.6499442063207799
23.6 1.6850028424014385 -1.659048501628648
23.65 1.6808662004121773 -1.6681527969365086
23.7 1.6767481732533056 -1.6772161230853448
23.75 1.6730024435771995 -1.685460063256085
23.8 1.669322900195202 -1.6935583347305827
23.85 1.6660073813179155 -1.700855428177814
23.9 1.662754325758057 -1.7080150468307669
23.95 1.6598561940832872 -1.7143935168811266
24.0 1.6571136001663251 -1.720429665523008
24.05 1.6546316146910416 -1.7258922434506876
24.1 1.6524846972255112 -1.7306173735681967
24.15 1.6507112552172531 -1.7345255316587669
24.2 1.6490687862685023 -1.738171453688206
24.25 1.6477948437886125 -1.7410414141589188
24.3 1.646777025839467 -1.7433839773725257
24.35 1.646025281376999 -1.7453660427952156
24.4 1.6455095956284893 -1.7467871087648088
24.45 1.6452713723501007 -1.7477816488073237
24.5 1.6453556571964785 -1.7480040517212663
24.55 1.6455319726034685 -1.7481391081892959
24.6 1.6457399178438452 -1.7483714883904176
24.65 1.6459725196641 -1.7487037714147569
24.7 1.6462072786340307 -1.7490816700868128
24.75 1.6464235114763048 -1.7494523039903127
24.8 1.6466370685576603 -1.7498988032282299
24.85 1.6468404520921198 -1.7504388932867783
24.9 1.647013150162198 -1.7509916256154714
24.95 1.647162071246848 -1.7516824320508797
25.0 1.6472589020458535 -1.7522925019715216
25.05 1.6473027026140294 -1.7527549768799462
25.1 1.647316692681221 -1.7534381015884393
25.15 1.6473636013501747 -1.7541515091663413
25.2 1.647477004243047 -1.7554819524448864
25.25 1.6477125441486746 -1.7575760755214895
25.3 1.6480820388492834 -1.759778810053776
25.35 1.6486701337817347 -1.762439619416218
25.4 1.6495869427131273 -1.7659752299137486
25.45 1.6506553028956308 -1.7695928344524152
25.5 1.6522230486921912 -1.7743488974511163
25.55 1.6540478238973613 -1.7793918558714832
25.6 1.6561904725435175 -1.7848335956019177
25.65 1.6589007161276492 -1.7912423245505311
25.7 1.6618266075111892 -1.7977341540041163
25.75 1.6653432370280157 -1.8051178293389714
25.8 1.6691013412145563 -1.8126376281693528
25.85 1.673081108282448 -1.8202799687281626
25.9 1.6772701545267035 -1.8280510800446654
25.95 1.6816548418834678 -1.8359583022633017
26.0 1.6862202557700476 -1.8440100449752286
26.05 1.6909501916088756 -1.852215754104295
26.1 1.6958271372611966 -1.8605858693135036
26.15 1.7008320712933414 -1.8691314641650194
26.2 1.705888600348619 -1.8777588333006496
26.25 1.710945129430316 -1.886386202412679
26.3 1.7160016585397013 -1.8950135715023244
26.35 1.7210581876777378 -1.9036409405704855
26.4 1.7261147168451552 -1.9122683096178326
26.45 1.7311712460425124 -1.9208956786448688
26.5 1.7362277752702386 -1.9295230476519785
26.55 1.7412843045286648 -1.9381504166394523
26.6 1.7463408338173423 -1.9467777861935296
26.65 1.7513973631583617 -1.9554051557778167
26.7 1.756453892554013 -1.964032525328513
26.75 1.7615104220051538 -1.9726598948456266
26.8 1.7665669515124676 -1.9812872643290498
26.85 1.7716234810768812 -1.9899146337780307
26.9 1.7766800106987604 -1.9985420031924863
26.95 1.781736540378243 -2.0071693725725392
27.0 1.786793070248608 -2.015796741931408
27.05 1.7918496004510325 -2.0244241113080426
27.1 1.7969061306528296 -2.0330514806840894
27.15 1.801962660854205 -2.041678850059763
27.2 1.807019191055293 -2.050306219435196
27.25 1.8120757212561884 -2.0589335888104854
27.3 1.8171322514569472 -2.067560958185682
27.35 1.822188781657608 -2.0761883275608124
27.4 1.8272453118581933 -2.084815696935896
27.45 1.8323018420587276 -2.0934430663109533
27.5 1.8373583722592284 -2.1020704356859974
27.55 1.8424149024597036 -2.1106978050610277
27.6 1.847471432660161 -2.119325174436053
27.65 1.852527962860597 -2.127952543811069
27.7 1.8575844930610195 -2.136579913186078
27.75 1.86264102326143 -2.1452072825610773
27.8 1.8676975534618325 -2.153834651936078
27.85 1.8727540836622292 -2.1624620213110757
27.9 1.877810613862622 -2.171089390686075
27.95 1.882867144063013 -2.1797167600610763
28.0 1.8879236742633985 -2.1883441294360733
28.05 1.8929802044637853 -2.196971498811077
28.1 1.8980367346641698 -2.205598868186082
28.15 1.9030932648645504 -2.214226237561081
28.2 1.9081497950649264 -2.2228536069360696
28.25 1.913206325265299 -2.231480976311055
28.3 1.9182628554656804 -2.24010834568606
28.35 1.9233193856660569 -2.2487357150610605
28.4 1.9283759158664364 -2.257363084436067
28.45 1.9334324460668129 -2.2659904538110713
28.5 1.9384889762671869 -2.2746178231860763
28.55 1.9435455064675615 -2.2832451925610866
28.6 1.948602036667936 -2.2918725619361013
28.65 1.9536585668683077 -2.300499931311116
28.7 1.9587150970686762 -2.30912730068613
28.75 1.9637716272690446 -2.3177546700611464
28.8 1.9688281574694078 -2.3263820394361585
28.85 1.9738846876697702 -2.335009408811174
28.9 1.9789412178701296 -2.343636778186184
28.95 1.9839977480704918 -2.352264147561202
29.0 1.9890542782708485 -2.3608915169362157
29.05 1.9941108084712071 -2.3695188863112384
29.1 1.9991673386715643 -2.3781462556862625
29.15 2.004223868871923 -2.386773625061289
29.2 2.009280399072277 -2.395400994436315
29.25 2.0143369292726305 -2.404028363811341
29.3 2.019393459472982 -2.4126557331863645
29.35 2.0244499896733283 -2.421283102561388
29.4 2.029278976287086 -2.429522240847196
29.45 2.0338298538842965 -2.4372868740234717
29.5 2.0381531875913623 -2.444663275667578
29.55 2.0421984121176857 -2.4515651719286393
29.6 2.0459857535836345 -2.4580270724438282
29.65 2.0495253250537644 -2.4640662317858717
29.7 2.052756448171428 -2.4695791216854017
29.75 2.0556942925314865 -2.474591624163417
29.8 2.0582225579439615 -2.478905309639093
29.85 2.0605232794980806 -2.482830763579558
29.9 2.0625458918915016 -2.4862817121150793
29.95 2.064330847371995 -2.489327174375264
30.0 2.065847806758673 -2.4919153859666023
30.05 2.0671372222977378 -2.494115366017515
30.1 2.0681485286900716 -2.4958408406566117
30.15 2.0688918390026987 -2.497109064793759
30.2 2.0691296961668932 -2.4975153593319837
30.25 2.069226412885032 -2.497682646409374
30.3 2.0693592591922587 -2.497915369375078
30.35 2.069612327491512 -2.4983634480330887
30.4 2.0698790168819046 -2.4988492971884813
30.45 2.070149030615695 -2.4994537684331983
30.5 2.070452257998996 -2.500074349550889
30.55 2.070785327013685 -2.5008420822365265
30.6 2.071151040050433 -2.5016389522849933
30.65 2.0715474467904014 -2.5025857056400636
30.7 2.071946902802002 -2.503525070712521
30.75 2.0723681528533775 -2.5046187584826893
30.8 2.072801472362827 -2.505791398450925
30.85 2.073253511140098 -2.5070872615113413
30.9 2.0737211158491315 -2.5085551410678177
30.95 2.074128012758459 -2.5099203001510455
31.0 2.0743822342039357 -2.5108977379232584
31.05 2.0746189436207874 -2.51236023457849
31.1 2.0748691979524807 -2.5136868428607366
31.15 2.0752001053858837 -2.5156841773987786
31.2 2.0755397363020167 -2.5182725182027332
31.25 2.075843599291026 -2.5210734637076095
31.3 2.0760930527099037 -2.5246731013729073
31.35 2.0762761175479163 -2.528957899382606
31.4 2.0763395572350567 -2.533285555016207
31.45 2.076251507862361 -2.5384463346129396
31.5 2.0760096603424714 -2.5441673541458854
31.55 2.075620303634757 -2.549975917843325
31.6 2.0750251146802694 -2.5565754619413092
31.65 2.0741917588002403 -2.5640012682428117
31.7 2.0731571149913153 -2.5717540610632073
31.75 2.0718468403977783 -2.5803173624025084
31.8 2.0703646118193118 -2.5889582340952204
31.85 2.0687197299089775 -2.597677654581649
31.9 2.0669220804801225 -2.6064770609162085
31.95 2.0649821344722668 -2.615358320602076
32.0 2.062910943982924 -2.624323715594477
32.05 2.060720136318195 -2.633375933805243
32.1 2.05842190933089 -2.642518058120034
32.15 2.056029031023412 -2.651753542211852
32.2 2.0535548445646574 -2.6610861662740466
32.25 2.051013277364131 -2.670519972307554
32.3 2.0484188508904277 -2.680059184859399
32.35 2.0457903073712584 -2.6896933090975756
32.4 2.043157883128872 -2.6993406054700633
32.45 2.04052545884052 -2.708987901827415
32.5 2.037893034254378 -2.7186351981104346
32.55 2.0352606096984625 -2.7282824944009363
32.6 2.032628185173098 -2.7379297906986966
32.65 2.02999576067838 -2.747577087003701
32.7 2.0273633362143726 -2.757224383316048
32.75 2.024730911781122 -2.7668716796358765
32.8 2.0220984873786616 -2.776518975963338
32.85 2.019466063007016 -2.7861662722985656
32.9 2.016833638666204 -2.795813568641697
32.95 2.0142012143545696 -2.8054608651392545
33.0 2.0115687900484165 -2.8151081622926513
33.05 2.0089363657426347 -2.8247554594444266
33.1 2.0063039414370794 -2.8344027565951726
33.15 2.003671517131661 -2.8440500537452613
33.2 2.0010390928263235 -2.8536973508949357
33.25 1.9984066685210344 -2.8633446480443343
33.3 1.995774244215777 -2.8729919451935513
33.35 1.9931418199105368 -2.882639242342649
33.4 1.9905093956053075 -2.8922865394916584
33.45 1.9878769713000843 -2.901933836640613
33.5 1.9852445469948643 -2.9115811337895297
33.55 1.982612122689648 -2.9212284309384122
33.6 1.9799796983844327 -2.93087572808728
33.65 1.977347274079217 -2.940523025236134
33.7 1.9747148497740006 -2.9501703223849782
33.75 1.972082425468788 -2.9598176195338017
33.8 1.9694500011635736 -2.9694649166826363
33.85 1.9668175768583627 -2.9791122138314514
33.9 1.964185152553147 -2.988759510980272
33.95 1.961552728247936 -2.9984068081290904
34.0 1.9589203039427203 -3.0080541052779224
34.05 1.9562878796375047 -3.017701402426739
34.1 1.9536554553322947 -3.0273486995755445
34.15 1.9510230310270902 -3.0369959967243374
34.2 1.9483906067218806 -3.0466432938731374
34.25 1.9457581824166668 -3.0562905910219405
34.3 1.9431257581114485 -3.0659378881707537
34.35 1.9404933338062305 -3.0755851853195573
34.4 1.937860909501007 -3.085232482468366
34.45 1.935228485195783 -3.094879779617174
34.5 1.9325960608905581 -3.1045270767659847
34.55 1.9299636365853319 -3.1141743739147927
34.6 1.9273312122801043 -3.1238216710636006
34.65 1.9246987879748751 -3.1334689682124113
34.7 1.9220663636696436 -3.1431162653612215
34.75 1.9194339393644113 -3.152763562510028
34.8 1.9168015150591773 -3.1624108596588334
34.85 1.9141690907539424 -3.1720581568076396
34.9 1.9115366664487075 -3.1817054539564413
34.95 1.9089042421434688 -3.191352751105246
35.0 1.9062718178382299 -3.201000048254052
35.05 1.9036393935329896 -3.2106473454028563
35.1 1.9010069692277467 -3.220294642551661
35.15 1.898374544922501 -3.2299419397004647
35.2 1.8957421206172549 -3.2395892368492665
35.25 1.893109696312008 -3.249236533998064
35.3 1.8904772720067584 -3.258883831146863
35.35 1.8878448477015064 -3.2685311282956615
35.4 1.8852124233962522 -3.2781784254444597
35.45 1.8825799990909955 -3.2878257225932574
35.5 1.8799475747857382 -3.2974730197420534
35.55 1.8773151504804775 -3.3071203168908547
35.6 1.874682726175215 -3.3167676140396556
35.65 1.8720503018699512 -3.326414911188451
35.7 1.8694178775646841 -3.3360622083372484
35.75 1.866785453259416 -3.3457095054860453
35.8 1.864153028954148 -3.355356802634839
35.85 1.8615206046488788 -3.3650040997836355
35.9 1.8588881803436081 -3.37465139693243
35.95 1.8562557560383364 -3.384298694081224
36.0 1.8536233317330633 -3.393945991230016
36.05 1.8509909074277866 -3.403593288378816
36.1 1.8483584831225084 -3.4132405855276113
36.15 1.845726058817229 -3.422887882676406
36.2 1.8430936345119489 -3.4325351798252033
36.25 1.840461210206666 -3.4421824769740015
36.3 1.8378287859013827 -3.451829774122796
36.35 1.8351963615960978 -3.461477071271586
36.4 1.8325639372908087 -3.471124368420377
36.45 1.8299315129855187 -3.4807716655691654
36.5 1.8272990886802276 -3.4904189627179556
36.55 1.8246666643749339 -3.500066259866748
36.6 1.8220342400696392 -3.509713557015538
36.65 1.8194018157643412 -3.5193608541643293
36.7 1.8167693914590408 -3.52900815131312
36.75 1.814136967153739 -3.5386554484619097
36.8 1.8116861798908048 -3.5476370828838677
36.85 1.8093169979070673 -3.556319651113268
36.9 1.8071452476294172 -3.5642786721431015
36.95 1.8050408875620216 -3.5719907223005927
37.0 1.8031623893531281 -3.5788750344125906
37.05 1.8013223247377506 -3.5856184959539403
37.1 1.7997112808492226 -3.5915226426730893
37.15 1.7981413029636968 -3.5972762915512226
37.2 1.7968077165981156 -3.602163613126244
37.25 1.7956152282422566 -3.60653383964304
37.3 1.7945622584015535 -3.6103927592863885
37.35 1.7936435422095758 -3.6137596669074337
37.4 1.7928538147982953 -3.616653856836298
37.45 1.7922667839677895 -3.6188052049911223
37.5 1.79178030943703 -3.6205878341988003
37.55 1.7914588716255522 -3.6217608873304004
37.6 1.7911715531040011 -3.6227988053467084
37.65 1.791069644077264 -3.623157001346902
37.7 1.7909160590992008 -3.6236858880314924
37.75 1.7907359795155668 -3.6242894452286802
37.8 1.7905083022970387 -3.6250271495014044
37.85 1.7902405262909376 -3.625861544290157
37.9 1.7899205610973865 -3.6268170638754054
37.95 1.7895553535854662 -3.6278545415670456
38.0 1.7890845279240928 -3.629125179179037
38.05 1.7885450783621812 -3.6305012863204458
38.1 1.7879214857183419 -3.6320002471777952
38.15 1.7872416188001972 -3.633532478535245
38.2 1.7864850032079642 -3.6351300655557015
38.25 1.7856281485486598 -3.636818236531967
38.3 1.7847426841548057 -3.638443312911258
38.35 1.7838797664492874 -3.6399131153773534
38.4 1.7830581158868166 -3.6412092977773827
38.45 1.7824316443331436 -3.6421198625686264
38.5 1.7819241395161753 -3.642796190632889
38.55 1.781642058154929 -3.643134541758046
38.6 1.7814194298413673 -3.6433819611765697
38.65 1.781294353703681 -3.643521897450806
38.7 1.7811490978389513 -3.6436649812063804
38.75 1.7810978607808055 -3.6437271464046033
38.8 1.7808740443374966 -3.643913708421181
38.85 1.7802615722151185 -3.6444083693616927
38.9 1.7792456862152501 -3.645184500794037
38.95 1.7778157522310578 -3.6462213080000887
39.0 1.7759587615679364 -3.6475065511784823
39.05 1.7732782300163954 -3.6492784521791615
39.1 1.7701177857705792 -3.6512814988479385
39.15 1.7663212214648079 -3.6535904667247476
39.2 1.7614557345468063 -3.6564450809469657
39.25 1.75605681657198 -3.6595116168229938
39.3 1.7496810170317008 -3.6630316977586888
39.35 1.7423624908798752 -3.6669753915697627
39.4 1.734502119583108 -3.671126795683158
39.45 1.725966723434931 -3.6755673553731474
39.5 1.717288910843513 -3.680034704871819
39.55 1.7084790211715057 -3.6845435986784985
39.6 1.699578395554317 -3.689092235778744
39.65 1.6906737985624276 -3.6936428556724104
39.7 1.6817692015718677 -3.6981934755443384
39.75 1.6728646045795408 -3.702744095394283
39.8 1.663960007583103 -3.7072947152220026
39.85 1.6550554105807704 -3.7118453350273133
39.9 1.6461508135711729 -3.7163959548100394
39.95 1.6372462165532593 -3.7209465745700463
40.0 1.628341619526228 -3.725497194307225
40.05 1.6194370224894528 -3.7300478140214786
40.1 1.6105324254424602 -3.734598433712738
40.15 1.6016278283848808 -3.7391490533809475
40.2 1.5927232313164223 -3.743699673026061
40.25 1.583818634236864 -3.7482502926480423
40.3 1.5749140371460355 -3.752800912246865
40.35 1.5660094400437936 -3.7573515318225055
40.4 1.5571048429300296 -3.7619021513749478
40.45 1.5482002458046615 -3.766452770904182
40.5 1.5392956486676277 -3.7710033904101987
40.55 1.5303910515188774 -3.775554009892985
40.6 1.5214864543583733 -3.7801046293525378
40.65 1.5125818571860814 -3.7846552487888476
40.7 1.5036772600020136 -3.789205868201924
40.75 1.494772662806105 -3.7937564875917387
40.8 1.4858680655983663 -3.798307106958324
40.85 1.4769634683788107 -3.802857726301652
40.9 1.4680588711473819 -3.8074083456217194
40.95 1.459154273904075 -3.8119589649185266
41.0 1.4502496766488873 -3.816509584192075
41.05 1.4413450793818194 -3.8210602034423675
41.1 1.4324404817163137 -3.8256108226659644
41.15 1.423535883756399 -3.8301614418812764
41.2 1.4146312857976377 -3.8347120610960745
41.25 1.4057266878396113 -3.8392626803105583
41.3 1.3968220898820503 -3.843813299524851
41.35 1.387917491924788 -3.8483639187390297
41.4 1.3790128939677215 -3.852914537953136
41.45 1.3701082960107867 -3.857465157167199
41.5 1.3612036980539404 -3.8620157763812344
41.55 1.3522991000971525 -3.8665663955952536
41.6 1.3433945021404063 -3.8711170148092613
41.65 1.3344899041836888 -3.8756676340232645
41.7 1.325585306226995 -3.880218253237262
41.75 1.3166807082703123 -3.8847688724512577
41.8 1.3077761103136418 -3.889319491665252
41.85 1.2988715123569792 -3.893870110879243
41.9 1.2899669144003323 -3.8984207300932288
41.95 1.281062316443669 -3.9029713493072227
42.0 1.2721577184870199 -3.9075219685212073
42.05 1.2632531205303725 -3.912072587735194
42.1 1.2543485225737439 -3.9166232069491773
42.15 1.245443924617097 -3.9211738261631703
42.2 1.2365393266604328 -3.925724445377171
42.25 1.2276347287037834 -3.9302750645911604
42.3 1.218730130747136 -3.93482568380515
42.35 1.2098255327904963 -3.9393763030191313
42.4 1.2009209348338583 -3.9439269222331097
42.45 1.1920163368772232 -3.948477541447089
42.5 1.1831117389205836 -3.953028160661068
42.55 1.1742071409639383 -3.9575787798750492
42.6 1.1653025430072947 -3.962129399089029
42.65 1.1563979450506479 -3.9666800183030095
42.7 1.1474933470940014 -3.9712306375169875
42.75 1.1385887491373536 -3.9757812567309645
42.8 1.1296841511807059 -3.9803318759449393
42.85 1.120779553224057 -3.98488249515891
42.9 1.11187495526741 -3.989433114372877
42.95 1.102970357310764 -3.9939837335868416
43.0 1.0940657593541143 -3.998534352800806
43.05 1.0851611613974694 -4.003084972014763
43.1 1.0762565634408154 -4.007635591228731
43.15 1.0673519654841543 -4.012186210442702
43.2 1.0584473675274997 -4.016736829656657
43.25 1.0495427695708408 -4.0212874488706145
43.3 1.0406381716141815 -4.02583806808457
43.35 1.031733573657525 -4.03038868729852
43.4 1.0228289757008675 -4.034939306512471
43.45 1.0139243777442122 -4.039489925726419
43.5 1.0050197797875569 -4.044040544940365
43.55 0.9961151818308966 -4.048591164154309
43.6 0.9872105838742371 -4.05314178336825
43.65 0.978305985917573 -4.057692402582193
43.7 0.9694013879609061 -4.062243021796139
43.75 0.9604967900042369 -4.066793641010083
43.8 0.9515921920475678 -4.071344260224022
43.85 0.9426875940909035 -4.075894879437961
43.9 0.9337829961342404 -4.080445498651899
43.95 0.9248783981775764 -4.084996117865837
44.0 0.9159738002209145 -4.089546737079775
44.05 0.9070692022642477 -4.094097356293712
44.1 0.8981646043075796 -4.098647975507649
44.15 0.8892600063509072 -4.103198594721583
44.2 0.8803554083942329 -4.107749213935518
44.25 0.8714508104375511 -4.112299833149457
44.3 0.862546212480873 -4.116850452363392
44.35 0.8536416145241985 -4.1214010715773215
44.4 0.8447370165675234 -4.1259516907912435
44.45 0.8358324186108512 -4.130502310005161
44.5 0.8269278206541781 -4.13505292921908
44.55 0.8180232226975053 -4.139603548432997
44.6 0.8091186247408336 -4.144154167646908
44.65 0.8002140267841573 -4.14870478686082
44.7 0.7913094288274746 -4.153255406074735
44.75 0.7824048308707918 -4.157806025288648
44.8 0.7735002329141064 -4.1623566445025615
44.85 0.764595634957423 -4.166907263716469
44.9 0.755691037000742 -4.171457882930375
44.95 0.7467864390440554 -4.176008502144278
45.0 0.7378818410873739 -4.180559121358176
45.05 0.728977243130693 -4.185109740572073
45.1 0.7200726451740085 -4.189660359785969
45.15 0.7111680472173226 -4.194210978999863
45.2 0.702263449260632 -4.198761598213758
45.25 0.6933588513039401 -4.203312217427652
45.3 0.6844542533472499 -4.207862836641547
45.35 0.6755496553905588 -4.21241345585544
45.4 0.6666450574338698 -4.216964075069335
45.45 0.6577404594771754 -4.221514694283227
45.5 0.6488358615204869 -4.226065313497118
45.55 0.6399312635637984 -4.230615932711006
45.6 0.6310266656071083 -4.235166551924893
45.65 0.6221220676504117 -4.239717171138784
45.7 0.6132174696937196 -4.244267790352673
45.75 0.6043128717370208 -4.2488184095665655
45.8 0.5954082737803195 -4.2533690287804555
45.85 0.5865036758236182 -4.2579196479943455
45.9 0.5775990778669159 -4.262470267208228
45.95 0.5686944799102198 -4.267020886422104
46.0 0.5597898819535214 -4.271571505635977
46.05 0.5508852839968242 -4.276122124849844
46.1 0.541980686040126 -4.280672744063709
46.15 0.53307875942523 -4.28522199810689
46.2 0.5249283800845697 -4.289387180265142
46.25 0.5169195838896379 -4.293480007555094
46.3 0.5096748021315897 -4.29718239168027
46.35 0.5025600275421757 -4.300818336742426
46.4 0.4962199529162885 -4.304058377911025
46.45 0.49000543315179557 -4.307234255328452
46.5 0.4845816416492482 -4.310006037751463
46.55 0.47926381488191167 -4.312723667788477
46.6 0.4747420591496557 -4.31503447247145
46.65 0.47067327468764225 -4.317113100506679
46.7 0.4669709554134896 -4.318997037234347
46.75 0.4641965688529737 -4.320395854664255
46.8 0.4618754003956005 -4.321548079817364
46.85 0.46029901934394046 -4.32231534932222
46.9 0.4593930273266619 -4.322742238133542
46.95 0.45825278809268993 -4.32325226035763
47.0 0.456861607963891 -4.323800586293155
47.05 0.45533015551327555 -4.324381846853308
47.1 0.453625696406411 -4.324994741533238
47.15 0.45175501953485 -4.325638385292916
47.2 0.4497990984725964 -4.326312608881136
47.25 0.44766178525719413 -4.327006086183768
47.3 0.4455865775669901 -4.327628864517719
47.35 0.44361630933521184 -4.328162356732078
47.4 0.4417511321882124 -4.328609930864148
47.45 0.43999112328443274 -4.328975540148391
47.5 0.4383362214641824 -4.329263678893412
47.55 0.4367861637062349 -4.329479330807297
47.6 0.4353404234720592 -4.32962790961654
47.65 0.4339981526198615 -4.329715192032911
47.7 0.43275812861367596 -4.329747243369252
47.75 0.431619087562654 -4.329730343478083
47.8 0.43066782209572074 -4.3296759725613185
47.85 0.43011867250039165 -4.329615803134822
47.9 0.42962716016049896 -4.329568088662413
47.95 0.4291275664623642 -4.3295164903669825
48.0 0.42854641112373465 -4.329430479107819
48.05 0.42779615271083526 -4.329225725086616
48.1 0.42664756669799 -4.328868196538396
48.15 0.424965259228565 -4.3282868651359765
48.2 0.42281368950937265 -4.3274681223986535
48.25 0.42026797266461585 -4.326402801559544
48.3 0.4174387481055809 -4.325121208431387
48.35 0.41393028391458464 -4.323408136012894
48.4 0.40975014469707843 -4.321230417134351
48.45 0.40529842509095604 -4.318762889192584
48.5 0.4006280287486098 -4.316031138542158
48.55 0.39474489858110123 -4.312413598199976
48.6 0.3883061468533118 -4.308278252292853
48.65 0.38109993432626177 -4.303461619163432
48.7 0.37378436601857207 -4.298396727985732
48.75 0.3664280592390851 -4.293144539067113
48.8 0.3590235421758206 -4.287717121108234
48.85 0.35156231362968715 -4.282126947690212
48.9 0.3440349235271217 -4.276386953589565
48.95 0.3364310807157017 -4.270510610649078
49.0 0.32873976431085755 -4.264512001767902
49.05 0.32094931944846294 -4.258405878031274
49.1 0.31308462855134495 -4.252234467967427
49.15 0.3052175776132949 -4.246061179166887
49.2 0.29735052667880907 -4.239887890369115
49.25 0.2894834757471744 -4.233714601573285
49.3 0.2816164248178542 -4.227541312778783
49.35 0.27374937389044657 -4.221368023985132
49.4 0.2658823229646431 -4.2151947351919645
49.45 0.2580152717695011 -4.2090214463830735
49.5 0.25014822023694505 -4.202848157528397
49.55 0.2422811687333357 -4.196674868638213
49.6 0.234414117258928 -4.190501579711641
49.65 0.22654706581396272 -4.18432829074804
49.7 0.21868001439866203 -4.178155001746925
49.75 0.2108129630132097 -4.171981712707937
49.8 0.2029459116577628 -4.165808423630809
49.85 0.19507886033245023 -4.159635134515329
49.9 0.18721180903738036 -4.153461845361348
49.95 0.1793447577726312 -4.147288556168735
50.0 0.17147770655052716 -4.1411152667984075
50.05 0.16361065536786737 -4.134941977096403
50.1 0.15574360418591263 -4.128768687395142
50.15 0.14787655300438043 -4.122595397694355
50.2 0.14000950182310148 -4.11642210799388
50.25 0.1321424506419773 -4.1102488182936145
50.3 0.1242753994609471 -4.104075528593491
50.35 0.11640834827997369 -4.097902238893463
50.4 0.10854129709903475 -4.091728949193505
50.45 0.10067424591811532 -4.085555659493593
50.5 0.09280719473720717 -4.07938236979372
50.55 0.08494014355630992 -4.073209080093869
50.6 0.07707309237541167 -4.067035790394039
50.65 0.06920604119451328 -4.06086250069421
50.7 0.06133899001361682 -4.054689210994384
50.75 0.05347193883272427 -4.048515921294566
50.8 0.04560488765183192 -4.0423426315947655
50.85 0.03773783647094021 -4.036169341894969
50.9 0.029870785290046335 -4.029996052195174
50.95 0.022003734109155328 -4.023822762495383
51.0 0.014136682928264007 -4.017649472795595
51.05 0.0062696317473836275 -4.0114761830958106
51.1 -0.0015974194335138315 -4.005302893396008
51.15 -0.00946447061441402 -3.999129603696207
51.2 -0.017331521795304942 -3.992956313996411
51.25 -0.025198572976195335 -3.9867830242966162
51.3 -0.033065624157076395 -3.980609734596826
51.35 -0.04093267533795157 -3.9744364448970377
51.4 -0.04879972651881705 -3.968263155197254
51.45 -0.05666677769969184 -3.9620898654974614
51.5 -0.06453382888056469 -3.9559165757976684
51.55 -0.07240088006143719 -3.9497432860978736
51.6 -0.08026793124231138 -3.9435699963980757
51.65 -0.08813498242318861 -3.9373967066982694
51.7 -0.09600203360406419 -3.9312234169984612
51.75 -0.10386908478493843 -3.9250501272986544
51.8 -0.11173613596581236 -3.918876837598845
51.85 -0.11960318714668094 -3.9127035478990377
51.9 -0.12747023832755122 -3.9065302581992283
51.95 -0.13533728950841759 -3.9003569684994206
52.0 -0.1432043406892795 -3.894183678799614
52.05 -0.15107139187014634 -3.8880103890998003
52.1 -0.15893844305100857 -3.881837099399987
52.15 -0.16680549423187135 -3.875663809700172
52.2 -0.17467254541273827 -3.8694905200003533
52.25 -0.18253959659360072 -3.8633172303005363
52.3 -0.19040664777446673 -3.857143940600715
52.35 -0.19827369895532437 -3.850970650900898
52.4 -0.20614075013617847 -3.8447973612010795
52.45 -0.21400780131703095 -3.8386240715012603
52.5 -0.22187485249788186 -3.8324507818014406
52.55 -0.22974190367873437 -3.826277492101615
52.6 -0.23760895485958797 -3.820104202401788
52.65 -0.2454760060404414 -3.8139309127019585
52.7 -0.253343057221289 -3.807757623002132
52.75 -0.2612101084021423 -3.801584333302299
52.8 -0.26907715958299067 -3.795411043602467
52.85 -0.2769442107638391 -3.789237753902633
52.9 -0.28481126194468653 -3.783064464202798
52.95 -0.29267831312553105 -3.776891174502962
53.0 -0.3005453643063759 -3.7707178848031253
53.05 -0.30841241548721526 -3.7645445951032914
53.1 -0.31627946666805795 -3.758371305403454
53.15 -0.324146517848901 -3.7521980157036157
53.2 -0.3320135690297457 -3.746024726003775
53.25 -0.33988062021058874 -3.7398514363039324
53.3 -0.34774767139143026 -3.7336781466040874
53.35 -0.3556147225722716 -3.7275048569042384
53.4 -0.3634817737531079 -3.72133156720439
53.45 -0.3713488249339433 -3.71515827750454
53.5 -0.3792158761147773 -3.708984987804691
53.55 -0.38708292729560695 -3.702811698104842
53.6 -0.39494997847644336 -3.6966384084049855
53.65 -0.40281702965726957 -3.690465118705134
53.7 -0.4106840808381006 -3.684291829005277
53.75 -0.4185511320189319 -3.6781185393054154
53.8 -0.42641818319976144 -3.671945249605554
53.85 -0.43428523438059147 -3.66577195990569
53.9 -0.44215228556141856 -3.6595986702058267
53.95 -0.4500193367422411 -3.6534253805059667
54.0 -0.4578863879230563 -3.64725209080611
54.05 -0.4657534391038781 -3.6410788011062465
54.1 -0.47362049028469827 -3.6349055114063815
54.15 -0.48148754146551814 -3.6287322217065148
54.2 -0.4893545926463379 -3.622558932006645
54.25 -0.49722164382716233 -3.6163856423067693
54.3 -0.5050886950079838 -3.6102123526068945
54.35 -0.5129557461888039 -3.6040390629070207
54.4 -0.5208227973696216 -3.597865773207144
54.45 -0.5286898485504375 -3.591692483507268
54.5 -0.5365568997312458 -3.5855191938073965
54.55 -0.5444239509120536 -3.5793459041075226
54.6 -0.5522910020928649 -3.5731726144076426
54.65 -0.5601580532736716 -3.566999324707764
54.7 -0.5680251044544793 -3.560826035007881
54.75 -0.5758921556352873 -3.554652745307997
54.8 -0.583759206816097 -3.5484794556081116
54.85 -0.5916262579969067 -3.5423061659082227
54.9 -0.5994933091777139 -3.536132876208333
54.95 -0.607360360358517 -3.5299595865084403
55.0 -0.6152274115393176 -3.523786296808549
55.05 -0.6230944627201145 -3.5176130071086584
55.1 -0.630961513900912 -3.511439717408767
55.15 -0.6388285650817068 -3.5052664277088765
55.2 -0.6466956162625089 -3.4990931380089805
55.25 -0.6545626674433077 -3.492919848309084
55.3 -0.6624297186241072 -3.4867465586091866
55.35 -0.6702967698049065 -3.4805732689092865
55.4 -0.6781638209857016 -3.4743999792093887
55.45 -0.6860308721664983 -3.4682266895094873
55.5 -0.6938979233472954 -3.4620533998095815
55.55 -0.7017649745280824 -3.4558801101096805
55.6 -0.7096320257088707 -3.4497068204097774
55.65 -0.7174990768896558 -3.443533530709875
55.7 -0.7253661280704414 -3.4373602410099724
55.75 -0.7332331792512301 -3.431186951310067
55.8 -0.7411002304320173 -3.4250136616101563
55.85 -0.7489672816128045 -3.418840371910242
55.9 -0.7568343327935918 -3.412667082210324
55.95 -0.7647013839743754 -3.4064937925104086
56.0 -0.7725684351551565 -3.400320502810493
56.05 -0.7804354863359363 -3.394147213110577
56.1 -0.788302537516716 -3.38797392341066
56.15 -0.7961695886974933 -3.381800633710744
56.2 -0.804036639878267 -3.3756273440108306
56.25 -0.8119036910590465 -3.3694540543109115
56.3 -0.8197707422398273 -3.3632807646109875
56.35 -0.8276377934206107 -3.3571074749110603
56.4 -0.8355048446013884 -3.350934185211133
56.45 -0.8433718957821673 -3.3447608955112025
56.5 -0.8512389469629404 -3.338587605811274
56.55 -0.8591059981437139 -3.3324143161113455
56.6 -0.8669730493244852 -3.3262410264114153
56.65 -0.8748401005052534 -3.3200677367114806
56.7 -0.8827071516860222 -3.3138944470115432
56.75 -0.8905742028667883 -3.307721157311605
56.8 -0.8984412540475529 -3.301547867611665
56.85 -0.906308305228314 -3.2953745779117267
56.9 -0.9141753564090792 -3.289201288211784
56.95 -0.9220424075898409 -3.283027998511839
57.0 -0.9299094587706017 -3.276854708811896
57.05 -0.9377765099513604 -3.2706814191119506
57.1 -0.9456435611321165 -3.2645081294120053
57.15 -0.9535106123128722 -3.258334839712059
57.2 -0.9613776634936293 -3.2521615500121093
57.25 -0.9692447146743871 -3.2459882603121577
57.3 -0.9771117658551417 -3.2398149706122044
57.35 -0.9849788170358974 -3.2336416809122497
57.4 -0.9928458682166519 -3.227468391212291
57.45 -1.0007129193974065 -3.2212951015123297
57.5 -1.0085799705781608 -3.215121811812365
57.55 -1.0164470217589059 -3.2089485221124048
57.6 -1.0243140729396472 -3.202775232412445
57.65 -1.032181124120389 -3.1966019427124843
57.7 -1.0400481753011328 -3.1904286530125194
57.75 -1.0479152264818672 -3.1842553633125608
57.8 -1.055782277662609 -3.1780820736125945
57.85 -1.0636493288433482 -3.1719087839126248
57.9 -1.0715163800240912 -3.16573549421265
57.95 -1.079383431204832 -3.1595622045126768
58.0 -1.0872504823855715 -3.1533889148127043
58.05 -1.0951175335663093 -3.147215625112731
58.1 -1.102984584747043 -3.1410423354127537
58.15 -1.1108516359277758 -3.1348690457127724
58.2 -1.1187186871085053 -3.128695756012792
58.25 -1.1265857382892372 -3.122522466312808
58.3 -1.1344527894699643 -3.116349176612827
58.35 -1.1423198406506947 -3.1101758869128413
58.4 -1.1501868918314233 -3.1040025972128573
58.45 -1.1580539430121548 -3.097829307512867
58.5 -1.1659209941928825 -3.0916560178128774
58.55 -1.1737880453736103 -3.085482728112887
58.6 -1.1816550965543355 -3.079309438412894
58.65 -1.1895221477350486 -3.073136148712907
58.7 -1.1973891989157686 -3.0669628590129143
58.75 -1.2052562500964865 -3.060789569312921
58.8 -1.2131233012771991 -3.0546162796129317
58.85 -1.2209903524579189 -3.048442989912935
58.9 -1.2288574036386384 -3.0422697002129326
58.95 -1.2367244548193577 -3.03609641051293
59.0 -1.2445915060000778 -3.029923120812923
59.05 -1.252458557180794 -3.0237498311129176
59.1 -1.2603256083615082 -3.0175765414129123
59.15 -1.2681926595422224 -3.0114032517129057
59.2 -1.2760597107229321 -3.0052299620128986
59.25 -1.2839267619036394 -2.999056672312893
59.3 -1.2917938130843496 -2.992883382612883
59.35 -1.2996608642650553 -2.9867100929128743
59.4 -1.3075279154457649 -2.9805368032128623
59.45 -1.3153949666264764 -2.974363513512845
59.5 -1.3232620178071843 -2.968190223812828
59.55 -1.3311290689878954 -2.9620169341128086
59.6 -1.3389961201685991 -2.9558436444127927
59.65 -1.3468631713492978 -2.9496703547127754
59.7 -1.3547302225299898 -2.943497065012762
59.75 -1.362597273710686 -2.937323775312741
59.8 -1.3704643248913797 -2.931150485612719
59.85 -1.3783313760720768 -2.924977195912692
59.9 -1.3861984272527765 -2.918803906212662
59.95 -1.3940654784334732 -2.9126306165126326
60.0 -1.4019325296141707 -2.9064573268126015
60.05 -1.4097995807948676 -2.9002840371125678
60.1 -1.417666631975561 -2.894110747412535
60.15 -1.42553368315625 -2.887937457712503
60.2 -1.433400734336938 -2.8817641680124684
60.25 -1.441267785517623 -2.875590878312433
60.3 -1.4491348366983061 -2.869417588612398
60.35 -1.457001887878988 -2.8632442989123637
60.4 -1.4648689390596739 -2.8570710092123273
60.45 -1.4727359902403598 -2.8508977195122887
60.5 -1.4806030414210458 -2.8447244298122496
60.55 -1.4884700926017318 -2.8385511401122088
60.6 -1.4963371437824153 -2.832377850412169
60.65 -1.5042041949631013 -2.8262045607121222
60.7 -1.512071246143782 -2.820031271012076
60.75 -1.519938297324462 -2.8138579813120277
60.8 -1.5278053485051366 -2.8076846916119798
60.85 -1.5356723996858144 -2.801511401911928
60.9 -1.5435394508664888 -2.7953381122118772
60.95 -1.5514065020471657 -2.7891648225118217
61.0 -1.5592735532278437 -2.7829915328117627
61.05 -1.5671052028126802 -2.7768460228214034
61.1 -1.574228818307851 -2.7712561084935676
61.15 -1.581188799159478 -2.76579459858429
61.2 -1.5874848008447255 -2.7608541143409946
61.25 -1.593628968495337 -2.756032774571125
61.3 -1.59913590493887 -2.7517114712883917
61.35 -1.6044304310651396 -2.7475568468048768
61.4 -1.609150662386745 -2.743852872493834
61.45 -1.6135377113892249 -2.7404103402596323
61.5 -1.6168838665647807 -2.7377816219065543
61.55 -1.6200613139251827 -2.735273078339971
61.6 -1.6221108620251037 -2.7336395290997895
61.65 -1.6240843974181542 -2.7320443069788634
61.7 -1.6252398413669784 -2.7310933138016122
61.75 -1.6260303972886854 -2.730425241143647
61.8 -1.6268894494914192 -2.7296799489882213
61.85 -1.627916860956932 -2.728761760605819
61.9 -1.6290840528054882 -2.7276828227606607
61.95 -1.630361490600075 -2.726456217358364
62.0 -1.631732981817985 -2.725082226260237
62.05 -1.6330510904998623 -2.723698037808945
62.1 -1.6344325114203644 -2.722171284957769
62.15 -1.6357124047886875 -2.720675388449993
62.2 -1.6368518563147827 -2.719258960156975
62.25 -1.637855869879118 -2.7179242933529504
62.3 -1.6387301138331105 -2.716674149878064
62.35 -1.639479951204865 -2.7155129731821925
62.4 -1.640111748749866 -2.7144451574158834
62.45 -1.6406328715917775 -2.7134748922483074
62.5 -1.6410516518331164 -2.712606005573147
62.55 -1.6413745019254287 -2.7118485330732556
62.6 -1.6417388985477963 -2.7108310223038123
62.65 -1.642122390998766 -2.7097194036031005
62.7 -1.6425995605282548 -2.708049638935936
62.75 -1.6430520135193725 -2.7062122030572175
62.8 -1.6436588384604525 -2.7031680843953403
62.85 -1.6442956292481417 -2.699430056163385
62.9 -1.6448763457526354 -2.695284677614921
62.95 -1.6453744128389107 -2.6909254302106826
63.0 -1.6457655263965603 -2.686096074731873
63.05 -1.6459325430997995 -2.680570255434126
63.1 -1.6458544731411062 -2.674143539163109
63.15 -1.645564733495938 -2.6675626485174107
63.2 -1.6450454896510363 -2.660522166691673
63.25 -1.644231353082551 -2.652577734025653
63.3 -1.6431853850770466 -2.6445507143052587
63.35 -1.6419148399762917 -2.6364529932282985
63.4 -1.6404267213763177 -2.6282861055916036
63.45 -1.6387286291519088 -2.6200509719209713
63.5 -1.6368287444131566 -2.6117478306138713
63.55 -1.634735821740303 -2.6033762062823693
63.6 -1.6324591912329622 -2.5949349192079065
63.65 -1.630008768554646 -2.5864221273744756
63.7 -1.6273950676852749 -2.5778353836102
63.75 -1.6246292103030842 -2.569171689192024
63.8 -1.621722928060415 -2.5604275317785374
63.85 -1.6186885582943733 -2.5515989063570887
63.9 -1.6155390377827281 -2.542681328339883
63.95 -1.6122879008627071 -2.5336698535461895
64.0 -1.6089492867002861 -2.5245591186126095
64.05 -1.6055379565017203 -2.51534340848922
64.1 -1.602069543168111 -2.506017370423022
64.15 -1.5985819049471086 -2.4966452647743735
64.2 -1.5950942666940269 -2.487273159140119
64.25 -1.591606628408402 -2.477901053519805
64.3 -1.5881189900898758 -2.4685289479130987
64.35 -1.5846313517381876 -2.459156842319785
64.4 -1.581143713353147 -2.4497847367397143
64.45 -1.5776560748705044 -2.4404126311847008
64.5 -1.5741684361483272 -2.431040525673489
64.55 -1.5706807974594827 -2.421668420150237
64.6 -1.5671931588041899 -2.412296314615151
64.65 -1.5637055201825987 -2.4029242090682508
64.7 -1.5602178815931516 -2.393552103412175
64.75 -1.5567302430073835 -2.3841799970751496
64.8 -1.5532426044221683 -2.3748078907397723
64.85 -1.549754965837292 -2.3654357844054257
64.9 -1.5462673272526268 -2.3560636780717417
64.95 -1.5427796886680927 -2.346691571738482
65.0 -1.539292050083639 -2.3373194654054954
65.05 -1.5358044114992386 -2.3279473590726987
65.1 -1.5323167729148714 -2.3185752527400263
65.15 -1.528829134330527 -2.3092031464074383
65.2 -1.5253414957461968 -2.299831040074909
65.25 -1.5218538571618756 -2.2904589337424186
65.3 -1.5183662185775626 -2.2810868274099625
65.35 -1.5148785799932523 -2.271714721077523
65.4 -1.5113909414089448 -2.262342614745098
65.45 -1.507903302824638 -2.2529705084126803
65.5 -1.504415664240335 -2.243598402080277
65.55 -1.5009280256560347 -2.2342262957478822
65.6 -1.497440387071735 -2.2248541894154905
65.65 -1.493952748487433 -2.215482083083103
65.7 -1.4904651099031363 -2.206109976750723
65.75 -1.4869774713188293 -2.196737870418322
65.8 -1.483489832734527 -2.1873657640859303
65.85 -1.4800021941502284 -2.177993657753552
65.9 -1.4765145555659356 -2.1686215514211833
65.95 -1.4730269169816417 -2.159249445088815
66.0 -1.4695392783973422 -2.149877338756442
66.05 -1.4660516398130403 -2.1405052324240685
66.1 -1.4625640012287353 -2.131133126091694
66.15 -1.4590763626444285 -2.1217610197593206
66.2 -1.4555887240601206 -2.112388913426948
66.25 -1.45210108547581 -2.103016807094573
66.3 -1.448613446891497 -2.0936447007621997
66.35 -1.4451258083071834 -2.084272594429825
66.4 -1.441638169722868 -2.074900488097451
66.45 -1.43815053113855 -2.0655283817650774
66.5 -1.4346628925542304 -2.056156275432703
66.55 -1.431175253969911 -2.0467841691003303
66.6 -1.4276876153855893 -2.037412062767957
66.65 -1.4241999768012659 -2.0280399564355838
66.7 -1.4207123382169429 -2.0186678501032165
66.75 -1.417224699632615 -2.009295743770842
66.8 -1.4137370610482871 -1.999923637438474
66.85 -1.4102494224639563 -1.990551531106104
66.9 -1.406761783879624 -1.9811794247737338
66.95 -1.4032741452952886 -1.9718073184413636
67.0 -1.3997865067109527 -1.962435212108995
67.05 -1.3962988681266137 -1.9530631057766241
67.1 -1.392811229542275 -1.9436909994442588
67.15 -1.3893235909579338 -1.9343188931118944
67.2 -1.385835952373591 -1.9249467867795316
67.25 -1.3823483137892467 -1.915574680447169
67.3 -1.3788606752049017 -1.906202574114808
67.35 -1.3753730366205545 -1.8968304677824466
67.4 -1.3718853980362031 -1.8874583614500806
67.45 -1.3683977594518508 -1.878086255117718
67.5 -1.3649101208674976 -1.8687141487853571
67.55 -1.3614224822831436 -1.8593420424529972
67.6 -1.3579348436987861 -1.8499699361206359
67.65 -1.35444720511443 -1.8405978297882815
67.7 -1.3509595665300695 -1.83122572345592
67.75 -1.3474719279457104 -1.8218536171235682
67.8 -1.3439842893613472 -1.8124815107912124
67.85 -1.3404966507769835 -1.8031094044588565
67.9 -1.3370090121926175 -1.7937372981264978
67.95 -1.3335213736082485 -1.7843651917941399
68.0 -1.330033735023879 -1.774993085461783
68.05 -1.326546096439505 -1.7656209791294242
68.1 -1.3230584578551317 -1.7562488727970713
68.15 -1.319570819270757 -1.746876766464719
68.2 -1.3160831806863795 -1.7375046601323678
68.25 -1.3125955421020026 -1.7281325538000232
68.3 -1.309107903517621 -1.7187604474676716
68.35 -1.305620264933238 -1.7093883411353228
68.4 -1.3021326263488535 -1.700016234802973
68.45 -1.2986449877644684 -1.6906441284706246
68.5 -1.29515734918008 -1.681272022138275
68.55 -1.291669710595691 -1.6718999158059242
68.6 -1.2881820720113004 -1.662527809473578
68.65 -1.284694433426909 -1.6531557031412303
68.7 -1.2812067948425154 -1.6437835968088814
68.75 -1.2777191562581223 -1.634411490476542
68.8 -1.2742315176737264 -1.625039384144196
68.85 -1.27074387908933 -1.6156672778118497
68.9 -1.2672562405049306 -1.6062951714795037
68.95 -1.2637686019205299 -1.5969230651471584
69.0 -1.2602809633361265 -1.5875509588148122
69.05 -1.2569502682951346 -1.5786005966936807
69.1 -1.253811393250961 -1.5701657002537066
69.15 -1.2508434126133803 -1.5621900368935677
69.2 -1.2480533014637045 -1.55469235107969
69.25 -1.2455456890748025 -1.547953805757593
69.3 -1.2431706069675272 -1.5415714004710308
69.35 -1.2410801161629947 -1.5359537591546133
69.4 -1.2392888647600697 -1.531140244480662
69.45 -1.2375722488307344 -1.5265272929066325
69.5 -1.2361674277785935 -1.5227522076687745
69.55 -1.2348142237922546 -1.519115829554951
69.6 -1.2337644443378262 -1.5162948247628216
69.65 -1.2329029973693206 -1.5139799136223078
69.7 -1.2322107008489216 -1.51211954973642
69.75 -1.2318253165012245 -1.5110839311580342
69.8 -1.2314838763897762 -1.5101664011735823
69.85 -1.2314524875743715 -1.5100820519673337
69.9 -1.2314524875743715 -1.5100820519673337
69.95 -1.2314524875743715 -1.5100820519673337
70.0 -1.2314524875743715 -1.5100820519673337
70.05 -1.2314524875743715 -1.5100820519673337
70.1 -1.2314524875743715 -1.5100820519673337
70.15 -1.2314524875743715 -1.5100820519673337
70.2 -1.2314524875743715 -1.5100820519673337
70.25 -1.2314524875743715 -1.5100820519673337
70.3 -1.2314524875743715 -1.5100820519673337
70.35 -1.2314524875743715 -1.5100820519673337
70.4 -1.2314524875743715 -1.5100820519673337
70.45 -1.2314524875743715 -1.5100820519673337
70.5 -1.2314524875743715 -1.5100820519673337
70.55 -1.2314524875743715 -1.5100820519673337
70.6 -1.2314524875743715 -1.5100820519673337
70.65 -1.2314524875743715 -1.5100820519673337
70.7 -1.2314524875743715 -1.5100820519673337
70.75 -1.2314524875743715 -1.5100820519673337
70.8 -1.2314524875743715 -1.5100820519673337
70.85 -1.2314524875743715 -1.5100820519673337
70.9 -1.2314524875743715 -1.5100820519673337
70.95 -1.2314524875743715 -1.5100820519673337
71.0 -1.2314524875743715 -1.5100820519673337
71.05 -1.2314524875743715 -1.5100820519673337
71.1 -1.2314524875743715 -1.5100820519673337
71.15 -1.2314524875743715 -1.5100820519673337
71.2 -1.2314524875743715 -1.5100820519673337
71.25 -1.2314524875743715 -1.5100820519673337
71.3 -1.2314524875743715 -1.5100820519673337
71.35 -1.2314524875743715 -1.5100820519673337
71.4 -1.2314524875743715 -1.5100820519673337
