6.925 0.9996693063803515 -0.4999999984506738
7.025 0.9996693063803515 -0.4999999984506738
7.118 0.9996693063803515 -0.4999999984506738
7.215 0.9996693063803515 -0.4999999984506738
7.315 0.9996693063803515 -0.4999999984506738
7.41 0.9996693063803515 -0.4999999984506738
7.504 0.9996693063803515 -0.4999999984506738
7.54 0.9996693063803515 -0.4999999984506738
7.635 1.0015693063803515 -0.49999999840614806
7.727 1.0052493063803514 -0.49999999831990877
7.837 1.0118493063803513 -0.4999999981652404
7.9350000000000005 1.0196893063803514 -0.4999999979815132
8.031 1.0292893063803514 -0.4999999977565411
8.057 1.0324093063803514 -0.4999999976834251
8.088 1.0367493063803512 -0.499999997581719
8.111 1.0404293063803516 -0.49999999749547963
8.14 1.0456493063803516 -0.49999999737315104
8.17 1.0516493063803514 -0.49999999723254346
8.2 1.0576493063803512 -0.4999999970919359
8.217 1.0610493063803514 -0.4999999970122582
8.249 1.0674493063803514 -0.4999999968622768
8.279 1.0734493063803512 -0.4999999967216692
8.308 1.0792493063803512 -0.49999999658574856
8.337 1.0850493063803512 -0.4999999964498279
8.366 1.0908493063803513 -0.49999999631390724
8.393 1.0962493063803516 -0.4999999961873604
8.429 1.1034493063803514 -0.4999999960186313
8.454 1.1084493063803516 -0.4999999959014583
8.482 1.1140493063803514 -0.4999999957702246
8.512 1.1200493063803516 -0.499999995629617
8.54 1.1256493063803514 -0.49999999549838325
8.57 1.1316493063803517 -0.4999999953577757
8.6 1.1376493063803514 -0.4999999952171681
8.625 1.1426493063803516 -0.4999999950999951
8.651 1.1478493063803514 -0.4999999949781352
8.679 1.1534493063803515 -0.49999999484690144
8.709 1.1594493063803513 -0.49999999470629386
8.745 1.1666493063803511 -0.4999999945375648
8.771 1.1718493063803515 -0.49999999441570486
8.796 1.1768493063803511 -0.49999999429853187
8.824 1.1824493063803514 -0.4999999941672981
8.852 1.1880493063803514 -0.4999999940360644
8.875 1.1926493063803514 -0.4999999939282652
8.9 1.1976493063803515 -0.4999999938110922
8.923 1.2022493063803514 -0.49999999370329307
8.944 1.2064493063803516 -0.49999999360486774
8.974 1.2124493063803514 -0.49999999346426016
9.001 1.2178493063803513 -0.49999999333771333
9.028 1.2232493063803516 -0.4999999932111665
9.055 1.2286493063803514 -0.4999999930846197
9.086 1.2348493063803516 -0.4999999929393252
9.116 1.2408493063803516 -0.4999999927987176
9.147 1.2470493063803518 -0.4999999926534231
9.176 1.2528493063803519 -0.49999999251750243
9.204 1.2584493063803521 -0.4999999923862687
9.234 1.264449306380352 -0.4999999922456611
9.267 1.2710493063803519 -0.4999999920909928
9.294 1.2764493063803521 -0.49999999196444594
9.323 1.2822493063803522 -0.4999999918285253
9.353 1.288249306380352 -0.4999999916879177
9.376 1.292849306380352 -0.49999999158011854
9.419 1.301449306380352 -0.499999991378581
9.438 1.305249306380352 -0.4999999912895295
9.467 1.311049306380352 -0.4999999911536088
9.499 1.317449306380352 -0.4999999910036274
9.528 1.323249306380352 -0.49999999086770675
9.556000000000001 1.3288493063803521 -0.499999990736473
9.591 1.3358493063803518 -0.49999999057243083
9.615 1.340649306380352 -0.4999999904599448
9.646 1.3468493063803522 -0.4999999903146503
9.675 1.3526493063803522 -0.49999999017872965
9.7 1.3576493063803519 -0.49999999006155665
9.723 1.3622493063803522 -0.4999999899537575
9.756 1.3688493063803522 -0.49999998979908916
9.786 1.374849306380352 -0.4999999896584816
9.803 1.378249306380352 -0.499999989578804
9.828 1.3832493063803517 -0.499999989461631
9.86 1.3896493063803517 -0.4999999893116496
9.895 1.3966493063803518 -0.4999999891476074
9.918 1.4012493063803517 -0.49999998903980825
9.947 1.4070493063803517 -0.4999999889038876
9.978 1.413249306380352 -0.4999999887585931
10.01 1.419649306380352 -0.49999998860861167
10.038 1.425249306380352 -0.4999999884773779
10.067 1.431049306380352 -0.49999998834145726
10.097 1.4370493063803518 -0.4999999882008497
10.126 1.4428493063803516 -0.499999988064929
10.156 1.4488493063803518 -0.49999998792432143
10.185 1.4546493063803518 -0.49999998778840077
10.214 1.4604493063803516 -0.49999998765248016
10.244 1.4664493063803514 -0.4999999875118726
10.274000000000001 1.4724493063803517 -0.499999987371265
10.303 1.4782493063803515 -0.49999998723534433
10.332 1.4840493063803515 -0.49999998709942367
10.362 1.4900493063803513 -0.4999999869588161
10.392 1.496049306380351 -0.4999999868182085
10.42 1.5016493063803513 -0.49999998668697476
10.45 1.507649306380351 -0.4999999865463672
10.479 1.5134493063803511 -0.4999999864104465
10.518 1.5212493063803514 -0.4999999862276566
10.538 1.5252493063803514 -0.4999999861339182
10.571 1.5318493063803513 -0.4999999859792499
10.599 1.5374493063803514 -0.49999998584801614
10.627 1.5430493063803516 -0.4999999857167824
10.657 1.5490493063803514 -0.4999999855761748
10.686 1.5548493063803515 -0.49999998544025415
10.711 1.5598493063803516 -0.49999998532308115
10.737 1.5650493063803514 -0.49999998520122124
10.769 1.5714493063803514 -0.4999999850512398
10.799 1.5774493063803512 -0.49999998491063224
10.828 1.5832493063803512 -0.4999999847747116
10.864 1.5904493063803515 -0.4999999846059825
10.886 1.5948493063803513 -0.49999998450287025
10.917 1.6010493063803513 -0.49999998435757576
10.944 1.6064493063803515 -0.4999999842310289
10.968 1.6112493063803515 -0.49999998411854285
10.99 1.6156493063803514 -0.4999999840154306
11.009 1.6194493063803514 -0.4999999839263792
11.042 1.6260493063803514 -0.49999998377171084
11.064 1.6304493063803513 -0.4999999836685986
11.084 1.6344493063803514 -0.4999999835748602
11.103 1.6382493063803514 -0.4999999834858087
11.135 1.6446493063803513 -0.4999999833358273
11.16 1.6496493063803515 -0.4999999832186543
11.261 1.6698493063803512 -0.49999998274527546
11.353 1.6882493063803512 -0.4999999823140789
11.427 1.7030493063803511 -0.4999999819672468
11.529 1.7234493063803513 -0.49999998148918107
11.61 1.7396493063803513 -0.49999998110954064
11.695 1.7549493063803514 -0.49999998075099134
11.793 1.7706293063803513 -0.4999999803835369
11.891 1.7843493063803515 -0.49999998006201424
11.98 1.7950293063803515 -0.4999999798117327
12.079 1.8049293063803515 -0.49999997957973025
12.175 1.8126093063803514 -0.49999997939975255
12.26 1.8177093063803513 -0.4999999792802361
12.326 1.8203493063803513 -0.49999997921836875
12.415 1.8221293063803512 -0.4999999791766552
12.504 1.8221293063803512 -0.4999999791766552
12.601 1.8221293063803512 -0.4999999791766552
12.696 1.8221293063803512 -0.4999999791766552
12.793 1.8221293063803512 -0.4999999791766552
12.871 1.8221293063803512 -0.4999999791766552
12.959 1.8221293063803512 -0.4999999791766552
13.056 1.8221293063803512 -0.4999999791766552
13.154 1.8221293063803512 -0.4999999791766552
13.241 1.8221293063803512 -0.4999999791766552
13.312 1.8221293063803512 -0.4999999791766552
